{"scene_id":"botswana","mask_id":"swir","mask_label":"SWIR-only (1100-2500 nm)","mask_description":"Shortwave-infrared bands only. Removes VNIR signal so topics can only express mineral / moisture absorption regions.","spatial_shape":[1476,256],"topic_count":12,"document_count":2775,"vocabulary_size":97,"n_bands_full":145,"n_bands_kept":97,"kept_band_indices":[48,49,50,51,52,53,54,55,56,57,58,59,60,61,62,63,64,65,66,67,68,69,70,71,72,73,74,75,76,77,78,79,80,81,82,83,84,85,86,87,88,89,90,91,92,93,94,95,96,97,98,99,100,101,102,103,104,105,106,107,108,109,110,111,112,113,114,115,116,117,118,119,120,121,122,123,124,125,126,127,128,129,130,131,132,133,134,135,136,137,138,139,140,141,142,143,144],"wavelengths_nm_kept_first_last":[1100.0,2500.0],"wavelengths_nm_kept":[1100.0,1114.58,1129.17,1143.75,1158.33,1172.92,1187.5,1202.08,1216.67,1231.25,1245.83,1260.42,1275.0,1289.58,1304.17,1318.75,1333.33,1347.92,1362.5,1377.08,1391.67,1406.25,1420.83,1435.42,1450.0,1464.58,1479.17,1493.75,1508.33,1522.92,1537.5,1552.08,1566.67,1581.25,1595.83,1610.42,1625.0,1639.58,1654.17,1668.75,1683.33,1697.92,1712.5,1727.08,1741.67,1756.25,1770.83,1785.42,1800.0,1814.58,1829.17,1843.75,1858.33,1872.92,1887.5,1902.08,1916.67,1931.25,1945.83,1960.42,1975.0,1989.58,2004.17,2018.75,2033.33,2047.92,2062.5,2077.08,2091.67,2106.25,2120.83,2135.42,2150.0,2164.58,2179.17,2193.75,2208.33,2222.92,2237.5,2252.08,2266.67,2281.25,2295.83,2310.42,2325.0,2339.58,2354.17,2368.75,2383.33,2397.92,2412.5,2427.08,2441.67,2456.25,2470.83,2485.42,2500.0],"topic_prevalence":[0.058831,0.056914,0.06684,0.063849,0.074489,0.119932,0.076794,0.058438,0.056728,0.057706,0.232743,0.076738],"topic_distance_cosine":[[0.0,0.040592,0.032882,0.029182,0.056545,0.061588,0.032682,0.031984,0.039842,0.029712,0.097248,0.034492],[0.040592,0.0,0.061171,0.051255,0.028476,0.119555,0.067049,0.037448,0.038992,0.043231,0.161522,0.072673],[0.032882,0.061171,0.0,0.034479,0.087201,0.059594,0.039579,0.045577,0.057875,0.041479,0.109448,0.037432],[0.029182,0.051255,0.034479,0.0,0.075415,0.051083,0.032739,0.044249,0.054274,0.0416,0.086484,0.033536],[0.056545,0.028476,0.087201,0.075415,0.0,0.167756,0.097256,0.045561,0.033288,0.05122,0.219054,0.104532],[0.061588,0.119555,0.059594,0.051083,0.167756,0.0,0.033699,0.094747,0.130905,0.075639,0.033588,0.038116],[0.032682,0.067049,0.039579,0.032739,0.097256,0.033699,0.0,0.061716,0.076043,0.047306,0.052661,0.025486],[0.031984,0.037448,0.045577,0.044249,0.045561,0.094747,0.061716,0.0,0.039662,0.031222,0.143541,0.054129],[0.039842,0.038992,0.057875,0.054274,0.033288,0.130905,0.076043,0.039662,0.0,0.042799,0.18704,0.07154],[0.029712,0.043231,0.041479,0.0416,0.05122,0.075639,0.047306,0.031222,0.042799,0.0,0.115956,0.040447],[0.097248,0.161522,0.109448,0.086484,0.219054,0.033588,0.052661,0.143541,0.18704,0.115956,0.0,0.069179],[0.034492,0.072673,0.037432,0.033536,0.104532,0.038116,0.025486,0.054129,0.07154,0.040447,0.069179,0.0]],"top_words_per_topic_lambda_05":[["1275nm","1756nm","2106nm","1858nm","1158nm","1450nm","1698nm","1523nm","1392nm","1173nm","1435nm","1683nm","1260nm","1610nm","1771nm"],["1567nm","2471nm","2019nm","2048nm","1640nm","2485nm","2383nm","1902nm","2135nm","2442nm","2194nm","2238nm","2398nm","2500nm","2252nm"],["1858nm","1479nm","1902nm","1888nm","1727nm","1508nm","1654nm","1844nm","1785nm","1931nm","1640nm","1946nm","1917nm","2004nm","1698nm"],["1829nm","1158nm","1508nm","2004nm","1465nm","1552nm","1144nm","1333nm","1990nm","1494nm","1742nm","1406nm","1800nm","2427nm","1362nm"],["2500nm","2369nm","2471nm","2062nm","2077nm","2267nm","2033nm","2398nm","2456nm","2238nm","2208nm","2019nm","2048nm","2442nm","2223nm"],["1465nm","1508nm","1290nm","1231nm","1304nm","1217nm","1421nm","1275nm","1538nm","1494nm","1523nm","1260nm","1377nm","1406nm","1450nm"],["1406nm","1217nm","1435nm","1523nm","1508nm","1188nm","1450nm","1100nm","1815nm","1479nm","1115nm","1304nm","1275nm","1202nm","1173nm"],["2004nm","1421nm","1990nm","2325nm","2500nm","1698nm","1727nm","2062nm","2019nm","2485nm","1538nm","1275nm","1800nm","1567nm","1552nm"],["2281nm","2310nm","1960nm","2296nm","1610nm","2062nm","2325nm","1654nm","2252nm","2179nm","1990nm","2485nm","1771nm","2383nm","2092nm"],["1377nm","1712nm","2150nm","1246nm","1115nm","1931nm","1800nm","1742nm","1421nm","2223nm","1683nm","1946nm","2354nm","1494nm","1450nm"],["1173nm","1188nm","1115nm","1202nm","1246nm","1129nm","1144nm","1275nm","1260nm","1100nm","1158nm","1290nm","1217nm","1435nm","1231nm"],["1494nm","1538nm","1523nm","1406nm","1479nm","1115nm","1319nm","1960nm","1304nm","1785nm","1421nm","1362nm","1771nm","1260nm","1392nm"]],"p_label_given_topic_dominant":[[{"label_id":1,"name":"Water","count":1,"p":0.16666666666666666},{"label_id":2,"name":"Hippo grass","count":0,"p":0.0},{"label_id":3,"name":"Floodplain grasses 1","count":1,"p":0.16666666666666666},{"label_id":4,"name":"Floodplain grasses 2","count":0,"p":0.0},{"label_id":5,"name":"Reeds","count":0,"p":0.0},{"label_id":6,"name":"Riparian","count":0,"p":0.0},{"label_id":7,"name":"Firescar","count":0,"p":0.0},{"label_id":8,"name":"Island interior","count":0,"p":0.0},{"label_id":9,"name":"Acacia woodlands","count":0,"p":0.0},{"label_id":10,"name":"Acacia shrublands","count":1,"p":0.16666666666666666},{"label_id":11,"name":"Acacia grasslands","count":3,"p":0.5},{"label_id":12,"name":"Short mopane","count":0,"p":0.0},{"label_id":13,"name":"Mixed mopane","count":0,"p":0.0},{"label_id":14,"name":"Exposed soils","count":0,"p":0.0}],[{"label_id":1,"name":"Water","count":10,"p":0.5},{"label_id":2,"name":"Hippo grass","count":0,"p":0.0},{"label_id":3,"name":"Floodplain grasses 1","count":1,"p":0.05},{"label_id":4,"name":"Floodplain grasses 2","count":1,"p":0.05},{"label_id":5,"name":"Reeds","count":0,"p":0.0},{"label_id":6,"name":"Riparian","count":0,"p":0.0},{"label_id":7,"name":"Firescar","count":2,"p":0.1},{"label_id":8,"name":"Island interior","count":0,"p":0.0},{"label_id":9,"name":"Acacia woodlands","count":0,"p":0.0},{"label_id":10,"name":"Acacia shrublands","count":0,"p":0.0},{"label_id":11,"name":"Acacia grasslands","count":4,"p":0.2},{"label_id":12,"name":"Short mopane","count":0,"p":0.0},{"label_id":13,"name":"Mixed mopane","count":0,"p":0.0},{"label_id":14,"name":"Exposed soils","count":2,"p":0.1}],[{"label_id":1,"name":"Water","count":15,"p":0.06382978723404255},{"label_id":2,"name":"Hippo grass","count":0,"p":0.0},{"label_id":3,"name":"Floodplain grasses 1","count":90,"p":0.3829787234042553},{"label_id":4,"name":"Floodplain grasses 2","count":1,"p":0.00425531914893617},{"label_id":5,"name":"Reeds","count":0,"p":0.0},{"label_id":6,"name":"Riparian","count":0,"p":0.0},{"label_id":7,"name":"Firescar","count":1,"p":0.00425531914893617},{"label_id":8,"name":"Island interior","count":20,"p":0.0851063829787234},{"label_id":9,"name":"Acacia woodlands","count":0,"p":0.0},{"label_id":10,"name":"Acacia shrublands","count":74,"p":0.3148936170212766},{"label_id":11,"name":"Acacia grasslands","count":34,"p":0.14468085106382977},{"label_id":12,"name":"Short mopane","count":0,"p":0.0},{"label_id":13,"name":"Mixed mopane","count":0,"p":0.0},{"label_id":14,"name":"Exposed soils","count":0,"p":0.0}],[{"label_id":1,"name":"Water","count":2,"p":0.16666666666666666},{"label_id":2,"name":"Hippo grass","count":0,"p":0.0},{"label_id":3,"name":"Floodplain grasses 1","count":0,"p":0.0},{"label_id":4,"name":"Floodplain grasses 2","count":0,"p":0.0},{"label_id":5,"name":"Reeds","count":0,"p":0.0},{"label_id":6,"name":"Riparian","count":0,"p":0.0},{"label_id":7,"name":"Firescar","count":0,"p":0.0},{"label_id":8,"name":"Island interior","count":0,"p":0.0},{"label_id":9,"name":"Acacia woodlands","count":0,"p":0.0},{"label_id":10,"name":"Acacia shrublands","count":8,"p":0.6666666666666666},{"label_id":11,"name":"Acacia grasslands","count":2,"p":0.16666666666666666},{"label_id":12,"name":"Short mopane","count":0,"p":0.0},{"label_id":13,"name":"Mixed mopane","count":0,"p":0.0},{"label_id":14,"name":"Exposed soils","count":0,"p":0.0}],[{"label_id":1,"name":"Water","count":47,"p":0.1010752688172043},{"label_id":2,"name":"Hippo grass","count":0,"p":0.0},{"label_id":3,"name":"Floodplain grasses 1","count":11,"p":0.023655913978494623},{"label_id":4,"name":"Floodplain grasses 2","count":13,"p":0.02795698924731183},{"label_id":5,"name":"Reeds","count":0,"p":0.0},{"label_id":6,"name":"Riparian","count":0,"p":0.0},{"label_id":7,"name":"Firescar","count":205,"p":0.44086021505376344},{"label_id":8,"name":"Island interior","count":0,"p":0.0},{"label_id":9,"name":"Acacia woodlands","count":0,"p":0.0},{"label_id":10,"name":"Acacia shrublands","count":2,"p":0.004301075268817204},{"label_id":11,"name":"Acacia grasslands","count":110,"p":0.23655913978494625},{"label_id":12,"name":"Short mopane","count":0,"p":0.0},{"label_id":13,"name":"Mixed mopane","count":0,"p":0.0},{"label_id":14,"name":"Exposed soils","count":77,"p":0.16559139784946236}],[{"label_id":1,"name":"Water","count":3,"p":0.02654867256637168},{"label_id":2,"name":"Hippo grass","count":0,"p":0.0},{"label_id":3,"name":"Floodplain grasses 1","count":40,"p":0.35398230088495575},{"label_id":4,"name":"Floodplain grasses 2","count":2,"p":0.017699115044247787},{"label_id":5,"name":"Reeds","count":0,"p":0.0},{"label_id":6,"name":"Riparian","count":0,"p":0.0},{"label_id":7,"name":"Firescar","count":0,"p":0.0},{"label_id":8,"name":"Island interior","count":28,"p":0.24778761061946902},{"label_id":9,"name":"Acacia woodlands","count":3,"p":0.02654867256637168},{"label_id":10,"name":"Acacia shrublands","count":35,"p":0.30973451327433627},{"label_id":11,"name":"Acacia grasslands","count":1,"p":0.008849557522123894},{"label_id":12,"name":"Short mopane","count":0,"p":0.0},{"label_id":13,"name":"Mixed mopane","count":1,"p":0.008849557522123894},{"label_id":14,"name":"Exposed soils","count":0,"p":0.0}],[{"label_id":1,"name":"Water","count":1,"p":0.14285714285714285},{"label_id":2,"name":"Hippo grass","count":0,"p":0.0},{"label_id":3,"name":"Floodplain grasses 1","count":4,"p":0.5714285714285714},{"label_id":4,"name":"Floodplain grasses 2","count":2,"p":0.2857142857142857},{"label_id":5,"name":"Reeds","count":0,"p":0.0},{"label_id":6,"name":"Riparian","count":0,"p":0.0},{"label_id":7,"name":"Firescar","count":0,"p":0.0},{"label_id":8,"name":"Island interior","count":0,"p":0.0},{"label_id":9,"name":"Acacia woodlands","count":0,"p":0.0},{"label_id":10,"name":"Acacia shrublands","count":0,"p":0.0},{"label_id":11,"name":"Acacia grasslands","count":0,"p":0.0},{"label_id":12,"name":"Short mopane","count":0,"p":0.0},{"label_id":13,"name":"Mixed mopane","count":0,"p":0.0},{"label_id":14,"name":"Exposed soils","count":0,"p":0.0}],[{"label_id":1,"name":"Water","count":22,"p":0.5116279069767442},{"label_id":2,"name":"Hippo grass","count":0,"p":0.0},{"label_id":3,"name":"Floodplain grasses 1","count":0,"p":0.0},{"label_id":4,"name":"Floodplain grasses 2","count":0,"p":0.0},{"label_id":5,"name":"Reeds","count":0,"p":0.0},{"label_id":6,"name":"Riparian","count":0,"p":0.0},{"label_id":7,"name":"Firescar","count":0,"p":0.0},{"label_id":8,"name":"Island interior","count":0,"p":0.0},{"label_id":9,"name":"Acacia woodlands","count":0,"p":0.0},{"label_id":10,"name":"Acacia shrublands","count":7,"p":0.16279069767441862},{"label_id":11,"name":"Acacia grasslands","count":14,"p":0.32558139534883723},{"label_id":12,"name":"Short mopane","count":0,"p":0.0},{"label_id":13,"name":"Mixed mopane","count":0,"p":0.0},{"label_id":14,"name":"Exposed soils","count":0,"p":0.0}],[{"label_id":1,"name":"Water","count":2,"p":0.03225806451612903},{"label_id":2,"name":"Hippo grass","count":0,"p":0.0},{"label_id":3,"name":"Floodplain grasses 1","count":7,"p":0.11290322580645161},{"label_id":4,"name":"Floodplain grasses 2","count":1,"p":0.016129032258064516},{"label_id":5,"name":"Reeds","count":0,"p":0.0},{"label_id":6,"name":"Riparian","count":0,"p":0.0},{"label_id":7,"name":"Firescar","count":3,"p":0.04838709677419355},{"label_id":8,"name":"Island interior","count":1,"p":0.016129032258064516},{"label_id":9,"name":"Acacia woodlands","count":0,"p":0.0},{"label_id":10,"name":"Acacia shrublands","count":8,"p":0.12903225806451613},{"label_id":11,"name":"Acacia grasslands","count":40,"p":0.6451612903225806},{"label_id":12,"name":"Short mopane","count":0,"p":0.0},{"label_id":13,"name":"Mixed mopane","count":0,"p":0.0},{"label_id":14,"name":"Exposed soils","count":0,"p":0.0}],[{"label_id":1,"name":"Water","count":7,"p":0.4375},{"label_id":2,"name":"Hippo grass","count":0,"p":0.0},{"label_id":3,"name":"Floodplain grasses 1","count":4,"p":0.25},{"label_id":4,"name":"Floodplain grasses 2","count":0,"p":0.0},{"label_id":5,"name":"Reeds","count":0,"p":0.0},{"label_id":6,"name":"Riparian","count":0,"p":0.0},{"label_id":7,"name":"Firescar","count":1,"p":0.0625},{"label_id":8,"name":"Island interior","count":0,"p":0.0},{"label_id":9,"name":"Acacia woodlands","count":0,"p":0.0},{"label_id":10,"name":"Acacia shrublands","count":1,"p":0.0625},{"label_id":11,"name":"Acacia grasslands","count":3,"p":0.1875},{"label_id":12,"name":"Short mopane","count":0,"p":0.0},{"label_id":13,"name":"Mixed mopane","count":0,"p":0.0},{"label_id":14,"name":"Exposed soils","count":0,"p":0.0}],[{"label_id":1,"name":"Water","count":104,"p":0.06172106824925816},{"label_id":2,"name":"Hippo grass","count":101,"p":0.0599406528189911},{"label_id":3,"name":"Floodplain grasses 1","count":7,"p":0.004154302670623145},{"label_id":4,"name":"Floodplain grasses 2","count":195,"p":0.11572700296735905},{"label_id":5,"name":"Reeds","count":220,"p":0.13056379821958458},{"label_id":6,"name":"Riparian","count":220,"p":0.13056379821958458},{"label_id":7,"name":"Firescar","count":8,"p":0.004747774480712166},{"label_id":8,"name":"Island interior","count":140,"p":0.0830860534124629},{"label_id":9,"name":"Acacia woodlands","count":217,"p":0.1287833827893175},{"label_id":10,"name":"Acacia shrublands","count":55,"p":0.032640949554896145},{"label_id":11,"name":"Acacia grasslands","count":2,"p":0.0011869436201780415},{"label_id":12,"name":"Short mopane","count":181,"p":0.10741839762611276},{"label_id":13,"name":"Mixed mopane","count":219,"p":0.12997032640949555},{"label_id":14,"name":"Exposed soils","count":16,"p":0.009495548961424332}],[{"label_id":1,"name":"Water","count":6,"p":0.05405405405405406},{"label_id":2,"name":"Hippo grass","count":0,"p":0.0},{"label_id":3,"name":"Floodplain grasses 1","count":55,"p":0.4954954954954955},{"label_id":4,"name":"Floodplain grasses 2","count":0,"p":0.0},{"label_id":5,"name":"Reeds","count":0,"p":0.0},{"label_id":6,"name":"Riparian","count":0,"p":0.0},{"label_id":7,"name":"Firescar","count":0,"p":0.0},{"label_id":8,"name":"Island interior","count":14,"p":0.12612612612612611},{"label_id":9,"name":"Acacia woodlands","count":0,"p":0.0},{"label_id":10,"name":"Acacia shrublands","count":29,"p":0.26126126126126126},{"label_id":11,"name":"Acacia grasslands","count":7,"p":0.06306306306306306},{"label_id":12,"name":"Short mopane","count":0,"p":0.0},{"label_id":13,"name":"Mixed mopane","count":0,"p":0.0},{"label_id":14,"name":"Exposed soils","count":0,"p":0.0}]],"docs_per_topic_dominant":[6,20,235,12,465,113,7,43,62,16,1685,111],"perplexity_train":100.6215746544774,"ari_dominant_vs_label":0.09796231974281612,"mean_confidence":0.28159624338150024,"lda_config":{"method":"sklearn.LatentDirichletAllocation online","max_iter":60,"doc_topic_prior":0.45,"topic_word_prior":0.2,"random_state":42,"wordification":"band-frequency","quantization_scale":12,"samples_per_class":220},"dominant_topic_map":{"format":"binary_uint8","shape":[1476,256],"sentinel_unlabelled":255,"served_path":"data/derived/band_masks/botswana/swir/dominant_topic_map.bin"},"theta_grid":{"format":"binary_float32","shape":[1476,256,12],"dtype":"float32","sentinel":"all_zero_vector","byte_order":"little_endian","served_path":"data/derived/band_masks/botswana/swir/theta_grid.bin"},"generated_at":"2026-05-13T02:20:26Z","builder_version":"build_band_masked_topic_models v0.1"}