{"scene_id":"botswana","variant":"tomotopy_ctm","topic_count":12,"vocabulary_size":145,"document_count":2775,"topic_prevalence":[0.083285,0.084413,0.083231,0.083914,0.083064,0.082838,0.083416,0.082361,0.083784,0.083158,0.083564,0.082973],"top_words_per_topic":[[{"token":"0488nm","p_w_given_topic":0.038484},{"token":"0458nm","p_w_given_topic":0.03106},{"token":"1450nm","p_w_given_topic":0.027199},{"token":"0910nm","p_w_given_topic":0.024884},{"token":"0575nm","p_w_given_topic":0.022965},{"token":"0473nm","p_w_given_topic":0.022128},{"token":"0560nm","p_w_given_topic":0.022001},{"token":"0444nm","p_w_given_topic":0.020314},{"token":"0706nm","p_w_given_topic":0.020299},{"token":"0429nm","p_w_given_topic":0.019985},{"token":"1246nm","p_w_given_topic":0.01988},{"token":"1042nm","p_w_given_topic":0.019193},{"token":"0604nm","p_w_given_topic":0.01891},{"token":"1188nm","p_w_given_topic":0.018439},{"token":"0808nm","p_w_given_topic":0.018081},{"token":"0662nm","p_w_given_topic":0.017991},{"token":"1217nm","p_w_given_topic":0.017662},{"token":"0838nm","p_w_given_topic":0.017513},{"token":"1377nm","p_w_given_topic":0.017483},{"token":"0502nm","p_w_given_topic":0.017401},{"token":"0983nm","p_w_given_topic":0.017259},{"token":"0998nm","p_w_given_topic":0.017065},{"token":"0794nm","p_w_given_topic":0.016721},{"token":"1129nm","p_w_given_topic":0.016617},{"token":"0940nm","p_w_given_topic":0.016467},{"token":"0881nm","p_w_given_topic":0.016318},{"token":"0779nm","p_w_given_topic":0.015653},{"token":"1654nm","p_w_given_topic":0.015541},{"token":"0415nm","p_w_given_topic":0.015071},{"token":"1085nm","p_w_given_topic":0.014929}],[{"token":"0473nm","p_w_given_topic":0.039508},{"token":"0458nm","p_w_given_topic":0.038103},{"token":"0415nm","p_w_given_topic":0.031982},{"token":"0531nm","p_w_given_topic":0.030488},{"token":"0444nm","p_w_given_topic":0.02986},{"token":"0706nm","p_w_given_topic":0.029239},{"token":"0954nm","p_w_given_topic":0.028263},{"token":"0560nm","p_w_given_topic":0.027457},{"token":"0662nm","p_w_given_topic":0.026112},{"token":"1158nm","p_w_given_topic":0.022741},{"token":"0867nm","p_w_given_topic":0.022526},{"token":"0429nm","p_w_given_topic":0.020648},{"token":"0721nm","p_w_given_topic":0.020619},{"token":"1042nm","p_w_given_topic":0.019717},{"token":"0633nm","p_w_given_topic":0.019421},{"token":"1698nm","p_w_given_topic":0.019044},{"token":"0983nm","p_w_given_topic":0.018948},{"token":"0881nm","p_w_given_topic":0.0188},{"token":"0823nm","p_w_given_topic":0.017906},{"token":"0546nm","p_w_given_topic":0.017669},{"token":"1100nm","p_w_given_topic":0.017373},{"token":"1494nm","p_w_given_topic":0.0169},{"token":"1012nm","p_w_given_topic":0.015666},{"token":"1056nm","p_w_given_topic":0.015518},{"token":"0969nm","p_w_given_topic":0.015237},{"token":"0794nm","p_w_given_topic":0.015096},{"token":"0808nm","p_w_given_topic":0.014941},{"token":"0838nm","p_w_given_topic":0.014697},{"token":"1712nm","p_w_given_topic":0.014076},{"token":"1085nm","p_w_given_topic":0.013492}],[{"token":"1158nm","p_w_given_topic":0.038424},{"token":"0838nm","p_w_given_topic":0.036973},{"token":"0517nm","p_w_given_topic":0.023307},{"token":"0677nm","p_w_given_topic":0.022013},{"token":"1027nm","p_w_given_topic":0.021864},{"token":"0590nm","p_w_given_topic":0.02179},{"token":"1231nm","p_w_given_topic":0.020897},{"token":"0896nm","p_w_given_topic":0.020584},{"token":"1100nm","p_w_given_topic":0.020413},{"token":"0925nm","p_w_given_topic":0.020019},{"token":"0488nm","p_w_given_topic":0.020019},{"token":"0604nm","p_w_given_topic":0.019878},{"token":"0954nm","p_w_given_topic":0.019841},{"token":"0575nm","p_w_given_topic":0.018873},{"token":"0823nm","p_w_given_topic":0.018762},{"token":"0560nm","p_w_given_topic":0.018338},{"token":"0619nm","p_w_given_topic":0.01833},{"token":"0429nm","p_w_given_topic":0.017914},{"token":"0983nm","p_w_given_topic":0.017237},{"token":"1435nm","p_w_given_topic":0.017006},{"token":"0910nm","p_w_given_topic":0.016805},{"token":"0779nm","p_w_given_topic":0.016619},{"token":"1115nm","p_w_given_topic":0.016017},{"token":"0794nm","p_w_given_topic":0.015712},{"token":"0940nm","p_w_given_topic":0.015689},{"token":"0546nm","p_w_given_topic":0.015377},{"token":"1275nm","p_w_given_topic":0.015347},{"token":"0473nm","p_w_given_topic":0.014819},{"token":"1319nm","p_w_given_topic":0.014499},{"token":"1144nm","p_w_given_topic":0.013926}],[{"token":"0590nm","p_w_given_topic":0.051644},{"token":"1115nm","p_w_given_topic":0.035849},{"token":"0910nm","p_w_given_topic":0.033627},{"token":"1100nm","p_w_given_topic":0.030206},{"token":"0458nm","p_w_given_topic":0.02674},{"token":"1042nm","p_w_given_topic":0.024978},{"token":"0721nm","p_w_given_topic":0.023719},{"token":"1129nm","p_w_given_topic":0.022201},{"token":"1027nm","p_w_given_topic":0.021727},{"token":"0429nm","p_w_given_topic":0.020535},{"token":"0852nm","p_w_given_topic":0.020335},{"token":"1202nm","p_w_given_topic":0.019728},{"token":"1056nm","p_w_given_topic":0.019365},{"token":"0400nm","p_w_given_topic":0.019069},{"token":"0765nm","p_w_given_topic":0.017528},{"token":"0881nm","p_w_given_topic":0.017351},{"token":"1012nm","p_w_given_topic":0.017299},{"token":"1319nm","p_w_given_topic":0.017091},{"token":"0604nm","p_w_given_topic":0.017032},{"token":"1188nm","p_w_given_topic":0.016988},{"token":"1362nm","p_w_given_topic":0.016914},{"token":"0444nm","p_w_given_topic":0.016617},{"token":"0517nm","p_w_given_topic":0.015292},{"token":"1085nm","p_w_given_topic":0.01527},{"token":"0940nm","p_w_given_topic":0.014174},{"token":"1260nm","p_w_given_topic":0.013507},{"token":"0662nm","p_w_given_topic":0.013448},{"token":"0808nm","p_w_given_topic":0.013293},{"token":"1392nm","p_w_given_topic":0.013204},{"token":"0794nm","p_w_given_topic":0.012641}],[{"token":"0415nm","p_w_given_topic":0.043124},{"token":"1144nm","p_w_given_topic":0.038197},{"token":"0531nm","p_w_given_topic":0.033883},{"token":"0502nm","p_w_given_topic":0.027349},{"token":"0429nm","p_w_given_topic":0.027012},{"token":"0910nm","p_w_given_topic":0.026474},{"token":"0940nm","p_w_given_topic":0.024059},{"token":"0954nm","p_w_given_topic":0.021151},{"token":"1202nm","p_w_given_topic":0.021069},{"token":"1523nm","p_w_given_topic":0.020912},{"token":"0692nm","p_w_given_topic":0.020717},{"token":"0998nm","p_w_given_topic":0.020067},{"token":"0473nm","p_w_given_topic":0.019917},{"token":"1406nm","p_w_given_topic":0.019596},{"token":"0808nm","p_w_given_topic":0.019528},{"token":"1217nm","p_w_given_topic":0.018773},{"token":"0896nm","p_w_given_topic":0.018654},{"token":"1100nm","p_w_given_topic":0.01822},{"token":"0750nm","p_w_given_topic":0.018041},{"token":"1056nm","p_w_given_topic":0.017914},{"token":"1042nm","p_w_given_topic":0.017884},{"token":"0969nm","p_w_given_topic":0.017749},{"token":"0400nm","p_w_given_topic":0.017338},{"token":"0867nm","p_w_given_topic":0.017188},{"token":"1435nm","p_w_given_topic":0.016231},{"token":"1188nm","p_w_given_topic":0.015895},{"token":"0517nm","p_w_given_topic":0.01579},{"token":"0765nm","p_w_given_topic":0.014572},{"token":"1027nm","p_w_given_topic":0.014235},{"token":"0779nm","p_w_given_topic":0.014071}],[{"token":"0969nm","p_w_given_topic":0.046852},{"token":"1129nm","p_w_given_topic":0.028819},{"token":"1246nm","p_w_given_topic":0.027848},{"token":"1202nm","p_w_given_topic":0.025032},{"token":"0867nm","p_w_given_topic":0.024838},{"token":"0896nm","p_w_given_topic":0.022955},{"token":"0881nm","p_w_given_topic":0.021499},{"token":"0633nm","p_w_given_topic":0.020961},{"token":"0458nm","p_w_given_topic":0.020744},{"token":"0852nm","p_w_given_topic":0.020117},{"token":"0692nm","p_w_given_topic":0.019885},{"token":"1217nm","p_w_given_topic":0.019049},{"token":"0604nm","p_w_given_topic":0.018989},{"token":"0444nm","p_w_given_topic":0.018234},{"token":"0429nm","p_w_given_topic":0.018152},{"token":"0502nm","p_w_given_topic":0.018018},{"token":"0488nm","p_w_given_topic":0.017106},{"token":"0546nm","p_w_given_topic":0.017069},{"token":"0750nm","p_w_given_topic":0.016935},{"token":"0808nm","p_w_given_topic":0.016935},{"token":"1465nm","p_w_given_topic":0.016509},{"token":"0983nm","p_w_given_topic":0.01633},{"token":"0517nm","p_w_given_topic":0.016135},{"token":"1377nm","p_w_given_topic":0.015553},{"token":"1771nm","p_w_given_topic":0.015134},{"token":"1056nm","p_w_given_topic":0.015134},{"token":"0779nm","p_w_given_topic":0.014447},{"token":"0838nm","p_w_given_topic":0.014193},{"token":"1231nm","p_w_given_topic":0.014029},{"token":"0619nm","p_w_given_topic":0.013573}],[{"token":"1012nm","p_w_given_topic":0.030809},{"token":"0969nm","p_w_given_topic":0.030498},{"token":"0838nm","p_w_given_topic":0.02874},{"token":"0502nm","p_w_given_topic":0.027886},{"token":"0794nm","p_w_given_topic":0.027567},{"token":"0867nm","p_w_given_topic":0.027174},{"token":"0619nm","p_w_given_topic":0.026447},{"token":"0400nm","p_w_given_topic":0.026225},{"token":"0765nm","p_w_given_topic":0.023851},{"token":"0779nm","p_w_given_topic":0.023784},{"token":"0488nm","p_w_given_topic":0.022953},{"token":"0429nm","p_w_given_topic":0.021699},{"token":"1231nm","p_w_given_topic":0.021633},{"token":"0998nm","p_w_given_topic":0.020757},{"token":"1406nm","p_w_given_topic":0.020475},{"token":"0444nm","p_w_given_topic":0.020394},{"token":"0925nm","p_w_given_topic":0.020327},{"token":"1275nm","p_w_given_topic":0.019696},{"token":"1800nm","p_w_given_topic":0.019437},{"token":"1027nm","p_w_given_topic":0.016373},{"token":"0604nm","p_w_given_topic":0.015705},{"token":"1129nm","p_w_given_topic":0.015572},{"token":"0750nm","p_w_given_topic":0.014756},{"token":"0517nm","p_w_given_topic":0.014563},{"token":"0881nm","p_w_given_topic":0.014481},{"token":"0575nm","p_w_given_topic":0.01417},{"token":"1348nm","p_w_given_topic":0.01411},{"token":"1144nm","p_w_given_topic":0.014103},{"token":"1435nm","p_w_given_topic":0.013383},{"token":"0458nm","p_w_given_topic":0.012923}],[{"token":"0896nm","p_w_given_topic":0.034734},{"token":"1027nm","p_w_given_topic":0.030876},{"token":"0925nm","p_w_given_topic":0.026126},{"token":"0415nm","p_w_given_topic":0.025084},{"token":"1465nm","p_w_given_topic":0.023683},{"token":"1173nm","p_w_given_topic":0.022372},{"token":"0969nm","p_w_given_topic":0.021705},{"token":"1260nm","p_w_given_topic":0.021466},{"token":"1012nm","p_w_given_topic":0.020611},{"token":"0560nm","p_w_given_topic":0.020417},{"token":"0838nm","p_w_given_topic":0.020334},{"token":"1727nm","p_w_given_topic":0.020147},{"token":"1144nm","p_w_given_topic":0.018574},{"token":"0750nm","p_w_given_topic":0.018229},{"token":"0648nm","p_w_given_topic":0.017667},{"token":"0473nm","p_w_given_topic":0.017607},{"token":"0998nm","p_w_given_topic":0.017592},{"token":"0735nm","p_w_given_topic":0.01715},{"token":"0488nm","p_w_given_topic":0.017113},{"token":"0604nm","p_w_given_topic":0.016131},{"token":"0954nm","p_w_given_topic":0.015472},{"token":"0867nm","p_w_given_topic":0.015262},{"token":"0779nm","p_w_given_topic":0.014895},{"token":"0546nm","p_w_given_topic":0.014722},{"token":"1188nm","p_w_given_topic":0.014086},{"token":"0794nm","p_w_given_topic":0.014086},{"token":"0531nm","p_w_given_topic":0.013696},{"token":"0633nm","p_w_given_topic":0.013569},{"token":"0881nm","p_w_given_topic":0.013284},{"token":"1158nm","p_w_given_topic":0.013179}],[{"token":"0881nm","p_w_given_topic":0.034464},{"token":"1056nm","p_w_given_topic":0.032324},{"token":"0983nm","p_w_given_topic":0.03077},{"token":"1042nm","p_w_given_topic":0.02963},{"token":"0502nm","p_w_given_topic":0.028971},{"token":"0517nm","p_w_given_topic":0.028475},{"token":"0648nm","p_w_given_topic":0.027491},{"token":"0560nm","p_w_given_topic":0.026877},{"token":"1173nm","p_w_given_topic":0.026003},{"token":"0400nm","p_w_given_topic":0.025959},{"token":"1012nm","p_w_given_topic":0.021096},{"token":"0619nm","p_w_given_topic":0.020874},{"token":"1421nm","p_w_given_topic":0.020807},{"token":"0779nm","p_w_given_topic":0.020629},{"token":"0429nm","p_w_given_topic":0.019452},{"token":"1202nm","p_w_given_topic":0.018794},{"token":"0633nm","p_w_given_topic":0.018572},{"token":"0896nm","p_w_given_topic":0.018327},{"token":"0969nm","p_w_given_topic":0.018024},{"token":"1085nm","p_w_given_topic":0.017395},{"token":"0910nm","p_w_given_topic":0.016877},{"token":"0444nm","p_w_given_topic":0.016181},{"token":"1129nm","p_w_given_topic":0.015796},{"token":"0706nm","p_w_given_topic":0.015648},{"token":"0808nm","p_w_given_topic":0.014752},{"token":"0735nm","p_w_given_topic":0.014515},{"token":"0925nm","p_w_given_topic":0.014212},{"token":"1071nm","p_w_given_topic":0.013731},{"token":"0546nm","p_w_given_topic":0.013309},{"token":"1231nm","p_w_given_topic":0.013294}],[{"token":"0400nm","p_w_given_topic":0.052465},{"token":"0852nm","p_w_given_topic":0.032576},{"token":"0415nm","p_w_given_topic":0.031452},{"token":"0677nm","p_w_given_topic":0.029631},{"token":"0838nm","p_w_given_topic":0.028065},{"token":"0488nm","p_w_given_topic":0.026566},{"token":"0983nm","p_w_given_topic":0.025629},{"token":"0444nm","p_w_given_topic":0.025502},{"token":"0721nm","p_w_given_topic":0.02419},{"token":"0896nm","p_w_given_topic":0.023081},{"token":"0546nm","p_w_given_topic":0.022534},{"token":"0808nm","p_w_given_topic":0.022399},{"token":"1085nm","p_w_given_topic":0.020766},{"token":"0619nm","p_w_given_topic":0.020466},{"token":"1012nm","p_w_given_topic":0.020166},{"token":"0998nm","p_w_given_topic":0.020136},{"token":"1042nm","p_w_given_topic":0.018128},{"token":"0473nm","p_w_given_topic":0.017881},{"token":"0823nm","p_w_given_topic":0.017551},{"token":"0881nm","p_w_given_topic":0.017184},{"token":"1377nm","p_w_given_topic":0.016607},{"token":"0954nm","p_w_given_topic":0.015917},{"token":"1027nm","p_w_given_topic":0.015393},{"token":"1115nm","p_w_given_topic":0.015318},{"token":"1392nm","p_w_given_topic":0.014943},{"token":"0692nm","p_w_given_topic":0.014861},{"token":"1450nm","p_w_given_topic":0.014778},{"token":"0575nm","p_w_given_topic":0.014096},{"token":"1931nm","p_w_given_topic":0.013909},{"token":"0925nm","p_w_given_topic":0.013699}],[{"token":"0400nm","p_w_given_topic":0.044505},{"token":"0823nm","p_w_given_topic":0.044453},{"token":"0910nm","p_w_given_topic":0.035304},{"token":"0881nm","p_w_given_topic":0.03228},{"token":"0429nm","p_w_given_topic":0.031714},{"token":"0415nm","p_w_given_topic":0.030544},{"token":"0735nm","p_w_given_topic":0.030276},{"token":"0444nm","p_w_given_topic":0.029412},{"token":"0998nm","p_w_given_topic":0.028518},{"token":"0896nm","p_w_given_topic":0.024316},{"token":"1260nm","p_w_given_topic":0.021195},{"token":"0867nm","p_w_given_topic":0.020427},{"token":"1785nm","p_w_given_topic":0.018803},{"token":"0590nm","p_w_given_topic":0.018684},{"token":"1027nm","p_w_given_topic":0.018617},{"token":"0925nm","p_w_given_topic":0.017812},{"token":"0560nm","p_w_given_topic":0.016993},{"token":"0779nm","p_w_given_topic":0.016903},{"token":"0662nm","p_w_given_topic":0.016628},{"token":"0633nm","p_w_given_topic":0.016457},{"token":"0969nm","p_w_given_topic":0.016263},{"token":"0706nm","p_w_given_topic":0.015108},{"token":"0808nm","p_w_given_topic":0.014907},{"token":"1494nm","p_w_given_topic":0.014728},{"token":"0531nm","p_w_given_topic":0.014721},{"token":"1158nm","p_w_given_topic":0.014408},{"token":"0750nm","p_w_given_topic":0.013305},{"token":"1056nm","p_w_given_topic":0.013253},{"token":"0575nm","p_w_given_topic":0.013059},{"token":"1012nm","p_w_given_topic":0.01227}],[{"token":"0823nm","p_w_given_topic":0.047956},{"token":"0940nm","p_w_given_topic":0.041622},{"token":"0867nm","p_w_given_topic":0.032013},{"token":"0575nm","p_w_given_topic":0.029037},{"token":"0415nm","p_w_given_topic":0.026943},{"token":"0692nm","p_w_given_topic":0.024513},{"token":"0648nm","p_w_given_topic":0.024401},{"token":"0546nm","p_w_given_topic":0.02307},{"token":"0954nm","p_w_given_topic":0.020639},{"token":"0604nm","p_w_given_topic":0.020295},{"token":"1188nm","p_w_given_topic":0.019817},{"token":"0662nm","p_w_given_topic":0.018889},{"token":"0633nm","p_w_given_topic":0.018381},{"token":"0531nm","p_w_given_topic":0.017925},{"token":"0925nm","p_w_given_topic":0.017768},{"token":"1333nm","p_w_given_topic":0.0177},{"token":"0473nm","p_w_given_topic":0.017229},{"token":"0998nm","p_w_given_topic":0.01613},{"token":"0794nm","p_w_given_topic":0.015719},{"token":"0517nm","p_w_given_topic":0.015405},{"token":"1173nm","p_w_given_topic":0.015375},{"token":"1217nm","p_w_given_topic":0.014814},{"token":"1392nm","p_w_given_topic":0.014709},{"token":"0444nm","p_w_given_topic":0.014575},{"token":"0852nm","p_w_given_topic":0.014425},{"token":"0735nm","p_w_given_topic":0.014403},{"token":"0502nm","p_w_given_topic":0.014066},{"token":"0896nm","p_w_given_topic":0.013789},{"token":"0429nm","p_w_given_topic":0.013386},{"token":"1129nm","p_w_given_topic":0.013273}]],"perplexity":71.09812738394936,"reconstruction_err":null,"npmi_coherence":0.005969,"topic_distance_js":[[0.0,0.149679,0.127058,0.12627,0.153156,0.138568,0.143173,0.159514,0.138024,0.134424,0.17221,0.153804],[0.149679,0.0,0.137783,0.143727,0.153247,0.166641,0.203581,0.138518,0.150439,0.158645,0.123863,0.139618],[0.127058,0.137783,0.0,0.105006,0.134022,0.141761,0.127273,0.122422,0.139733,0.146633,0.129647,0.108891],[0.12627,0.143727,0.105006,0.0,0.141248,0.133815,0.162282,0.161375,0.123177,0.151479,0.140645,0.135719],[0.153156,0.153247,0.134022,0.141248,0.0,0.134226,0.168361,0.143712,0.141069,0.188871,0.132316,0.130475],[0.138568,0.166641,0.141761,0.133815,0.134226,0.0,0.132426,0.128105,0.114651,0.141491,0.151456,0.125334],[0.143173,0.203581,0.127273,0.162282,0.168361,0.132426,0.0,0.160291,0.130171,0.17474,0.170297,0.163112],[0.159514,0.138518,0.122422,0.161375,0.143712,0.128105,0.160291,0.0,0.143752,0.156141,0.132548,0.137385],[0.138024,0.150439,0.139733,0.123177,0.141069,0.114651,0.130171,0.143752,0.0,0.152514,0.12601,0.145614],[0.134424,0.158645,0.146633,0.151479,0.188871,0.141491,0.17474,0.156141,0.152514,0.0,0.154852,0.140235],[0.17221,0.123863,0.129647,0.140645,0.132316,0.151456,0.170297,0.132548,0.12601,0.154852,0.0,0.128968],[0.153804,0.139618,0.108891,0.135719,0.130475,0.125334,0.163112,0.137385,0.145614,0.140235,0.128968,0.0]],"topic_intertopic_2d_js":[[0.077666,-0.247666],[0.257761,0.14743],[0.099686,0.077796],[0.06479,0.238358],[-0.201426,-0.167091],[-0.229175,-0.029059],[-0.077324,-0.270271],[0.256583,-0.040905],[-0.07994,0.017552],[-0.246078,0.157824],[-0.07909,0.243474],[0.156548,-0.127442]],"K_live":null,"topic_correlation":[[[1.0,0.043710362166166306,-0.0034132921136915684,0.01771537773311138,0.029655711725354195,-0.022777268663048744,0.04177878797054291,0.007587060797959566,0.04495101794600487,0.024436788633465767,-0.010341471061110497,-0.006433472037315369],[0.043710362166166306,1.0,0.016019431874155998,0.04952935129404068,0.034900911152362823,0.05799557641148567,0.025256946682929993,-0.006229114718735218,-0.0011929960455745459,0.03648598492145538,0.05039767175912857,0.00667874701321125],[-0.0034132921136915684,0.016019431874155998,1.0,0.022287417203187943,-0.005995552986860275,0.02245434932410717,0.01429646834731102,0.024338027462363243,-0.012567623518407345,0.00484412582591176,0.02406459115445614,0.002894404111430049],[0.01771537773311138,0.04952935129404068,0.022287417203187943,1.0,-0.014862854965031147,0.010992198251187801,0.021200014278292656,0.01723022572696209,0.06227298825979233,0.041405294090509415,0.03746252506971359,0.020681852474808693],[0.029655711725354195,0.034900911152362823,-0.005995552986860275,-0.014862854965031147,1.0,0.031131844967603683,0.025117866694927216,-0.030172230675816536,-0.007857544347643852,0.011305097490549088,0.04874659702181816,0.03350699320435524],[-0.022777268663048744,0.05799557641148567,0.02245434932410717,0.010992198251187801,0.031131844967603683,1.0,0.01589961349964142,-0.0040586357936263084,0.0012452849186956882,0.038826048374176025,0.04671382158994675,0.019744688645005226],[0.04177878797054291,0.025256946682929993,0.01429646834731102,0.021200014278292656,0.025117866694927216,0.01589961349964142,1.0,-0.027843670919537544,0.035454440861940384,0.04914822056889534,0.005189763382077217,0.007176767103374004],[0.007587060797959566,-0.006229114718735218,0.024338027462363243,0.01723022572696209,-0.030172230675816536,-0.0040586357936263084,-0.027843670919537544,1.0,-0.0009163054637610912,0.024539608508348465,0.03802287206053734,-0.007118419278413057],[0.04495101794600487,-0.0011929960455745459,-0.012567623518407345,0.06227298825979233,-0.007857544347643852,0.0012452849186956882,0.035454440861940384,-0.0009163054637610912,1.0,0.021817203611135483,0.05402601882815361,0.03592624515295029],[0.024436788633465767,0.03648598492145538,0.00484412582591176,0.041405294090509415,0.011305097490549088,0.038826048374176025,0.04914822056889534,0.024539608508348465,0.021817203611135483,1.0,0.03419622406363487,0.007436078041791916],[-0.010341471061110497,0.05039767175912857,0.02406459115445614,0.03746252506971359,0.04874659702181816,0.04671382158994675,0.005189763382077217,0.03802287206053734,0.05402601882815361,0.03419622406363487,1.0,0.015617147088050842],[-0.006433472037315369,0.00667874701321125,0.002894404111430049,0.020681852474808693,0.03350699320435524,0.019744688645005226,0.007176767103374004,-0.007118419278413057,0.03592624515295029,0.007436078041791916,0.015617147088050842,1.0]],[[1.0101904577379033e-39,9.183619680722337e-40,5.510269899325905e-40,5.510185821418046e-40,4.591802833868847e-40,4.59185888580742e-40,1.8367940010676837e-40,3.673517937212151e-40,8.265194654219209e-40,4.591872898792063e-40,2.755106923693666e-40,1.8367940010676837e-40],[7.346881731593227e-40,7.34689574457787e-40,2.755205014586169e-40,1.8367099231598242e-40,8.265334784065642e-40,2.755205014586169e-40,2.7551209366783093e-40,2.755219027570812e-40,2.7551769886168823e-40,1.010197464230225e-39,8.265334784065642e-40,6.4285267700133146e-40],[1.8367659750983972e-40,8.265194654219209e-40,6.428596834936531e-40,6.428484731059385e-40,6.428554795982601e-40,4.203895392974451e-45,5.510213847387332e-40,6.428512757028671e-40,1.836751962113754e-40,8.265250706157782e-40,1.8367659750983972e-40,4.5917748078995606e-40],[7.346923770547156e-40,4.591914937745993e-40,2.7551769886168823e-40,7.34697982248573e-40,1.010197464230225e-39,5.5102839123105484e-40,1.8367799880830405e-40,4.5917748078995606e-40,6.4285828219518875e-40,8.265250706157782e-40,6.428484731059385e-40,9.184950914263446e-41],[8.265264719142425e-40,8.265236693173139e-40,5.510269899325905e-40,2.755219027570812e-40,9.80908925027372e-45,9.80908925027372e-45,9.183577641768408e-40,8.265222680188496e-40,9.183591654753051e-40,1.0102002668271536e-39,8.265334784065642e-40,9.183563628783764e-40],[4.591802833868847e-40,1.836808014052327e-40,1.8367379491291107e-40,1.5414283107572988e-44,1.0101904577379033e-39,3.673573989150724e-40,3.673559976166081e-40,1.010193260334832e-39,9.183661719676267e-40,4.591844872822777e-40,2.7551349496629526e-40,1.836808014052327e-40],[9.183591654753051e-40,6.4285267700133146e-40,4.591872898792063e-40,2.7551349496629526e-40,6.428596834936531e-40,5.510199834402689e-40,1.8368360400216135e-40,5.510269899325905e-40,6.428624860905817e-40,1.010193260334832e-39,4.591928950730636e-40,8.265208667203852e-40],[9.184250265031284e-41,5.510129769479473e-40,5.510143782464116e-40,9.18363369370698e-40,8.265278732127069e-40,1.8368220270369702e-40,2.755205014586169e-40,1.8367799880830405e-40,6.428540782997958e-40,1.0102002668271536e-39,9.183970005338419e-41,9.183549615799121e-40],[3.6734758982582215e-40,3.673433859304292e-40,7.346909757562513e-40,5.510255886341262e-40,4.203895392974451e-45,8.265194654219209e-40,1.8367940010676837e-40,8.265348797050285e-40,7.34689574457787e-40,6.428596834936531e-40,1.1210387714598537e-44,8.265348797050285e-40],[9.18367573266091e-40,9.184250265031284e-41,7.346867718608583e-40,3.6734198463196485e-40,2.7551209366783093e-40,9.183563628783764e-40,9.183619680722337e-40,7.346965809501086e-40,8.265320771080998e-40,0.0,9.183549615799121e-41,9.184950914263446e-41],[1.836751962113754e-40,9.183591654753051e-40,8.265306758096355e-40,3.6734758982582215e-40,6.428610847921174e-40,9.80908925027372e-45,1.836808014052327e-40,7.346909757562513e-40,7.34689574457787e-40,1.836751962113754e-40,1.8367799880830405e-40,6.4286388738904605e-40],[2.802596928649634e-45,8.265334784065642e-40,2.755106923693666e-40,1.2611686178923354e-44,7.006492321624085e-45,1.010193260334832e-39,8.407790785948902e-45,5.510241873356619e-40,4.59185888580742e-40,2.755205014586169e-40,8.265348797050285e-40,1.836808014052327e-40]]],"wavelengths_nm":[400.0,414.58,429.17,443.75,458.33,472.92,487.5,502.08,516.67,531.25,545.83,560.42,575.0,589.58,604.17,618.75,633.33,647.92,662.5,677.08,691.67,706.25,720.83,735.42,750.0,764.58,779.17,793.75,808.33,822.92,837.5,852.08,866.67,881.25,895.83,910.42,925.0,939.58,954.17,968.75,983.33,997.92,1012.5,1027.08,1041.67,1056.25,1070.83,1085.42,1100.0,1114.58,1129.17,1143.75,1158.33,1172.92,1187.5,1202.08,1216.67,1231.25,1245.83,1260.42,1275.0,1289.58,1304.17,1318.75,1333.33,1347.92,1362.5,1377.08,1391.67,1406.25,1420.83,1435.42,1450.0,1464.58,1479.17,1493.75,1508.33,1522.92,1537.5,1552.08,1566.67,1581.25,1595.83,1610.42,1625.0,1639.58,1654.17,1668.75,1683.33,1697.92,1712.5,1727.08,1741.67,1756.25,1770.83,1785.42,1800.0,1814.58,1829.17,1843.75,1858.33,1872.92,1887.5,1902.08,1916.67,1931.25,1945.83,1960.42,1975.0,1989.58,2004.17,2018.75,2033.33,2047.92,2062.5,2077.08,2091.67,2106.25,2120.83,2135.42,2150.0,2164.58,2179.17,2193.75,2208.33,2222.92,2237.5,2252.08,2266.67,2281.25,2295.83,2310.42,2325.0,2339.58,2354.17,2368.75,2383.33,2397.92,2412.5,2427.08,2441.67,2456.25,2470.83,2485.42,2500.0],"generated_at":"2026-05-03T13:03:35Z","builder_version":"build_topic_model_variants v0.1"}