{"scene_id":"botswana","variant":"tomotopy_ctm","topic_count":12,"vocabulary_size":145,"document_count":2775,"topic_prevalence":[0.083367,0.083866,0.083517,0.083201,0.082782,0.083598,0.082913,0.083792,0.083739,0.083111,0.083005,0.08311],"top_words_per_topic":[[{"token":"0458nm","p_w_given_topic":0.03856},{"token":"0940nm","p_w_given_topic":0.034251},{"token":"0969nm","p_w_given_topic":0.032271},{"token":"0415nm","p_w_given_topic":0.030909},{"token":"0910nm","p_w_given_topic":0.029621},{"token":"0429nm","p_w_given_topic":0.025536},{"token":"0575nm","p_w_given_topic":0.024516},{"token":"0400nm","p_w_given_topic":0.023496},{"token":"1129nm","p_w_given_topic":0.022953},{"token":"0838nm","p_w_given_topic":0.02273},{"token":"0590nm","p_w_given_topic":0.020274},{"token":"1348nm","p_w_given_topic":0.019522},{"token":"1158nm","p_w_given_topic":0.018793},{"token":"0517nm","p_w_given_topic":0.018495},{"token":"1100nm","p_w_given_topic":0.018435},{"token":"0867nm","p_w_given_topic":0.018272},{"token":"1071nm","p_w_given_topic":0.017445},{"token":"1056nm","p_w_given_topic":0.017118},{"token":"0531nm","p_w_given_topic":0.016604},{"token":"0502nm","p_w_given_topic":0.016292},{"token":"0925nm","p_w_given_topic":0.015734},{"token":"1538nm","p_w_given_topic":0.015443},{"token":"0896nm","p_w_given_topic":0.015064},{"token":"1027nm","p_w_given_topic":0.014602},{"token":"1479nm","p_w_given_topic":0.013895},{"token":"1246nm","p_w_given_topic":0.013858},{"token":"1012nm","p_w_given_topic":0.013806},{"token":"0560nm","p_w_given_topic":0.01356},{"token":"0998nm","p_w_given_topic":0.012303},{"token":"0692nm","p_w_given_topic":0.012295}],[{"token":"0473nm","p_w_given_topic":0.04026},{"token":"0590nm","p_w_given_topic":0.032075},{"token":"0517nm","p_w_given_topic":0.029796},{"token":"0429nm","p_w_given_topic":0.028371},{"token":"0575nm","p_w_given_topic":0.028089},{"token":"0546nm","p_w_given_topic":0.026345},{"token":"0838nm","p_w_given_topic":0.026204},{"token":"0604nm","p_w_given_topic":0.024906},{"token":"0619nm","p_w_given_topic":0.024898},{"token":"1173nm","p_w_given_topic":0.023689},{"token":"1217nm","p_w_given_topic":0.022724},{"token":"0954nm","p_w_given_topic":0.021744},{"token":"0765nm","p_w_given_topic":0.021729},{"token":"0969nm","p_w_given_topic":0.019488},{"token":"0808nm","p_w_given_topic":0.019347},{"token":"0998nm","p_w_given_topic":0.019139},{"token":"0400nm","p_w_given_topic":0.018924},{"token":"0750nm","p_w_given_topic":0.018308},{"token":"1188nm","p_w_given_topic":0.0181},{"token":"1027nm","p_w_given_topic":0.016802},{"token":"0633nm","p_w_given_topic":0.015251},{"token":"0881nm","p_w_given_topic":0.014063},{"token":"1902nm","p_w_given_topic":0.013766},{"token":"0531nm","p_w_given_topic":0.013692},{"token":"1421nm","p_w_given_topic":0.013559},{"token":"1712nm","p_w_given_topic":0.01347},{"token":"1056nm","p_w_given_topic":0.013418},{"token":"1144nm","p_w_given_topic":0.012846},{"token":"0925nm","p_w_given_topic":0.012779},{"token":"0823nm","p_w_given_topic":0.012579}],[{"token":"0706nm","p_w_given_topic":0.032759},{"token":"0823nm","p_w_given_topic":0.031888},{"token":"0444nm","p_w_given_topic":0.030787},{"token":"0954nm","p_w_given_topic":0.026978},{"token":"0458nm","p_w_given_topic":0.024411},{"token":"1406nm","p_w_given_topic":0.023317},{"token":"0838nm","p_w_given_topic":0.020393},{"token":"1246nm","p_w_given_topic":0.019917},{"token":"0662nm","p_w_given_topic":0.019694},{"token":"1202nm","p_w_given_topic":0.01953},{"token":"1333nm","p_w_given_topic":0.019225},{"token":"0400nm","p_w_given_topic":0.018913},{"token":"0619nm","p_w_given_topic":0.018883},{"token":"0925nm","p_w_given_topic":0.018838},{"token":"0517nm","p_w_given_topic":0.018429},{"token":"0794nm","p_w_given_topic":0.018094},{"token":"0531nm","p_w_given_topic":0.017752},{"token":"0560nm","p_w_given_topic":0.017722},{"token":"0867nm","p_w_given_topic":0.017626},{"token":"1377nm","p_w_given_topic":0.017551},{"token":"1042nm","p_w_given_topic":0.016755},{"token":"0502nm","p_w_given_topic":0.015543},{"token":"0692nm","p_w_given_topic":0.015528},{"token":"1144nm","p_w_given_topic":0.015423},{"token":"0750nm","p_w_given_topic":0.014865},{"token":"0940nm","p_w_given_topic":0.014851},{"token":"1158nm","p_w_given_topic":0.014479},{"token":"0633nm","p_w_given_topic":0.013891},{"token":"1260nm","p_w_given_topic":0.013496},{"token":"0735nm","p_w_given_topic":0.013229}],[{"token":"1042nm","p_w_given_topic":0.042497},{"token":"0429nm","p_w_given_topic":0.029204},{"token":"0910nm","p_w_given_topic":0.027506},{"token":"0998nm","p_w_given_topic":0.027251},{"token":"0590nm","p_w_given_topic":0.027207},{"token":"0502nm","p_w_given_topic":0.023982},{"token":"1304nm","p_w_given_topic":0.023781},{"token":"1027nm","p_w_given_topic":0.023399},{"token":"0925nm","p_w_given_topic":0.022995},{"token":"0517nm","p_w_given_topic":0.02129},{"token":"1012nm","p_w_given_topic":0.020212},{"token":"0794nm","p_w_given_topic":0.019913},{"token":"1231nm","p_w_given_topic":0.019584},{"token":"0560nm","p_w_given_topic":0.019397},{"token":"1115nm","p_w_given_topic":0.019098},{"token":"0400nm","p_w_given_topic":0.018769},{"token":"0473nm","p_w_given_topic":0.018612},{"token":"1173nm","p_w_given_topic":0.018275},{"token":"0531nm","p_w_given_topic":0.017594},{"token":"1450nm","p_w_given_topic":0.017213},{"token":"0575nm","p_w_given_topic":0.016921},{"token":"0444nm","p_w_given_topic":0.016697},{"token":"0896nm","p_w_given_topic":0.016614},{"token":"0648nm","p_w_given_topic":0.016405},{"token":"0415nm","p_w_given_topic":0.016091},{"token":"0546nm","p_w_given_topic":0.015926},{"token":"0677nm","p_w_given_topic":0.014385},{"token":"0458nm","p_w_given_topic":0.013525},{"token":"0488nm","p_w_given_topic":0.01333},{"token":"0823nm","p_w_given_topic":0.0133}],[{"token":"0896nm","p_w_given_topic":0.042181},{"token":"0488nm","p_w_given_topic":0.041561},{"token":"1158nm","p_w_given_topic":0.037854},{"token":"0794nm","p_w_given_topic":0.028183},{"token":"0633nm","p_w_given_topic":0.027413},{"token":"0400nm","p_w_given_topic":0.026599},{"token":"1231nm","p_w_given_topic":0.02482},{"token":"1129nm","p_w_given_topic":0.024544},{"token":"1056nm","p_w_given_topic":0.023363},{"token":"1100nm","p_w_given_topic":0.020837},{"token":"1304nm","p_w_given_topic":0.018512},{"token":"1202nm","p_w_given_topic":0.01849},{"token":"0546nm","p_w_given_topic":0.017989},{"token":"0429nm","p_w_given_topic":0.017608},{"token":"1319nm","p_w_given_topic":0.017406},{"token":"0662nm","p_w_given_topic":0.016808},{"token":"0458nm","p_w_given_topic":0.01562},{"token":"0910nm","p_w_given_topic":0.015545},{"token":"0940nm","p_w_given_topic":0.015411},{"token":"0575nm","p_w_given_topic":0.015254},{"token":"0881nm","p_w_given_topic":0.014955},{"token":"1479nm","p_w_given_topic":0.014619},{"token":"0823nm","p_w_given_topic":0.014574},{"token":"0779nm","p_w_given_topic":0.014364},{"token":"1085nm","p_w_given_topic":0.013669},{"token":"0604nm","p_w_given_topic":0.01364},{"token":"0750nm","p_w_given_topic":0.013557},{"token":"0517nm","p_w_given_topic":0.013243},{"token":"0415nm","p_w_given_topic":0.012257},{"token":"1494nm","p_w_given_topic":0.012078}],[{"token":"1435nm","p_w_given_topic":0.04226},{"token":"0677nm","p_w_given_topic":0.036503},{"token":"0779nm","p_w_given_topic":0.029406},{"token":"0808nm","p_w_given_topic":0.025884},{"token":"0881nm","p_w_given_topic":0.024286},{"token":"0794nm","p_w_given_topic":0.023435},{"token":"0648nm","p_w_given_topic":0.023265},{"token":"0925nm","p_w_given_topic":0.02322},{"token":"0969nm","p_w_given_topic":0.023146},{"token":"0954nm","p_w_given_topic":0.022088},{"token":"1494nm","p_w_given_topic":0.0216},{"token":"1158nm","p_w_given_topic":0.020157},{"token":"0998nm","p_w_given_topic":0.020083},{"token":"0896nm","p_w_given_topic":0.019387},{"token":"1217nm","p_w_given_topic":0.01921},{"token":"0458nm","p_w_given_topic":0.01921},{"token":"0983nm","p_w_given_topic":0.019099},{"token":"0662nm","p_w_given_topic":0.018825},{"token":"1173nm","p_w_given_topic":0.018381},{"token":"0502nm","p_w_given_topic":0.018144},{"token":"0604nm","p_w_given_topic":0.016975},{"token":"1085nm","p_w_given_topic":0.016953},{"token":"1260nm","p_w_given_topic":0.015525},{"token":"0473nm","p_w_given_topic":0.015118},{"token":"0735nm","p_w_given_topic":0.014563},{"token":"0444nm","p_w_given_topic":0.013682},{"token":"0400nm","p_w_given_topic":0.013571},{"token":"1115nm","p_w_given_topic":0.012964},{"token":"1275nm","p_w_given_topic":0.012927},{"token":"0852nm","p_w_given_topic":0.012646}],[{"token":"0692nm","p_w_given_topic":0.035721},{"token":"0546nm","p_w_given_topic":0.027281},{"token":"0531nm","p_w_given_topic":0.026308},{"token":"0458nm","p_w_given_topic":0.023936},{"token":"0940nm","p_w_given_topic":0.023397},{"token":"0852nm","p_w_given_topic":0.023203},{"token":"0619nm","p_w_given_topic":0.022111},{"token":"0925nm","p_w_given_topic":0.021475},{"token":"0881nm","p_w_given_topic":0.02131},{"token":"0867nm","p_w_given_topic":0.021213},{"token":"1012nm","p_w_given_topic":0.020913},{"token":"0488nm","p_w_given_topic":0.020816},{"token":"0998nm","p_w_given_topic":0.020756},{"token":"0444nm","p_w_given_topic":0.020225},{"token":"1508nm","p_w_given_topic":0.020008},{"token":"1027nm","p_w_given_topic":0.019514},{"token":"0808nm","p_w_given_topic":0.019245},{"token":"0954nm","p_w_given_topic":0.01923},{"token":"1785nm","p_w_given_topic":0.018931},{"token":"0560nm","p_w_given_topic":0.018526},{"token":"0721nm","p_w_given_topic":0.017606},{"token":"1085nm","p_w_given_topic":0.017404},{"token":"0400nm","p_w_given_topic":0.016978},{"token":"1465nm","p_w_given_topic":0.016933},{"token":"0429nm","p_w_given_topic":0.016334},{"token":"0750nm","p_w_given_topic":0.015017},{"token":"1231nm","p_w_given_topic":0.014703},{"token":"1129nm","p_w_given_topic":0.014695},{"token":"0969nm","p_w_given_topic":0.014583},{"token":"1056nm","p_w_given_topic":0.014209}],[{"token":"0633nm","p_w_given_topic":0.038397},{"token":"0560nm","p_w_given_topic":0.037386},{"token":"0400nm","p_w_given_topic":0.032956},{"token":"0983nm","p_w_given_topic":0.032659},{"token":"0779nm","p_w_given_topic":0.030065},{"token":"1012nm","p_w_given_topic":0.027278},{"token":"1392nm","p_w_given_topic":0.025575},{"token":"1144nm","p_w_given_topic":0.025256},{"token":"0867nm","p_w_given_topic":0.02403},{"token":"0415nm","p_w_given_topic":0.022959},{"token":"0662nm","p_w_given_topic":0.022253},{"token":"0502nm","p_w_given_topic":0.021948},{"token":"1027nm","p_w_given_topic":0.02174},{"token":"0838nm","p_w_given_topic":0.021659},{"token":"0969nm","p_w_given_topic":0.020477},{"token":"0517nm","p_w_given_topic":0.020061},{"token":"0881nm","p_w_given_topic":0.018998},{"token":"0896nm","p_w_given_topic":0.018819},{"token":"0910nm","p_w_given_topic":0.018626},{"token":"1188nm","p_w_given_topic":0.018574},{"token":"0604nm","p_w_given_topic":0.018425},{"token":"0429nm","p_w_given_topic":0.017481},{"token":"1202nm","p_w_given_topic":0.0165},{"token":"0706nm","p_w_given_topic":0.016047},{"token":"0444nm","p_w_given_topic":0.01598},{"token":"1158nm","p_w_given_topic":0.015765},{"token":"0648nm","p_w_given_topic":0.015579},{"token":"0721nm","p_w_given_topic":0.015393},{"token":"1100nm","p_w_given_topic":0.014464},{"token":"1640nm","p_w_given_topic":0.014352}],[{"token":"0852nm","p_w_given_topic":0.032189},{"token":"0531nm","p_w_given_topic":0.031397},{"token":"0619nm","p_w_given_topic":0.030413},{"token":"0881nm","p_w_given_topic":0.027629},{"token":"1056nm","p_w_given_topic":0.026415},{"token":"1042nm","p_w_given_topic":0.025097},{"token":"0415nm","p_w_given_topic":0.02469},{"token":"1012nm","p_w_given_topic":0.02432},{"token":"1100nm","p_w_given_topic":0.023624},{"token":"0910nm","p_w_given_topic":0.02238},{"token":"0473nm","p_w_given_topic":0.021484},{"token":"1129nm","p_w_given_topic":0.021062},{"token":"0648nm","p_w_given_topic":0.020611},{"token":"0444nm","p_w_given_topic":0.019315},{"token":"1188nm","p_w_given_topic":0.018789},{"token":"0502nm","p_w_given_topic":0.018175},{"token":"1217nm","p_w_given_topic":0.017938},{"token":"0750nm","p_w_given_topic":0.017834},{"token":"1523nm","p_w_given_topic":0.017057},{"token":"0546nm","p_w_given_topic":0.016976},{"token":"0429nm","p_w_given_topic":0.015525},{"token":"0692nm","p_w_given_topic":0.01531},{"token":"1260nm","p_w_given_topic":0.015066},{"token":"0940nm","p_w_given_topic":0.015029},{"token":"0808nm","p_w_given_topic":0.014155},{"token":"1115nm","p_w_given_topic":0.014111},{"token":"0721nm","p_w_given_topic":0.014007},{"token":"0896nm","p_w_given_topic":0.013955},{"token":"0400nm","p_w_given_topic":0.013755},{"token":"0706nm","p_w_given_topic":0.013644}],[{"token":"0415nm","p_w_given_topic":0.039992},{"token":"0400nm","p_w_given_topic":0.031071},{"token":"0735nm","p_w_given_topic":0.025181},{"token":"0954nm","p_w_given_topic":0.023837},{"token":"1042nm","p_w_given_topic":0.023404},{"token":"0823nm","p_w_given_topic":0.023098},{"token":"0910nm","p_w_given_topic":0.022867},{"token":"0983nm","p_w_given_topic":0.022792},{"token":"1479nm","p_w_given_topic":0.021769},{"token":"1406nm","p_w_given_topic":0.020664},{"token":"0779nm","p_w_given_topic":0.020455},{"token":"0881nm","p_w_given_topic":0.020224},{"token":"0648nm","p_w_given_topic":0.02},{"token":"0546nm","p_w_given_topic":0.0195},{"token":"0444nm","p_w_given_topic":0.019171},{"token":"0429nm","p_w_given_topic":0.018708},{"token":"0458nm","p_w_given_topic":0.018104},{"token":"0604nm","p_w_given_topic":0.017783},{"token":"0473nm","p_w_given_topic":0.016431},{"token":"0633nm","p_w_given_topic":0.015842},{"token":"1246nm","p_w_given_topic":0.015551},{"token":"0488nm","p_w_given_topic":0.015491},{"token":"1012nm","p_w_given_topic":0.014998},{"token":"0808nm","p_w_given_topic":0.014565},{"token":"0969nm","p_w_given_topic":0.014528},{"token":"0998nm","p_w_given_topic":0.013863},{"token":"1421nm","p_w_given_topic":0.013789},{"token":"1115nm","p_w_given_topic":0.013341},{"token":"1144nm","p_w_given_topic":0.013266},{"token":"0692nm","p_w_given_topic":0.013132}],[{"token":"0983nm","p_w_given_topic":0.039671},{"token":"0823nm","p_w_given_topic":0.034581},{"token":"0867nm","p_w_given_topic":0.03408},{"token":"0444nm","p_w_given_topic":0.030649},{"token":"0881nm","p_w_given_topic":0.029744},{"token":"0415nm","p_w_given_topic":0.028959},{"token":"0808nm","p_w_given_topic":0.025184},{"token":"1144nm","p_w_given_topic":0.024235},{"token":"1362nm","p_w_given_topic":0.02268},{"token":"1188nm","p_w_given_topic":0.022575},{"token":"0998nm","p_w_given_topic":0.021574},{"token":"0765nm","p_w_given_topic":0.020998},{"token":"0473nm","p_w_given_topic":0.020991},{"token":"1042nm","p_w_given_topic":0.019727},{"token":"0838nm","p_w_given_topic":0.018771},{"token":"0721nm","p_w_given_topic":0.018539},{"token":"0662nm","p_w_given_topic":0.017111},{"token":"0575nm","p_w_given_topic":0.016573},{"token":"0794nm","p_w_given_topic":0.016139},{"token":"0502nm","p_w_given_topic":0.015616},{"token":"0925nm","p_w_given_topic":0.01519},{"token":"1742nm","p_w_given_topic":0.015115},{"token":"1027nm","p_w_given_topic":0.014599},{"token":"0488nm","p_w_given_topic":0.013762},{"token":"1494nm","p_w_given_topic":0.013388},{"token":"0940nm","p_w_given_topic":0.013291},{"token":"0400nm","p_w_given_topic":0.012985},{"token":"0692nm","p_w_given_topic":0.01285},{"token":"0910nm","p_w_given_topic":0.012723},{"token":"1523nm","p_w_given_topic":0.012708}],[{"token":"0488nm","p_w_given_topic":0.032327},{"token":"1027nm","p_w_given_topic":0.031647},{"token":"1012nm","p_w_given_topic":0.02919},{"token":"0867nm","p_w_given_topic":0.027763},{"token":"0823nm","p_w_given_topic":0.027681},{"token":"0590nm","p_w_given_topic":0.025515},{"token":"0429nm","p_w_given_topic":0.024409},{"token":"0735nm","p_w_given_topic":0.02113},{"token":"0910nm","p_w_given_topic":0.020899},{"token":"0896nm","p_w_given_topic":0.020682},{"token":"1421nm","p_w_given_topic":0.020398},{"token":"1217nm","p_w_given_topic":0.020331},{"token":"0808nm","p_w_given_topic":0.020249},{"token":"0954nm","p_w_given_topic":0.020174},{"token":"1115nm","p_w_given_topic":0.020159},{"token":"0575nm","p_w_given_topic":0.019958},{"token":"0444nm","p_w_given_topic":0.019808},{"token":"0415nm","p_w_given_topic":0.019786},{"token":"1231nm","p_w_given_topic":0.019726},{"token":"0838nm","p_w_given_topic":0.018568},{"token":"0517nm","p_w_given_topic":0.018509},{"token":"0969nm","p_w_given_topic":0.017217},{"token":"0619nm","p_w_given_topic":0.017134},{"token":"0502nm","p_w_given_topic":0.016828},{"token":"1202nm","p_w_given_topic":0.014909},{"token":"0400nm","p_w_given_topic":0.014647},{"token":"0677nm","p_w_given_topic":0.014602},{"token":"0765nm","p_w_given_topic":0.014027},{"token":"1144nm","p_w_given_topic":0.013945},{"token":"1129nm","p_w_given_topic":0.013325}]],"perplexity":72.61884171991011,"reconstruction_err":null,"coherence":{"top_n":15,"c_v":0.344216,"c_npmi":-0.59728,"u_mass":-0.003212},"topic_distance_js":[[0.0,0.135108,0.111338,0.097012,0.099566,0.142618,0.144737,0.135906,0.127165,0.127756,0.148568,0.124975],[0.135108,0.0,0.15414,0.117745,0.140114,0.148592,0.139185,0.146321,0.128557,0.143305,0.15653,0.112176],[0.111338,0.15414,0.0,0.112486,0.107898,0.133352,0.125687,0.136612,0.132199,0.124243,0.125417,0.126711],[0.097012,0.117745,0.112486,0.0,0.12338,0.134467,0.133687,0.118878,0.117232,0.109607,0.127877,0.103797],[0.099566,0.140114,0.107898,0.12338,0.0,0.128803,0.134959,0.151031,0.14802,0.133328,0.171383,0.133405],[0.142618,0.148592,0.133352,0.134467,0.128803,0.0,0.141138,0.145653,0.157942,0.116616,0.131736,0.1478],[0.144737,0.139185,0.125687,0.133687,0.134959,0.141138,0.0,0.169718,0.106672,0.14546,0.155735,0.124495],[0.135906,0.146321,0.136612,0.118878,0.151031,0.145653,0.169718,0.0,0.173387,0.128257,0.130251,0.151039],[0.127165,0.128557,0.132199,0.117232,0.14802,0.157942,0.106672,0.173387,0.0,0.137127,0.147135,0.130222],[0.127756,0.143305,0.124243,0.109607,0.133328,0.116616,0.14546,0.128257,0.137127,0.0,0.115097,0.120635],[0.148568,0.15653,0.125417,0.127877,0.171383,0.131736,0.155735,0.130251,0.147135,0.115097,0.0,0.128543],[0.124975,0.112176,0.126711,0.103797,0.133405,0.1478,0.124495,0.151039,0.130222,0.120635,0.128543,0.0]],"topic_intertopic_2d_js":[[-0.055829,0.215464],[0.261229,0.091755],[-0.237741,-0.053236],[-0.127518,0.043345],[0.068965,0.256778],[-0.227294,0.168633],[0.249866,-0.091677],[-0.171649,-0.226918],[0.146037,0.091643],[0.082536,-0.162568],[0.025985,-0.280773],[-0.014588,-0.052445]],"K_live":null,"topic_correlation":[[[1.0,0.014677075669169426,0.003198824590072036,0.015963533893227577,0.00855332612991333,0.021212203428149223,0.022550519555807114,0.02160601131618023,0.018274715170264244,0.02794678881764412,0.05018535628914833,0.05225570127367973],[0.014677075669169426,1.0,0.04438043758273125,-0.0036837817169725895,0.02411731891334057,0.004337079357355833,-0.0033785710111260414,0.03105483017861843,0.03367171809077263,0.006205359473824501,-0.029422901570796967,0.028284331783652306],[0.003198824590072036,0.04438043758273125,1.0,0.02107040025293827,0.035088855773210526,0.040636952966451645,0.03435412794351578,0.05125753954052925,0.009817593730986118,-0.0023884130641818047,0.018494969233870506,0.01977459155023098],[0.015963533893227577,-0.0036837817169725895,0.02107040025293827,1.0,0.054642193019390106,0.0324634313583374,0.040010031312704086,0.029411593452095985,0.04739639535546303,0.006878468208014965,0.04622684046626091,0.04476619511842728],[0.00855332612991333,0.02411731891334057,0.035088855773210526,0.054642193019390106,1.0,0.033327192068099976,0.03168966993689537,0.013187314383685589,0.007356635760515928,0.023314671590924263,0.01986241713166237,0.03514564037322998],[0.021212203428149223,0.004337079357355833,0.040636952966451645,0.0324634313583374,0.033327192068099976,1.0,0.02268754132091999,0.03241204842925072,-0.004112204071134329,0.0643770843744278,0.014159178361296654,0.035610757768154144],[0.022550519555807114,-0.0033785710111260414,0.03435412794351578,0.040010031312704086,0.03168966993689537,0.02268754132091999,1.0,0.0337117575109005,0.015933720394968987,0.05622315779328346,0.03935427963733673,0.030557438731193542],[0.02160601131618023,0.03105483017861843,0.05125753954052925,0.029411593452095985,0.013187314383685589,0.03241204842925072,0.0337117575109005,1.0,0.005718753207474947,0.031610727310180664,-0.025159934535622597,-0.006998375523835421],[0.018274715170264244,0.03367171809077263,0.009817593730986118,0.04739639535546303,0.007356635760515928,-0.004112204071134329,0.015933720394968987,0.005718753207474947,1.0,0.03726352006196976,0.028076814487576485,0.01596957817673683],[0.02794678881764412,0.006205359473824501,-0.0023884130641818047,0.006878468208014965,0.023314671590924263,0.0643770843744278,0.05622315779328346,0.031610727310180664,0.03726352006196976,1.0,0.019407134503126144,0.01001029834151268],[0.05018535628914833,-0.029422901570796967,0.018494969233870506,0.04622684046626091,0.01986241713166237,0.014159178361296654,0.03935427963733673,-0.025159934535622597,0.028076814487576485,0.019407134503126144,1.0,0.03430857136845589],[0.05225570127367973,0.028284331783652306,0.01977459155023098,0.04476619511842728,0.03514564037322998,0.035610757768154144,0.030557438731193542,-0.006998375523835421,0.01596957817673683,0.01001029834151268,0.03430857136845589,1.0]],[[0.0,0.0,0.0,0.0,0.0,0.0,0.0,0.0,0.0,0.0,0.0,0.0],[0.0,0.0,0.0,0.0,0.0,0.0,0.0,0.0,0.0,0.0,0.0,0.0],[0.0,0.0,0.0,0.0,0.0,0.0,0.0,0.0,0.0,0.0,0.0,0.0],[0.0,0.0,0.0,0.0,0.0,0.0,0.0,0.0,0.0,0.0,0.0,0.0],[0.0,0.0,0.0,0.0,0.0,0.0,0.0,0.0,0.0,0.0,0.0,0.0],[0.0,0.0,0.0,0.0,0.0,0.0,0.0,0.0,0.0,0.0,0.0,0.0],[0.0,0.0,0.0,0.0,0.0,0.0,0.0,0.0,0.0,0.0,0.0,0.0],[0.0,0.0,0.0,0.0,0.0,0.0,0.0,0.0,0.0,0.0,0.0,0.0],[0.0,0.0,0.0,0.0,0.0,0.0,0.0,0.0,0.0,0.0,0.0,0.0],[0.0,0.0,0.0,0.0,0.0,0.0,0.0,0.0,0.0,0.0,0.0,0.0],[0.0,0.0,0.0,0.0,0.0,0.0,0.0,0.0,0.0,0.0,0.0,0.0],[0.0,0.0,0.0,0.0,0.0,0.0,0.0,0.0,0.0,0.0,0.0,0.0]]],"wavelengths_nm":[400.0,414.58,429.17,443.75,458.33,472.92,487.5,502.08,516.67,531.25,545.83,560.42,575.0,589.58,604.17,618.75,633.33,647.92,662.5,677.08,691.67,706.25,720.83,735.42,750.0,764.58,779.17,793.75,808.33,822.92,837.5,852.08,866.67,881.25,895.83,910.42,925.0,939.58,954.17,968.75,983.33,997.92,1012.5,1027.08,1041.67,1056.25,1070.83,1085.42,1100.0,1114.58,1129.17,1143.75,1158.33,1172.92,1187.5,1202.08,1216.67,1231.25,1245.83,1260.42,1275.0,1289.58,1304.17,1318.75,1333.33,1347.92,1362.5,1377.08,1391.67,1406.25,1420.83,1435.42,1450.0,1464.58,1479.17,1493.75,1508.33,1522.92,1537.5,1552.08,1566.67,1581.25,1595.83,1610.42,1625.0,1639.58,1654.17,1668.75,1683.33,1697.92,1712.5,1727.08,1741.67,1756.25,1770.83,1785.42,1800.0,1814.58,1829.17,1843.75,1858.33,1872.92,1887.5,1902.08,1916.67,1931.25,1945.83,1960.42,1975.0,1989.58,2004.17,2018.75,2033.33,2047.92,2062.5,2077.08,2091.67,2106.25,2120.83,2135.42,2150.0,2164.58,2179.17,2193.75,2208.33,2222.92,2237.5,2252.08,2266.67,2281.25,2295.83,2310.42,2325.0,2339.58,2354.17,2368.75,2383.33,2397.92,2412.5,2427.08,2441.67,2456.25,2470.83,2485.42,2500.0],"generated_at":"2026-05-04T04:17:46Z","builder_version":"build_topic_model_variants v0.1"}