{"scene_id":"indian-pines-corrected","variant":"tomotopy_ctm","topic_count":12,"vocabulary_size":200,"document_count":2812,"topic_prevalence":[0.083541,0.083438,0.083479,0.083599,0.083186,0.083009,0.082334,0.083621,0.08405,0.083539,0.082902,0.083303],"top_words_per_topic":[[{"token":"0579nm","p_w_given_topic":0.029908},{"token":"0833nm","p_w_given_topic":0.027049},{"token":"0885nm","p_w_given_topic":0.023014},{"token":"0938nm","p_w_given_topic":0.022015},{"token":"1128nm","p_w_given_topic":0.021609},{"token":"0516nm","p_w_given_topic":0.020129},{"token":"0917nm","p_w_given_topic":0.020102},{"token":"0801nm","p_w_given_topic":0.018772},{"token":"0632nm","p_w_given_topic":0.0175},{"token":"0474nm","p_w_given_topic":0.01735},{"token":"0896nm","p_w_given_topic":0.016939},{"token":"1170nm","p_w_given_topic":0.015886},{"token":"1044nm","p_w_given_topic":0.015822},{"token":"0949nm","p_w_given_topic":0.015427},{"token":"0864nm","p_w_given_topic":0.015368},{"token":"1054nm","p_w_given_topic":0.015224},{"token":"0484nm","p_w_given_topic":0.014764},{"token":"0548nm","p_w_given_topic":0.014417},{"token":"0558nm","p_w_given_topic":0.014305},{"token":"1339nm","p_w_given_topic":0.014176},{"token":"0537nm","p_w_given_topic":0.014053},{"token":"0506nm","p_w_given_topic":0.01384},{"token":"0453nm","p_w_given_topic":0.013738},{"token":"0780nm","p_w_given_topic":0.013637},{"token":"0717nm","p_w_given_topic":0.013011},{"token":"0907nm","p_w_given_topic":0.012894},{"token":"0875nm","p_w_given_topic":0.012851},{"token":"0928nm","p_w_given_topic":0.012718},{"token":"0442nm","p_w_given_topic":0.012584},{"token":"0622nm","p_w_given_topic":0.012285}],[{"token":"0801nm","p_w_given_topic":0.02686},{"token":"0949nm","p_w_given_topic":0.025424},{"token":"0822nm","p_w_given_topic":0.024857},{"token":"0854nm","p_w_given_topic":0.023266},{"token":"0780nm","p_w_given_topic":0.022339},{"token":"1086nm","p_w_given_topic":0.02011},{"token":"1434nm","p_w_given_topic":0.019692},{"token":"1308nm","p_w_given_topic":0.01763},{"token":"1107nm","p_w_given_topic":0.017126},{"token":"1054nm","p_w_given_topic":0.016184},{"token":"0643nm","p_w_given_topic":0.016157},{"token":"0632nm","p_w_given_topic":0.01515},{"token":"0790nm","p_w_given_topic":0.014694},{"token":"0980nm","p_w_given_topic":0.014346},{"token":"0695nm","p_w_given_topic":0.014271},{"token":"0569nm","p_w_given_topic":0.014159},{"token":"0495nm","p_w_given_topic":0.013955},{"token":"0769nm","p_w_given_topic":0.01381},{"token":"1276nm","p_w_given_topic":0.013805},{"token":"1339nm","p_w_given_topic":0.013805},{"token":"0896nm","p_w_given_topic":0.013607},{"token":"0885nm","p_w_given_topic":0.01351},{"token":"0991nm","p_w_given_topic":0.013441},{"token":"0463nm","p_w_given_topic":0.013419},{"token":"1128nm","p_w_given_topic":0.012782},{"token":"0611nm","p_w_given_topic":0.012723},{"token":"0558nm","p_w_given_topic":0.01245},{"token":"1149nm","p_w_given_topic":0.012155},{"token":"0759nm","p_w_given_topic":0.011389},{"token":"0812nm","p_w_given_topic":0.01118}],[{"token":"1118nm","p_w_given_topic":0.03404},{"token":"0601nm","p_w_given_topic":0.024435},{"token":"0907nm","p_w_given_topic":0.02393},{"token":"0854nm","p_w_given_topic":0.022287},{"token":"0949nm","p_w_given_topic":0.021052},{"token":"1107nm","p_w_given_topic":0.02087},{"token":"0442nm","p_w_given_topic":0.020182},{"token":"0822nm","p_w_given_topic":0.019989},{"token":"0875nm","p_w_given_topic":0.019903},{"token":"0790nm","p_w_given_topic":0.019141},{"token":"0463nm","p_w_given_topic":0.018754},{"token":"0928nm","p_w_given_topic":0.018142},{"token":"0896nm","p_w_given_topic":0.017541},{"token":"1128nm","p_w_given_topic":0.017364},{"token":"1096nm","p_w_given_topic":0.017331},{"token":"0991nm","p_w_given_topic":0.016531},{"token":"0527nm","p_w_given_topic":0.016027},{"token":"1350nm","p_w_given_topic":0.015629},{"token":"0780nm","p_w_given_topic":0.014421},{"token":"1255nm","p_w_given_topic":0.014169},{"token":"1329nm","p_w_given_topic":0.01397},{"token":"1318nm","p_w_given_topic":0.013917},{"token":"0558nm","p_w_given_topic":0.013568},{"token":"0833nm","p_w_given_topic":0.013272},{"token":"0421nm","p_w_given_topic":0.01309},{"token":"0674nm","p_w_given_topic":0.013025},{"token":"1181nm","p_w_given_topic":0.012854},{"token":"1044nm","p_w_given_topic":0.012693},{"token":"0453nm","p_w_given_topic":0.012489},{"token":"0548nm","p_w_given_topic":0.01214}],[{"token":"0495nm","p_w_given_topic":0.026794},{"token":"0685nm","p_w_given_topic":0.023588},{"token":"0727nm","p_w_given_topic":0.022928},{"token":"0907nm","p_w_given_topic":0.020611},{"token":"0938nm","p_w_given_topic":0.01937},{"token":"0506nm","p_w_given_topic":0.019003},{"token":"0569nm","p_w_given_topic":0.018731},{"token":"0801nm","p_w_given_topic":0.018268},{"token":"0611nm","p_w_given_topic":0.017655},{"token":"0780nm","p_w_given_topic":0.017575},{"token":"1075nm","p_w_given_topic":0.017261},{"token":"0833nm","p_w_given_topic":0.016984},{"token":"0411nm","p_w_given_topic":0.01691},{"token":"0590nm","p_w_given_topic":0.016207},{"token":"0717nm","p_w_given_topic":0.016201},{"token":"0790nm","p_w_given_topic":0.015807},{"token":"0474nm","p_w_given_topic":0.015791},{"token":"0759nm","p_w_given_topic":0.015541},{"token":"0980nm","p_w_given_topic":0.015488},{"token":"0769nm","p_w_given_topic":0.015179},{"token":"0822nm","p_w_given_topic":0.014689},{"token":"1128nm","p_w_given_topic":0.01447},{"token":"0432nm","p_w_given_topic":0.014428},{"token":"1139nm","p_w_given_topic":0.013586},{"token":"0516nm","p_w_given_topic":0.013581},{"token":"0463nm","p_w_given_topic":0.012915},{"token":"0864nm","p_w_given_topic":0.012851},{"token":"1044nm","p_w_given_topic":0.012649},{"token":"0970nm","p_w_given_topic":0.012564},{"token":"1149nm","p_w_given_topic":0.012425}],[{"token":"1065nm","p_w_given_topic":0.026569},{"token":"0453nm","p_w_given_topic":0.023383},{"token":"1170nm","p_w_given_topic":0.023073},{"token":"1160nm","p_w_given_topic":0.022152},{"token":"1075nm","p_w_given_topic":0.021579},{"token":"0421nm","p_w_given_topic":0.019566},{"token":"0685nm","p_w_given_topic":0.019427},{"token":"0928nm","p_w_given_topic":0.018672},{"token":"1054nm","p_w_given_topic":0.018405},{"token":"0474nm","p_w_given_topic":0.017612},{"token":"0527nm","p_w_given_topic":0.017254},{"token":"1044nm","p_w_given_topic":0.016354},{"token":"0959nm","p_w_given_topic":0.015771},{"token":"0590nm","p_w_given_topic":0.015134},{"token":"0917nm","p_w_given_topic":0.014449},{"token":"1012nm","p_w_given_topic":0.014304},{"token":"0495nm","p_w_given_topic":0.014208},{"token":"0653nm","p_w_given_topic":0.01379},{"token":"0484nm","p_w_given_topic":0.013694},{"token":"0822nm","p_w_given_topic":0.013689},{"token":"0632nm","p_w_given_topic":0.012725},{"token":"0896nm","p_w_given_topic":0.012629},{"token":"0907nm","p_w_given_topic":0.012377},{"token":"0601nm","p_w_given_topic":0.01235},{"token":"0558nm","p_w_given_topic":0.012141},{"token":"0970nm","p_w_given_topic":0.012093},{"token":"0516nm","p_w_given_topic":0.012077},{"token":"0759nm","p_w_given_topic":0.011831},{"token":"0854nm","p_w_given_topic":0.011692},{"token":"0790nm","p_w_given_topic":0.01167}],[{"token":"0484nm","p_w_given_topic":0.03029},{"token":"0527nm","p_w_given_topic":0.023962},{"token":"0537nm","p_w_given_topic":0.0228},{"token":"0959nm","p_w_given_topic":0.022222},{"token":"0843nm","p_w_given_topic":0.021521},{"token":"0928nm","p_w_given_topic":0.020546},{"token":"0738nm","p_w_given_topic":0.019883},{"token":"0717nm","p_w_given_topic":0.019235},{"token":"0780nm","p_w_given_topic":0.018828},{"token":"0495nm","p_w_given_topic":0.017613},{"token":"0938nm","p_w_given_topic":0.017538},{"token":"0854nm","p_w_given_topic":0.016167},{"token":"0400nm","p_w_given_topic":0.015889},{"token":"0790nm","p_w_given_topic":0.015461},{"token":"1149nm","p_w_given_topic":0.015097},{"token":"0548nm","p_w_given_topic":0.014984},{"token":"1139nm","p_w_given_topic":0.01409},{"token":"0833nm","p_w_given_topic":0.014005},{"token":"0622nm","p_w_given_topic":0.013662},{"token":"1698nm","p_w_given_topic":0.013212},{"token":"1096nm","p_w_given_topic":0.012848},{"token":"0875nm","p_w_given_topic":0.012243},{"token":"0695nm","p_w_given_topic":0.012142},{"token":"1730nm","p_w_given_topic":0.01212},{"token":"1044nm","p_w_given_topic":0.012018},{"token":"0632nm","p_w_given_topic":0.01182},{"token":"0864nm","p_w_given_topic":0.011547},{"token":"0590nm","p_w_given_topic":0.011515},{"token":"1107nm","p_w_given_topic":0.011488},{"token":"0907nm","p_w_given_topic":0.011462}],[{"token":"0432nm","p_w_given_topic":0.031257},{"token":"0801nm","p_w_given_topic":0.028624},{"token":"0790nm","p_w_given_topic":0.022217},{"token":"0938nm","p_w_given_topic":0.022109},{"token":"1075nm","p_w_given_topic":0.022103},{"token":"0664nm","p_w_given_topic":0.022098},{"token":"0506nm","p_w_given_topic":0.02158},{"token":"0917nm","p_w_given_topic":0.020367},{"token":"1276nm","p_w_given_topic":0.019083},{"token":"0484nm","p_w_given_topic":0.018905},{"token":"0885nm","p_w_given_topic":0.018047},{"token":"0949nm","p_w_given_topic":0.016893},{"token":"0474nm","p_w_given_topic":0.016645},{"token":"1181nm","p_w_given_topic":0.016305},{"token":"0421nm","p_w_given_topic":0.015324},{"token":"1128nm","p_w_given_topic":0.015302},{"token":"0738nm","p_w_given_topic":0.014628},{"token":"0706nm","p_w_given_topic":0.014536},{"token":"0748nm","p_w_given_topic":0.014261},{"token":"0579nm","p_w_given_topic":0.014239},{"token":"0495nm","p_w_given_topic":0.013851},{"token":"1065nm","p_w_given_topic":0.0137},{"token":"1381nm","p_w_given_topic":0.013139},{"token":"0601nm","p_w_given_topic":0.012859},{"token":"0442nm","p_w_given_topic":0.01254},{"token":"0907nm","p_w_given_topic":0.011807},{"token":"0622nm","p_w_given_topic":0.011731},{"token":"0548nm","p_w_given_topic":0.01151},{"token":"0411nm","p_w_given_topic":0.011472},{"token":"0980nm","p_w_given_topic":0.010949}],[{"token":"0822nm","p_w_given_topic":0.028934},{"token":"0769nm","p_w_given_topic":0.026076},{"token":"0664nm","p_w_given_topic":0.025369},{"token":"1096nm","p_w_given_topic":0.024657},{"token":"1075nm","p_w_given_topic":0.0244},{"token":"1265nm","p_w_given_topic":0.023715},{"token":"0790nm","p_w_given_topic":0.022966},{"token":"1139nm","p_w_given_topic":0.022623},{"token":"0917nm","p_w_given_topic":0.020921},{"token":"0516nm","p_w_given_topic":0.02084},{"token":"0864nm","p_w_given_topic":0.020573},{"token":"0928nm","p_w_given_topic":0.020364},{"token":"1149nm","p_w_given_topic":0.017698},{"token":"0970nm","p_w_given_topic":0.017425},{"token":"0453nm","p_w_given_topic":0.016435},{"token":"0506nm","p_w_given_topic":0.01583},{"token":"0854nm","p_w_given_topic":0.015787},{"token":"0949nm","p_w_given_topic":0.015605},{"token":"0833nm","p_w_given_topic":0.015557},{"token":"0896nm","p_w_given_topic":0.015112},{"token":"0959nm","p_w_given_topic":0.014625},{"token":"0548nm","p_w_given_topic":0.01371},{"token":"0843nm","p_w_given_topic":0.013678},{"token":"0653nm","p_w_given_topic":0.013597},{"token":"0907nm","p_w_given_topic":0.013538},{"token":"1086nm","p_w_given_topic":0.013158},{"token":"0643nm","p_w_given_topic":0.013003},{"token":"0601nm","p_w_given_topic":0.012875},{"token":"0991nm","p_w_given_topic":0.012446},{"token":"0537nm","p_w_given_topic":0.01242}],[{"token":"0442nm","p_w_given_topic":0.027853},{"token":"0854nm","p_w_given_topic":0.027624},{"token":"0907nm","p_w_given_topic":0.022215},{"token":"0463nm","p_w_given_topic":0.021631},{"token":"0780nm","p_w_given_topic":0.020122},{"token":"0970nm","p_w_given_topic":0.020032},{"token":"0875nm","p_w_given_topic":0.019947},{"token":"1086nm","p_w_given_topic":0.019862},{"token":"0411nm","p_w_given_topic":0.019038},{"token":"0822nm","p_w_given_topic":0.018655},{"token":"1054nm","p_w_given_topic":0.017412},{"token":"0812nm","p_w_given_topic":0.016987},{"token":"0885nm","p_w_given_topic":0.016785},{"token":"0432nm","p_w_given_topic":0.01662},{"token":"0537nm","p_w_given_topic":0.015393},{"token":"0590nm","p_w_given_topic":0.01535},{"token":"1244nm","p_w_given_topic":0.01517},{"token":"1318nm","p_w_given_topic":0.015095},{"token":"0611nm","p_w_given_topic":0.014474},{"token":"1286nm","p_w_given_topic":0.01433},{"token":"0738nm","p_w_given_topic":0.014325},{"token":"0748nm","p_w_given_topic":0.013958},{"token":"0864nm","p_w_given_topic":0.013889},{"token":"0801nm","p_w_given_topic":0.013693},{"token":"1065nm","p_w_given_topic":0.013416},{"token":"0706nm","p_w_given_topic":0.013114},{"token":"1107nm","p_w_given_topic":0.012912},{"token":"0453nm","p_w_given_topic":0.012731},{"token":"0896nm","p_w_given_topic":0.01255},{"token":"1424nm","p_w_given_topic":0.011759}],[{"token":"0843nm","p_w_given_topic":0.036759},{"token":"0833nm","p_w_given_topic":0.028764},{"token":"0864nm","p_w_given_topic":0.021968},{"token":"1096nm","p_w_given_topic":0.021695},{"token":"1139nm","p_w_given_topic":0.021588},{"token":"1160nm","p_w_given_topic":0.020763},{"token":"0790nm","p_w_given_topic":0.019585},{"token":"1086nm","p_w_given_topic":0.01921},{"token":"0569nm","p_w_given_topic":0.017775},{"token":"0896nm","p_w_given_topic":0.017721},{"token":"0938nm","p_w_given_topic":0.01725},{"token":"1329nm","p_w_given_topic":0.0171},{"token":"1170nm","p_w_given_topic":0.016205},{"token":"0537nm","p_w_given_topic":0.016029},{"token":"0959nm","p_w_given_topic":0.014867},{"token":"0812nm","p_w_given_topic":0.014754},{"token":"0453nm","p_w_given_topic":0.014454},{"token":"0928nm","p_w_given_topic":0.014427},{"token":"0643nm","p_w_given_topic":0.014267},{"token":"0463nm","p_w_given_topic":0.013137},{"token":"0854nm","p_w_given_topic":0.01289},{"token":"1065nm","p_w_given_topic":0.012864},{"token":"1149nm","p_w_given_topic":0.012655},{"token":"0875nm","p_w_given_topic":0.012537},{"token":"1107nm","p_w_given_topic":0.012521},{"token":"0527nm","p_w_given_topic":0.012478},{"token":"0411nm","p_w_given_topic":0.01243},{"token":"0516nm","p_w_given_topic":0.01228},{"token":"1118nm","p_w_given_topic":0.012087},{"token":"1297nm","p_w_given_topic":0.011632}],[{"token":"0843nm","p_w_given_topic":0.02664},{"token":"0558nm","p_w_given_topic":0.021123},{"token":"1191nm","p_w_given_topic":0.020343},{"token":"0622nm","p_w_given_topic":0.019811},{"token":"0769nm","p_w_given_topic":0.019574},{"token":"0864nm","p_w_given_topic":0.018929},{"token":"0812nm","p_w_given_topic":0.01859},{"token":"0506nm","p_w_given_topic":0.017805},{"token":"0579nm","p_w_given_topic":0.017283},{"token":"1297nm","p_w_given_topic":0.016821},{"token":"0537nm","p_w_given_topic":0.016439},{"token":"1075nm","p_w_given_topic":0.016321},{"token":"0727nm","p_w_given_topic":0.016283},{"token":"0748nm","p_w_given_topic":0.015805},{"token":"0801nm","p_w_given_topic":0.01574},{"token":"0917nm","p_w_given_topic":0.015342},{"token":"0896nm","p_w_given_topic":0.015294},{"token":"0938nm","p_w_given_topic":0.01489},{"token":"1118nm","p_w_given_topic":0.014632},{"token":"1023nm","p_w_given_topic":0.014541},{"token":"0833nm","p_w_given_topic":0.014283},{"token":"0632nm","p_w_given_topic":0.013906},{"token":"0822nm","p_w_given_topic":0.013132},{"token":"0738nm","p_w_given_topic":0.013116},{"token":"0780nm","p_w_given_topic":0.013014},{"token":"0928nm","p_w_given_topic":0.012874},{"token":"1149nm","p_w_given_topic":0.012627},{"token":"0569nm","p_w_given_topic":0.012293},{"token":"0400nm","p_w_given_topic":0.011911},{"token":"0685nm","p_w_given_topic":0.011847}],[{"token":"0949nm","p_w_given_topic":0.029339},{"token":"0885nm","p_w_given_topic":0.025556},{"token":"0432nm","p_w_given_topic":0.021768},{"token":"0822nm","p_w_given_topic":0.021494},{"token":"0917nm","p_w_given_topic":0.021178},{"token":"1033nm","p_w_given_topic":0.020781},{"token":"0527nm","p_w_given_topic":0.020228},{"token":"0474nm","p_w_given_topic":0.019692},{"token":"0759nm","p_w_given_topic":0.017417},{"token":"0843nm","p_w_given_topic":0.01724},{"token":"1360nm","p_w_given_topic":0.017202},{"token":"0421nm","p_w_given_topic":0.017159},{"token":"0463nm","p_w_given_topic":0.016859},{"token":"0780nm","p_w_given_topic":0.016751},{"token":"0643nm","p_w_given_topic":0.016494},{"token":"0938nm","p_w_given_topic":0.016306},{"token":"0896nm","p_w_given_topic":0.016032},{"token":"0674nm","p_w_given_topic":0.01556},{"token":"0801nm","p_w_given_topic":0.015533},{"token":"0548nm","p_w_given_topic":0.015201},{"token":"0928nm","p_w_given_topic":0.015066},{"token":"1054nm","p_w_given_topic":0.014712},{"token":"0959nm","p_w_given_topic":0.014643},{"token":"1044nm","p_w_given_topic":0.014117},{"token":"0685nm","p_w_given_topic":0.013945},{"token":"0748nm","p_w_given_topic":0.013838},{"token":"1381nm","p_w_given_topic":0.013789},{"token":"0484nm","p_w_given_topic":0.013553},{"token":"0875nm","p_w_given_topic":0.013328},{"token":"0833nm","p_w_given_topic":0.012738}]],"perplexity":96.9675340747829,"reconstruction_err":null,"coherence":{"top_n":15,"c_v":0.426339,"c_npmi":-0.649759,"u_mass":0.0},"topic_distance_js":[[0.0,0.125101,0.144537,0.140417,0.137978,0.132467,0.135845,0.149012,0.161451,0.15926,0.136882,0.130948],[0.125101,0.0,0.142387,0.128806,0.143151,0.131238,0.138388,0.13437,0.134026,0.122068,0.14419,0.141605],[0.144537,0.142387,0.0,0.146036,0.123358,0.156056,0.170459,0.130344,0.138977,0.140596,0.154261,0.1351],[0.140417,0.128806,0.146036,0.0,0.134769,0.144162,0.126519,0.150986,0.143769,0.140513,0.128566,0.130703],[0.137978,0.143151,0.123358,0.134769,0.0,0.149867,0.147965,0.141747,0.151572,0.122612,0.150169,0.132783],[0.132467,0.131238,0.156056,0.144162,0.149867,0.0,0.155672,0.154164,0.139351,0.12587,0.13491,0.135437],[0.135845,0.138388,0.170459,0.126519,0.147965,0.155672,0.0,0.160237,0.167775,0.164002,0.15445,0.149574],[0.149012,0.13437,0.130344,0.150986,0.141747,0.154164,0.160237,0.0,0.150747,0.135216,0.148894,0.159884],[0.161451,0.134026,0.138977,0.143769,0.151572,0.139351,0.167775,0.150747,0.0,0.129399,0.135982,0.14849],[0.15926,0.122068,0.140596,0.140513,0.122612,0.12587,0.164002,0.135216,0.129399,0.0,0.13308,0.140761],[0.136882,0.14419,0.154261,0.128566,0.150169,0.13491,0.15445,0.148894,0.135982,0.13308,0.0,0.150234],[0.130948,0.141605,0.1351,0.130703,0.132783,0.135437,0.149574,0.159884,0.14849,0.140761,0.150234,0.0]],"topic_intertopic_2d_js":[[0.071581,-0.246464],[0.125941,0.029285],[0.20664,0.184691],[0.040498,0.234573],[-0.179012,-0.163163],[-0.258336,-0.033177],[-0.06588,-0.250111],[0.282297,-0.014032],[-0.056042,0.063646],[-0.219539,0.110018],[-0.123192,0.246632],[0.175045,-0.161898]],"K_live":null,"topic_correlation":[[[1.0,0.00538957305252552,0.013233064673841,0.002982409903779626,0.027230773121118546,-0.008528288453817368,0.006219472736120224,-0.007099066860973835,-0.008719666860997677,0.010993491858243942,0.025739528238773346,0.03135049343109131],[0.00538957305252552,1.0,0.03535210341215134,0.03235188499093056,0.009870481677353382,0.017371531575918198,-0.0128898611292243,0.01911054737865925,0.022617878392338753,0.00011920566612388939,0.010322581976652145,0.013699647039175034],[0.013233064673841,0.03535210341215134,1.0,0.029162781313061714,0.02638200856745243,0.015199742279946804,0.022807756438851357,0.0013143237447366118,0.0358249694108963,-0.013798998668789864,0.008261549286544323,0.03515409305691719],[0.002982409903779626,0.03235188499093056,0.029162781313061714,1.0,-0.0114491768181324,0.011507121846079826,0.019709987565875053,0.010132569819688797,-0.017268184572458267,0.005106701049953699,0.03649337217211723,0.016978396102786064],[0.027230773121118546,0.009870481677353382,0.02638200856745243,-0.0114491768181324,1.0,0.007767301518470049,-0.0068852463737130165,0.013459679670631886,0.035621896386146545,0.019171254709362984,0.019061371684074402,0.009572395123541355],[-0.008528288453817368,0.017371531575918198,0.015199742279946804,0.011507121846079826,0.007767301518470049,1.0,0.017196256667375565,0.025871917605400085,0.01721685193479061,0.005392868537455797,0.037649400532245636,0.0033526683691889048],[0.006219472736120224,-0.0128898611292243,0.022807756438851357,0.019709987565875053,-0.0068852463737130165,0.017196256667375565,1.0,-0.013484214432537556,-0.02335386350750923,0.0008523095166310668,0.036031052470207214,0.04808460548520088],[-0.007099066860973835,0.01911054737865925,0.0013143237447366118,0.010132569819688797,0.013459679670631886,0.025871917605400085,-0.013484214432537556,1.0,0.0140152582898736,0.028654323890805244,0.024202808737754822,0.018562648445367813],[-0.008719666860997677,0.022617878392338753,0.0358249694108963,-0.017268184572458267,0.035621896386146545,0.01721685193479061,-0.02335386350750923,0.0140152582898736,1.0,0.019627247005701065,-0.03358651325106621,0.024025190621614456],[0.010993491858243942,0.00011920566612388939,-0.013798998668789864,0.005106701049953699,0.019171254709362984,0.005392868537455797,0.0008523095166310668,0.028654323890805244,0.019627247005701065,1.0,0.028027571737766266,-0.014253851026296616],[0.025739528238773346,0.010322581976652145,0.008261549286544323,0.03649337217211723,0.019061371684074402,0.037649400532245636,0.036031052470207214,0.024202808737754822,-0.03358651325106621,0.028027571737766266,1.0,0.046650856733322144],[0.03135049343109131,0.013699647039175034,0.03515409305691719,0.016978396102786064,0.009572395123541355,0.0033526683691889048,0.04808460548520088,0.018562648445367813,0.024025190621614456,-0.014253851026296616,0.046650856733322144,1.0]],[[6.428540782997958e-40,6.428554795982601e-40,9.184110135184851e-41,4.591928950730636e-40,4.591914937745993e-40,3.673573989150724e-40,6.4285828219518875e-40,6.428568808967244e-40,9.183689745645554e-41,2.7551769886168823e-40,1.8367099231598242e-40,8.265320771080998e-40],[1.0101946616332963e-39,2.755219027570812e-40,1.0101918590363677e-39,3.6735319501967944e-40,6.428540782997958e-40,4.5917748078995606e-40,1.8368220270369702e-40,8.265222680188496e-40,4.203895392974451e-45,9.18467065457058e-41,6.428484731059385e-40,6.428596834936531e-40],[9.18467065457058e-41,5.510241873356619e-40,9.184250265031284e-41,1.8367799880830405e-40,6.4285267700133146e-40,6.428568808967244e-40,9.183703758630197e-40,1.0101960629317606e-39,2.755162975632239e-40,1.010201668125618e-39,1.0102058720210109e-39,9.184810784417013e-41],[5.510143782464116e-40,9.184950914263446e-41,1.401298464324817e-45,5.510185821418046e-40,9.183689745645554e-41,2.755092910709023e-40,9.183829875491986e-41,2.755219027570812e-40,1.2611686178923354e-44,3.673573989150724e-40,6.428596834936531e-40,7.346909757562513e-40],[9.183647706691624e-40,9.183605667737694e-40,1.8368500530062567e-40,9.184530524724149e-41,7.006492321624085e-45,3.6734758982582215e-40,9.183591654753051e-40,6.428610847921174e-40,9.183563628783764e-40,7.34685370562394e-40,1.1210387714598537e-44,1.0102002668271536e-39],[6.428596834936531e-40,1.010193260334832e-39,5.5102839123105484e-40,8.265292745111712e-40,4.591788820884204e-40,1.010197464230225e-39,2.755219027570812e-40,2.7551209366783093e-40,9.184530524724149e-41,3.673447872288935e-40,1.836751962113754e-40,1.0101918590363677e-39],[1.010193260334832e-39,7.346951796516443e-40,8.265194654219209e-40,7.3469377835318e-40,9.185091044109878e-41,2.755106923693666e-40,9.185091044109878e-41,3.673503924227508e-40,1.8367659750983972e-40,3.673489911242865e-40,6.4285267700133146e-40,6.428484731059385e-40],[1.8367379491291107e-40,5.5102278603719754e-40,5.510185821418046e-40,1.8367239361444675e-40,2.802596928649634e-45,6.4286388738904605e-40,3.673559976166081e-40,9.183970005338419e-41,4.591928950730636e-40,3.673461885273578e-40,9.18467065457058e-41,8.265264719142425e-40],[4.203895392974451e-45,1.5414283107572988e-44,9.184530524724149e-41,1.836808014052327e-40,9.183661719676267e-40,5.510241873356619e-40,1.8367659750983972e-40,4.59181684685349e-40,5.510255886341262e-40,2.7551209366783093e-40,9.183703758630197e-40,1.0101960629317606e-39],[1.010201668125618e-39,1.0101904577379033e-39,9.184810784417013e-41,2.7551910016015256e-40,7.346909757562513e-40,2.755106923693666e-40,4.59181684685349e-40,4.591928950730636e-40,1.8368500530062567e-40,1.836751962113754e-40,9.18367573266091e-40,9.183577641768408e-40],[5.5101718084334024e-40,9.183661719676267e-40,7.34689574457787e-40,2.755205014586169e-40,5.5102839123105484e-40,3.673573989150724e-40,9.185091044109878e-41,0.0,1.010197464230225e-39,9.183591654753051e-40,8.265348797050285e-40,6.4285828219518875e-40],[9.183577641768408e-40,7.34689574457787e-40,2.755205014586169e-40,4.5918869117767066e-40,9.183689745645554e-41,0.0,0.0,0.0,0.0,0.0,0.0,2.571393892423754e-39]]],"wavelengths_nm":[400.0,410.55,421.11,431.66,442.21,452.76,463.32,473.87,484.42,494.97,505.53,516.08,526.63,537.19,547.74,558.29,568.84,579.4,589.95,600.5,611.06,621.61,632.16,642.71,653.27,663.82,674.37,684.92,695.48,706.03,716.58,727.14,737.69,748.24,758.79,769.35,779.9,790.45,801.01,811.56,822.11,832.66,843.22,853.77,864.32,874.87,885.43,895.98,906.53,917.09,927.64,938.19,948.74,959.3,969.85,980.4,990.95,1001.51,1012.06,1022.61,1033.17,1043.72,1054.27,1064.82,1075.38,1085.93,1096.48,1107.04,1117.59,1128.14,1138.69,1149.25,1159.8,1170.35,1180.9,1191.46,1202.01,1212.56,1223.12,1233.67,1244.22,1254.77,1265.33,1275.88,1286.43,1296.98,1307.54,1318.09,1328.64,1339.2,1349.75,1360.3,1370.85,1381.41,1391.96,1402.51,1413.07,1423.62,1434.17,1444.72,1455.28,1465.83,1476.38,1486.93,1497.49,1508.04,1518.59,1529.15,1539.7,1550.25,1560.8,1571.36,1581.91,1592.46,1603.02,1613.57,1624.12,1634.67,1645.23,1655.78,1666.33,1676.88,1687.44,1697.99,1708.54,1719.1,1729.65,1740.2,1750.75,1761.31,1771.86,1782.41,1792.96,1803.52,1814.07,1824.62,1835.18,1845.73,1856.28,1866.83,1877.39,1887.94,1898.49,1909.05,1919.6,1930.15,1940.7,1951.26,1961.81,1972.36,1982.91,1993.47,2004.02,2014.57,2025.13,2035.68,2046.23,2056.78,2067.34,2077.89,2088.44,2098.99,2109.55,2120.1,2130.65,2141.21,2151.76,2162.31,2172.86,2183.42,2193.97,2204.52,2215.08,2225.63,2236.18,2246.73,2257.29,2267.84,2278.39,2288.94,2299.5,2310.05,2320.6,2331.16,2341.71,2352.26,2362.81,2373.37,2383.92,2394.47,2405.03,2415.58,2426.13,2436.68,2447.24,2457.79,2468.34,2478.89,2489.45,2500.0],"generated_at":"2026-05-03T22:24:18Z","builder_version":"build_topic_model_variants v0.1"}