{"scene_id":"indian-pines-corrected","variant":"tomotopy_ctm","topic_count":12,"vocabulary_size":200,"document_count":2812,"topic_prevalence":[0.083591,0.083017,0.083227,0.083269,0.083668,0.082896,0.083582,0.082965,0.083188,0.083875,0.083373,0.08335],"top_words_per_topic":[[{"token":"0474nm","p_w_given_topic":0.028027},{"token":"1139nm","p_w_given_topic":0.027306},{"token":"0843nm","p_w_given_topic":0.02317},{"token":"1128nm","p_w_given_topic":0.022327},{"token":"0590nm","p_w_given_topic":0.021024},{"token":"0907nm","p_w_given_topic":0.020795},{"token":"0495nm","p_w_given_topic":0.020266},{"token":"0484nm","p_w_given_topic":0.019017},{"token":"0970nm","p_w_given_topic":0.018836},{"token":"0453nm","p_w_given_topic":0.018009},{"token":"1075nm","p_w_given_topic":0.017816},{"token":"0463nm","p_w_given_topic":0.016861},{"token":"0949nm","p_w_given_topic":0.016605},{"token":"0822nm","p_w_given_topic":0.01645},{"token":"0738nm","p_w_given_topic":0.016242},{"token":"0516nm","p_w_given_topic":0.015852},{"token":"1107nm","p_w_given_topic":0.015286},{"token":"0928nm","p_w_given_topic":0.015164},{"token":"0780nm","p_w_given_topic":0.014288},{"token":"1054nm","p_w_given_topic":0.014134},{"token":"1002nm","p_w_given_topic":0.013963},{"token":"0959nm","p_w_given_topic":0.013819},{"token":"0432nm","p_w_given_topic":0.013429},{"token":"1170nm","p_w_given_topic":0.013354},{"token":"0442nm","p_w_given_topic":0.013157},{"token":"0885nm","p_w_given_topic":0.013018},{"token":"0632nm","p_w_given_topic":0.012298},{"token":"0759nm","p_w_given_topic":0.012207},{"token":"0664nm","p_w_given_topic":0.011999},{"token":"0548nm","p_w_given_topic":0.011951}],[{"token":"0822nm","p_w_given_topic":0.02893},{"token":"0653nm","p_w_given_topic":0.024869},{"token":"0453nm","p_w_given_topic":0.02215},{"token":"0854nm","p_w_given_topic":0.02186},{"token":"0706nm","p_w_given_topic":0.0212},{"token":"0875nm","p_w_given_topic":0.020549},{"token":"0611nm","p_w_given_topic":0.019878},{"token":"0833nm","p_w_given_topic":0.01882},{"token":"0632nm","p_w_given_topic":0.018374},{"token":"0938nm","p_w_given_topic":0.01811},{"token":"0569nm","p_w_given_topic":0.018067},{"token":"1096nm","p_w_given_topic":0.01767},{"token":"0527nm","p_w_given_topic":0.017573},{"token":"0516nm","p_w_given_topic":0.017229},{"token":"0769nm","p_w_given_topic":0.017143},{"token":"0506nm","p_w_given_topic":0.017138},{"token":"1054nm","p_w_given_topic":0.01674},{"token":"0812nm","p_w_given_topic":0.016665},{"token":"0537nm","p_w_given_topic":0.016354},{"token":"0843nm","p_w_given_topic":0.015865},{"token":"0801nm","p_w_given_topic":0.015043},{"token":"1118nm","p_w_given_topic":0.01428},{"token":"0885nm","p_w_given_topic":0.013984},{"token":"0759nm","p_w_given_topic":0.013028},{"token":"0664nm","p_w_given_topic":0.012813},{"token":"0790nm","p_w_given_topic":0.012797},{"token":"0442nm","p_w_given_topic":0.012636},{"token":"0896nm","p_w_given_topic":0.0124},{"token":"1128nm","p_w_given_topic":0.012195},{"token":"0463nm","p_w_given_topic":0.012093}],[{"token":"0938nm","p_w_given_topic":0.036074},{"token":"0907nm","p_w_given_topic":0.028082},{"token":"1424nm","p_w_given_topic":0.023909},{"token":"0484nm","p_w_given_topic":0.022811},{"token":"0980nm","p_w_given_topic":0.022143},{"token":"0959nm","p_w_given_topic":0.021583},{"token":"0843nm","p_w_given_topic":0.021168},{"token":"0928nm","p_w_given_topic":0.019946},{"token":"1086nm","p_w_given_topic":0.019537},{"token":"0759nm","p_w_given_topic":0.018573},{"token":"0790nm","p_w_given_topic":0.016936},{"token":"0442nm","p_w_given_topic":0.016909},{"token":"0917nm","p_w_given_topic":0.016015},{"token":"0548nm","p_w_given_topic":0.015116},{"token":"1096nm","p_w_given_topic":0.014496},{"token":"0896nm","p_w_given_topic":0.013915},{"token":"0875nm","p_w_given_topic":0.013888},{"token":"1223nm","p_w_given_topic":0.013866},{"token":"0727nm","p_w_given_topic":0.013818},{"token":"1329nm","p_w_given_topic":0.013699},{"token":"0780nm","p_w_given_topic":0.013457},{"token":"1149nm","p_w_given_topic":0.013398},{"token":"0812nm","p_w_given_topic":0.013306},{"token":"1107nm","p_w_given_topic":0.01266},{"token":"1044nm","p_w_given_topic":0.012213},{"token":"0590nm","p_w_given_topic":0.012084},{"token":"1128nm","p_w_given_topic":0.011976},{"token":"1339nm","p_w_given_topic":0.011922},{"token":"0537nm","p_w_given_topic":0.011906},{"token":"0421nm","p_w_given_topic":0.011809}],[{"token":"0917nm","p_w_given_topic":0.035159},{"token":"0484nm","p_w_given_topic":0.030116},{"token":"0949nm","p_w_given_topic":0.023128},{"token":"0622nm","p_w_given_topic":0.021942},{"token":"0527nm","p_w_given_topic":0.019821},{"token":"0790nm","p_w_given_topic":0.018918},{"token":"0970nm","p_w_given_topic":0.017866},{"token":"0601nm","p_w_given_topic":0.017844},{"token":"0611nm","p_w_given_topic":0.017465},{"token":"0864nm","p_w_given_topic":0.01684},{"token":"1255nm","p_w_given_topic":0.016289},{"token":"1065nm","p_w_given_topic":0.015712},{"token":"0928nm","p_w_given_topic":0.015349},{"token":"0822nm","p_w_given_topic":0.015317},{"token":"0474nm","p_w_given_topic":0.014623},{"token":"0569nm","p_w_given_topic":0.014078},{"token":"1118nm","p_w_given_topic":0.013533},{"token":"0579nm","p_w_given_topic":0.013367},{"token":"0854nm","p_w_given_topic":0.013314},{"token":"0442nm","p_w_given_topic":0.013159},{"token":"1107nm","p_w_given_topic":0.013063},{"token":"0537nm","p_w_given_topic":0.01287},{"token":"0495nm","p_w_given_topic":0.012828},{"token":"0833nm","p_w_given_topic":0.012518},{"token":"0506nm","p_w_given_topic":0.012363},{"token":"0801nm","p_w_given_topic":0.012277},{"token":"0812nm","p_w_given_topic":0.011967},{"token":"1835nm","p_w_given_topic":0.011732},{"token":"0748nm","p_w_given_topic":0.011657},{"token":"0432nm","p_w_given_topic":0.011444}],[{"token":"0558nm","p_w_given_topic":0.030538},{"token":"0790nm","p_w_given_topic":0.027857},{"token":"0537nm","p_w_given_topic":0.025577},{"token":"0938nm","p_w_given_topic":0.025502},{"token":"0917nm","p_w_given_topic":0.023297},{"token":"0833nm","p_w_given_topic":0.022352},{"token":"0980nm","p_w_given_topic":0.022277},{"token":"0812nm","p_w_given_topic":0.020675},{"token":"0854nm","p_w_given_topic":0.019223},{"token":"0643nm","p_w_given_topic":0.016964},{"token":"0949nm","p_w_given_topic":0.016452},{"token":"0674nm","p_w_given_topic":0.016297},{"token":"0653nm","p_w_given_topic":0.016142},{"token":"1276nm","p_w_given_topic":0.016137},{"token":"0970nm","p_w_given_topic":0.015709},{"token":"0622nm","p_w_given_topic":0.015223},{"token":"0527nm","p_w_given_topic":0.014492},{"token":"0463nm","p_w_given_topic":0.014177},{"token":"1265nm","p_w_given_topic":0.014134},{"token":"1118nm","p_w_given_topic":0.013782},{"token":"1160nm","p_w_given_topic":0.013435},{"token":"1065nm","p_w_given_topic":0.013419},{"token":"1360nm","p_w_given_topic":0.012837},{"token":"0801nm","p_w_given_topic":0.012623},{"token":"0590nm","p_w_given_topic":0.012618},{"token":"0569nm","p_w_given_topic":0.012367},{"token":"1139nm","p_w_given_topic":0.012223},{"token":"0928nm","p_w_given_topic":0.012207},{"token":"1128nm","p_w_given_topic":0.0121},{"token":"0685nm","p_w_given_topic":0.012052}],[{"token":"0579nm","p_w_given_topic":0.024724},{"token":"0411nm","p_w_given_topic":0.023968},{"token":"0833nm","p_w_given_topic":0.022535},{"token":"0907nm","p_w_given_topic":0.022218},{"token":"0622nm","p_w_given_topic":0.022127},{"token":"0653nm","p_w_given_topic":0.020581},{"token":"0506nm","p_w_given_topic":0.019503},{"token":"0864nm","p_w_given_topic":0.019411},{"token":"0885nm","p_w_given_topic":0.019213},{"token":"0928nm","p_w_given_topic":0.019095},{"token":"0527nm","p_w_given_topic":0.018885},{"token":"0643nm","p_w_given_topic":0.018204},{"token":"0854nm","p_w_given_topic":0.018156},{"token":"0664nm","p_w_given_topic":0.017844},{"token":"0959nm","p_w_given_topic":0.017554},{"token":"0727nm","p_w_given_topic":0.01705},{"token":"0822nm","p_w_given_topic":0.01566},{"token":"0875nm","p_w_given_topic":0.015381},{"token":"1381nm","p_w_given_topic":0.01405},{"token":"0685nm","p_w_given_topic":0.013707},{"token":"0780nm","p_w_given_topic":0.013374},{"token":"1286nm","p_w_given_topic":0.013175},{"token":"1086nm","p_w_given_topic":0.013014},{"token":"1424nm","p_w_given_topic":0.012923},{"token":"1170nm","p_w_given_topic":0.012558},{"token":"0495nm","p_w_given_topic":0.012419},{"token":"0917nm","p_w_given_topic":0.012386},{"token":"0421nm","p_w_given_topic":0.012381},{"token":"0432nm","p_w_given_topic":0.012376},{"token":"0601nm","p_w_given_topic":0.012172}],[{"token":"0843nm","p_w_given_topic":0.029675},{"token":"0453nm","p_w_given_topic":0.025047},{"token":"0495nm","p_w_given_topic":0.024156},{"token":"0991nm","p_w_given_topic":0.022562},{"token":"0833nm","p_w_given_topic":0.021538},{"token":"0558nm","p_w_given_topic":0.019538},{"token":"0759nm","p_w_given_topic":0.019458},{"token":"1065nm","p_w_given_topic":0.019325},{"token":"0432nm","p_w_given_topic":0.017864},{"token":"1730nm","p_w_given_topic":0.017389},{"token":"1044nm","p_w_given_topic":0.016456},{"token":"0822nm","p_w_given_topic":0.016285},{"token":"1149nm","p_w_given_topic":0.016243},{"token":"0516nm","p_w_given_topic":0.015822},{"token":"0928nm","p_w_given_topic":0.015534},{"token":"0907nm","p_w_given_topic":0.015304},{"token":"0632nm","p_w_given_topic":0.014174},{"token":"0685nm","p_w_given_topic":0.014152},{"token":"1371nm","p_w_given_topic":0.01411},{"token":"0801nm","p_w_given_topic":0.014088},{"token":"0463nm","p_w_given_topic":0.013843},{"token":"0653nm","p_w_given_topic":0.013833},{"token":"0780nm","p_w_given_topic":0.012787},{"token":"0938nm","p_w_given_topic":0.01259},{"token":"1286nm","p_w_given_topic":0.01235},{"token":"0790nm","p_w_given_topic":0.012243},{"token":"0738nm","p_w_given_topic":0.012057},{"token":"0537nm","p_w_given_topic":0.011929},{"token":"0727nm","p_w_given_topic":0.011876},{"token":"0769nm","p_w_given_topic":0.011625}],[{"token":"1075nm","p_w_given_topic":0.026313},{"token":"0896nm","p_w_given_topic":0.023543},{"token":"0907nm","p_w_given_topic":0.022489},{"token":"0854nm","p_w_given_topic":0.022183},{"token":"1054nm","p_w_given_topic":0.020037},{"token":"0885nm","p_w_given_topic":0.019628},{"token":"0506nm","p_w_given_topic":0.01944},{"token":"1096nm","p_w_given_topic":0.017655},{"token":"0801nm","p_w_given_topic":0.017397},{"token":"1170nm","p_w_given_topic":0.016945},{"token":"1392nm","p_w_given_topic":0.016515},{"token":"0748nm","p_w_given_topic":0.016461},{"token":"0527nm","p_w_given_topic":0.016149},{"token":"0790nm","p_w_given_topic":0.016085},{"token":"1002nm","p_w_given_topic":0.016063},{"token":"0780nm","p_w_given_topic":0.01573},{"token":"1065nm","p_w_given_topic":0.015708},{"token":"0928nm","p_w_given_topic":0.015531},{"token":"1128nm","p_w_given_topic":0.015342},{"token":"0601nm","p_w_given_topic":0.01531},{"token":"1086nm","p_w_given_topic":0.01517},{"token":"0495nm","p_w_given_topic":0.014068},{"token":"0569nm","p_w_given_topic":0.013691},{"token":"0579nm","p_w_given_topic":0.013573},{"token":"0938nm","p_w_given_topic":0.013546},{"token":"1360nm","p_w_given_topic":0.013466},{"token":"0548nm","p_w_given_topic":0.012643},{"token":"1118nm","p_w_given_topic":0.012492},{"token":"0421nm","p_w_given_topic":0.012428},{"token":"0970nm","p_w_given_topic":0.012132}],[{"token":"1149nm","p_w_given_topic":0.026188},{"token":"0822nm","p_w_given_topic":0.02398},{"token":"0801nm","p_w_given_topic":0.022991},{"token":"0695nm","p_w_given_topic":0.022347},{"token":"0896nm","p_w_given_topic":0.021106},{"token":"1054nm","p_w_given_topic":0.020166},{"token":"0875nm","p_w_given_topic":0.019371},{"token":"0833nm","p_w_given_topic":0.019065},{"token":"0864nm","p_w_given_topic":0.019059},{"token":"1318nm","p_w_given_topic":0.018334},{"token":"0717nm","p_w_given_topic":0.017646},{"token":"0780nm","p_w_given_topic":0.017308},{"token":"1107nm","p_w_given_topic":0.016712},{"token":"0854nm","p_w_given_topic":0.016529},{"token":"0643nm","p_w_given_topic":0.015917},{"token":"0769nm","p_w_given_topic":0.015702},{"token":"0601nm","p_w_given_topic":0.015653},{"token":"0463nm","p_w_given_topic":0.015632},{"token":"1118nm","p_w_given_topic":0.015546},{"token":"1086nm","p_w_given_topic":0.015369},{"token":"0590nm","p_w_given_topic":0.015165},{"token":"0516nm","p_w_given_topic":0.015025},{"token":"0938nm","p_w_given_topic":0.014488},{"token":"0664nm","p_w_given_topic":0.01431},{"token":"0790nm","p_w_given_topic":0.014085},{"token":"1044nm","p_w_given_topic":0.013392},{"token":"0569nm","p_w_given_topic":0.013021},{"token":"1350nm","p_w_given_topic":0.012941},{"token":"0907nm","p_w_given_topic":0.012828},{"token":"1128nm","p_w_given_topic":0.012538}],[{"token":"0421nm","p_w_given_topic":0.028021},{"token":"0474nm","p_w_given_topic":0.02319},{"token":"0928nm","p_w_given_topic":0.022619},{"token":"0896nm","p_w_given_topic":0.022603},{"token":"0833nm","p_w_given_topic":0.019916},{"token":"1139nm","p_w_given_topic":0.019095},{"token":"1308nm","p_w_given_topic":0.018583},{"token":"0548nm","p_w_given_topic":0.018108},{"token":"0411nm","p_w_given_topic":0.017292},{"token":"0843nm","p_w_given_topic":0.017282},{"token":"0991nm","p_w_given_topic":0.017079},{"token":"0632nm","p_w_given_topic":0.016061},{"token":"0590nm","p_w_given_topic":0.016029},{"token":"0643nm","p_w_given_topic":0.015799},{"token":"0980nm","p_w_given_topic":0.015799},{"token":"1107nm","p_w_given_topic":0.015586},{"token":"1065nm","p_w_given_topic":0.015554},{"token":"0854nm","p_w_given_topic":0.014557},{"token":"0442nm","p_w_given_topic":0.014381},{"token":"0822nm","p_w_given_topic":0.014157},{"token":"0885nm","p_w_given_topic":0.014114},{"token":"0801nm","p_w_given_topic":0.013373},{"token":"0780nm","p_w_given_topic":0.012765},{"token":"0579nm","p_w_given_topic":0.012675},{"token":"0432nm","p_w_given_topic":0.01236},{"token":"1170nm","p_w_given_topic":0.011827},{"token":"0400nm","p_w_given_topic":0.011475},{"token":"1160nm","p_w_given_topic":0.011443},{"token":"1086nm","p_w_given_topic":0.010862},{"token":"0875nm","p_w_given_topic":0.010851}],[{"token":"0717nm","p_w_given_topic":0.029712},{"token":"1403nm","p_w_given_topic":0.028486},{"token":"1096nm","p_w_given_topic":0.027849},{"token":"0801nm","p_w_given_topic":0.02342},{"token":"0780nm","p_w_given_topic":0.022911},{"token":"0896nm","p_w_given_topic":0.022681},{"token":"0463nm","p_w_given_topic":0.020683},{"token":"0875nm","p_w_given_topic":0.019928},{"token":"0506nm","p_w_given_topic":0.018964},{"token":"1350nm","p_w_given_topic":0.018734},{"token":"0769nm","p_w_given_topic":0.018514},{"token":"1160nm","p_w_given_topic":0.018316},{"token":"0790nm","p_w_given_topic":0.017154},{"token":"0885nm","p_w_given_topic":0.015874},{"token":"0917nm","p_w_given_topic":0.015563},{"token":"0516nm","p_w_given_topic":0.015419},{"token":"1371nm","p_w_given_topic":0.015376},{"token":"1329nm","p_w_given_topic":0.015328},{"token":"0453nm","p_w_given_topic":0.01507},{"token":"0938nm","p_w_given_topic":0.014803},{"token":"0685nm","p_w_given_topic":0.014535},{"token":"1075nm","p_w_given_topic":0.013748},{"token":"0907nm","p_w_given_topic":0.013046},{"token":"1023nm","p_w_given_topic":0.012527},{"token":"1149nm","p_w_given_topic":0.012457},{"token":"0569nm","p_w_given_topic":0.012264},{"token":"1107nm","p_w_given_topic":0.012146},{"token":"0949nm","p_w_given_topic":0.012125},{"token":"0970nm","p_w_given_topic":0.011482},{"token":"1276nm","p_w_given_topic":0.011332}],[{"token":"0949nm","p_w_given_topic":0.030796},{"token":"1065nm","p_w_given_topic":0.029261},{"token":"0864nm","p_w_given_topic":0.028609},{"token":"0558nm","p_w_given_topic":0.02632},{"token":"0748nm","p_w_given_topic":0.022508},{"token":"0611nm","p_w_given_topic":0.021631},{"token":"0463nm","p_w_given_topic":0.020914},{"token":"0833nm","p_w_given_topic":0.019903},{"token":"0885nm","p_w_given_topic":0.018235},{"token":"0822nm","p_w_given_topic":0.017262},{"token":"0548nm","p_w_given_topic":0.016566},{"token":"0474nm","p_w_given_topic":0.016449},{"token":"1160nm","p_w_given_topic":0.016395},{"token":"0674nm","p_w_given_topic":0.016053},{"token":"0801nm","p_w_given_topic":0.016037},{"token":"0590nm","p_w_given_topic":0.015754},{"token":"1244nm","p_w_given_topic":0.015567},{"token":"0790nm","p_w_given_topic":0.015518},{"token":"0400nm","p_w_given_topic":0.014337},{"token":"0843nm","p_w_given_topic":0.014021},{"token":"1107nm","p_w_given_topic":0.012818},{"token":"0959nm","p_w_given_topic":0.012748},{"token":"1118nm","p_w_given_topic":0.012738},{"token":"0453nm","p_w_given_topic":0.012235},{"token":"1128nm","p_w_given_topic":0.012133},{"token":"0780nm","p_w_given_topic":0.012075},{"token":"1318nm","p_w_given_topic":0.011855},{"token":"0579nm","p_w_given_topic":0.011064},{"token":"0495nm","p_w_given_topic":0.010941},{"token":"1339nm","p_w_given_topic":0.010936}]],"perplexity":96.52264297100037,"reconstruction_err":null,"coherence":{"top_n":15,"c_v":0.421326,"c_npmi":-0.647749,"u_mass":0.0},"topic_distance_js":[[0.0,0.137204,0.153985,0.151086,0.168289,0.135027,0.138385,0.162459,0.145341,0.130273,0.155618,0.149118],[0.137204,0.0,0.148888,0.1443,0.124859,0.11993,0.141715,0.143471,0.126682,0.125622,0.128971,0.156929],[0.153985,0.148888,0.0,0.148219,0.161132,0.149992,0.132425,0.171216,0.148628,0.134159,0.152204,0.152488],[0.151086,0.1443,0.148219,0.0,0.128871,0.146931,0.135601,0.151971,0.143174,0.12339,0.166855,0.138421],[0.168289,0.124859,0.161132,0.128871,0.0,0.130407,0.156518,0.142892,0.131578,0.125662,0.151644,0.146355],[0.135027,0.11993,0.149992,0.146931,0.130407,0.0,0.143908,0.154371,0.141985,0.119279,0.139556,0.163295],[0.138385,0.141715,0.132425,0.135601,0.156518,0.143908,0.0,0.155608,0.133509,0.129242,0.149737,0.128131],[0.162459,0.143471,0.171216,0.151971,0.142892,0.154371,0.155608,0.0,0.139872,0.142529,0.147156,0.153094],[0.145341,0.126682,0.148628,0.143174,0.131578,0.141985,0.133509,0.139872,0.0,0.13003,0.134449,0.139524],[0.130273,0.125622,0.134159,0.12339,0.125662,0.119279,0.129242,0.142529,0.13003,0.0,0.146049,0.132648],[0.155618,0.128971,0.152204,0.166855,0.151644,0.139556,0.149737,0.147156,0.134449,0.146049,0.0,0.175387],[0.149118,0.156929,0.152488,0.138421,0.146355,0.163295,0.128131,0.153094,0.139524,0.132648,0.175387,0.0]],"topic_intertopic_2d_js":[[-0.248112,0.143055],[-0.078293,0.224158],[0.054981,-0.286775],[-0.038094,-0.163446],[0.242875,0.118693],[-0.183852,-0.188623],[-0.25233,-0.05144],[0.092584,0.276922],[0.241327,-0.040878],[-0.098235,0.034572],[0.093034,0.106227],[0.174116,-0.172466]],"K_live":null,"topic_correlation":[[[1.0,0.0020470148883759975,-0.02161462977528572,0.01436559297144413,8.646424248581752e-05,0.015879305079579353,0.0038512353785336018,0.0343487411737442,0.03264293819665909,0.008212517015635967,0.035433948040008545,0.009065259248018265],[0.0020470148883759975,1.0,0.033457282930612564,0.00737703638151288,0.029425552114844322,0.01683993823826313,-0.006262165028601885,0.04534117504954338,0.015240310691297054,0.033370889723300934,0.029451541602611542,0.008175170049071312],[-0.02161462977528572,0.033457282930612564,1.0,0.0022368328645825386,0.04314518719911575,0.03690173104405403,-0.0024399487301707268,0.002722064033150673,-0.010852708481252193,0.0223382655531168,0.004883801564574242,0.01885227859020233],[0.01436559297144413,0.00737703638151288,0.0022368328645825386,1.0,0.028964918106794357,0.06618739664554596,0.0339064821600914,0.028202734887599945,0.010215319693088531,0.016509344801306725,0.023407699540257454,0.01076293084770441],[8.646424248581752e-05,0.029425552114844322,0.04314518719911575,0.028964918106794357,1.0,0.01251205988228321,0.04299424588680267,-0.01831004023551941,0.006243292707949877,0.005866691004484892,0.03837260231375694,0.018304504454135895],[0.015879305079579353,0.01683993823826313,0.03690173104405403,0.06618739664554596,0.01251205988228321,1.0,0.003076802007853985,0.0173812136054039,0.007173233199864626,0.005768557079136372,0.020580288022756577,0.02502288669347763],[0.0038512353785336018,-0.006262165028601885,-0.0024399487301707268,0.0339064821600914,0.04299424588680267,0.003076802007853985,1.0,0.02058156579732895,0.006007019896060228,0.0282122939825058,0.008585166186094284,0.01985657960176468],[0.0343487411737442,0.04534117504954338,0.002722064033150673,0.028202734887599945,-0.01831004023551941,0.0173812136054039,0.02058156579732895,1.0,0.007187709677964449,0.005157142411917448,0.023237718269228935,0.0024623251520097256],[0.03264293819665909,0.015240310691297054,-0.010852708481252193,0.010215319693088531,0.006243292707949877,0.007173233199864626,0.006007019896060228,0.007187709677964449,1.0,0.0006132182315923274,0.019715823233127594,0.017610222101211548],[0.008212517015635967,0.033370889723300934,0.0223382655531168,0.016509344801306725,0.005866691004484892,0.005768557079136372,0.0282122939825058,0.005157142411917448,0.0006132182315923274,1.0,0.02901333197951317,0.015844197943806648],[0.035433948040008545,0.029451541602611542,0.004883801564574242,0.023407699540257454,0.03837260231375694,0.020580288022756577,0.008585166186094284,0.023237718269228935,0.019715823233127594,0.02901333197951317,1.0,0.010994595475494862],[0.009065259248018265,0.008175170049071312,0.01885227859020233,0.01076293084770441,0.018304504454135895,0.02502288669347763,0.01985657960176468,0.0024623251520097256,0.017610222101211548,0.015844197943806648,0.010994595475494862,1.0]],[[5.510255886341262e-40,5.510213847387332e-40,9.184530524724149e-41,0.0,5.605193857299268e-45,5.510157795448759e-40,2.7550648847397363e-40,5.510213847387332e-40,8.265264719142425e-40,5.510185821418046e-40,2.7551209366783093e-40,9.185091044109878e-41],[6.428624860905817e-40,8.265292745111712e-40,2.755205014586169e-40,2.7550648847397363e-40,8.265194654219209e-40,4.59185888580742e-40,2.7551349496629526e-40,4.591802833868847e-40,7.34685370562394e-40,4.591928950730636e-40,3.6734758982582215e-40,9.18363369370698e-40],[6.428512757028671e-40,2.755205014586169e-40,9.18363369370698e-40,9.184250265031284e-41,9.184950914263446e-41,9.18467065457058e-41,1.8367799880830405e-40,5.510213847387332e-40,4.591872898792063e-40,9.183563628783764e-40,3.673573989150724e-40,1.0101946616332963e-39],[1.8367379491291107e-40,1.8368220270369702e-40,9.184810784417013e-41,1.8367099231598242e-40,2.802596928649634e-45,2.755092910709023e-40,1.8368360400216135e-40,5.510255886341262e-40,1.2611686178923354e-44,4.59181684685349e-40,2.7551349496629526e-40,1.0101918590363677e-39],[0.0,0.0,0.0,0.0,0.0,0.0,0.0,0.0,0.0,0.0,0.0,0.0],[0.0,0.0,0.0,0.0,0.0,0.0,0.0,0.0,0.0,0.0,0.0,0.0],[0.0,0.0,0.0,0.0,0.0,0.0,0.0,0.0,0.0,0.0,0.0,0.0],[0.0,0.0,0.0,0.0,0.0,0.0,0.0,0.0,0.0,0.0,0.0,0.0],[0.0,0.0,0.0,0.0,0.0,0.0,0.0,0.0,0.0,0.0,0.0,0.0],[0.0,0.0,0.0,0.0,0.0,0.0,0.0,0.0,0.0,0.0,0.0,0.0],[0.0,0.0,0.0,0.0,0.0,0.0,0.0,0.0,0.0,0.0,0.0,0.0],[0.0,0.0,0.0,0.0,0.0,0.0,0.0,0.0,0.0,0.0,0.0,0.0]]],"wavelengths_nm":[400.0,410.55,421.11,431.66,442.21,452.76,463.32,473.87,484.42,494.97,505.53,516.08,526.63,537.19,547.74,558.29,568.84,579.4,589.95,600.5,611.06,621.61,632.16,642.71,653.27,663.82,674.37,684.92,695.48,706.03,716.58,727.14,737.69,748.24,758.79,769.35,779.9,790.45,801.01,811.56,822.11,832.66,843.22,853.77,864.32,874.87,885.43,895.98,906.53,917.09,927.64,938.19,948.74,959.3,969.85,980.4,990.95,1001.51,1012.06,1022.61,1033.17,1043.72,1054.27,1064.82,1075.38,1085.93,1096.48,1107.04,1117.59,1128.14,1138.69,1149.25,1159.8,1170.35,1180.9,1191.46,1202.01,1212.56,1223.12,1233.67,1244.22,1254.77,1265.33,1275.88,1286.43,1296.98,1307.54,1318.09,1328.64,1339.2,1349.75,1360.3,1370.85,1381.41,1391.96,1402.51,1413.07,1423.62,1434.17,1444.72,1455.28,1465.83,1476.38,1486.93,1497.49,1508.04,1518.59,1529.15,1539.7,1550.25,1560.8,1571.36,1581.91,1592.46,1603.02,1613.57,1624.12,1634.67,1645.23,1655.78,1666.33,1676.88,1687.44,1697.99,1708.54,1719.1,1729.65,1740.2,1750.75,1761.31,1771.86,1782.41,1792.96,1803.52,1814.07,1824.62,1835.18,1845.73,1856.28,1866.83,1877.39,1887.94,1898.49,1909.05,1919.6,1930.15,1940.7,1951.26,1961.81,1972.36,1982.91,1993.47,2004.02,2014.57,2025.13,2035.68,2046.23,2056.78,2067.34,2077.89,2088.44,2098.99,2109.55,2120.1,2130.65,2141.21,2151.76,2162.31,2172.86,2183.42,2193.97,2204.52,2215.08,2225.63,2236.18,2246.73,2257.29,2267.84,2278.39,2288.94,2299.5,2310.05,2320.6,2331.16,2341.71,2352.26,2362.81,2373.37,2383.92,2394.47,2405.03,2415.58,2426.13,2436.68,2447.24,2457.79,2468.34,2478.89,2489.45,2500.0],"generated_at":"2026-05-04T04:14:58Z","builder_version":"build_topic_model_variants v0.1"}