{"scene_id":"indian-pines-corrected","variant":"tomotopy_ctm","topic_count":12,"vocabulary_size":200,"document_count":2812,"topic_prevalence":[0.083247,0.08373,0.083288,0.08392,0.083591,0.08298,0.083902,0.082993,0.083406,0.082434,0.083224,0.083286],"top_words_per_topic":[[{"token":"0801nm","p_w_given_topic":0.040132},{"token":"1128nm","p_w_given_topic":0.024257},{"token":"1139nm","p_w_given_topic":0.024032},{"token":"1276nm","p_w_given_topic":0.023984},{"token":"0864nm","p_w_given_topic":0.022788},{"token":"0949nm","p_w_given_topic":0.022187},{"token":"0611nm","p_w_given_topic":0.021581},{"token":"0917nm","p_w_given_topic":0.021334},{"token":"0463nm","p_w_given_topic":0.019945},{"token":"0706nm","p_w_given_topic":0.019151},{"token":"1086nm","p_w_given_topic":0.018905},{"token":"0875nm","p_w_given_topic":0.01869},{"token":"0484nm","p_w_given_topic":0.018111},{"token":"0896nm","p_w_given_topic":0.01795},{"token":"0685nm","p_w_given_topic":0.0161},{"token":"0907nm","p_w_given_topic":0.016068},{"token":"0822nm","p_w_given_topic":0.014936},{"token":"1096nm","p_w_given_topic":0.0147},{"token":"0579nm","p_w_given_topic":0.014636},{"token":"0453nm","p_w_given_topic":0.014394},{"token":"0833nm","p_w_given_topic":0.014148},{"token":"0643nm","p_w_given_topic":0.013209},{"token":"0727nm","p_w_given_topic":0.013043},{"token":"1286nm","p_w_given_topic":0.01293},{"token":"0622nm","p_w_given_topic":0.012737},{"token":"1814nm","p_w_given_topic":0.012678},{"token":"0959nm","p_w_given_topic":0.012598},{"token":"1466nm","p_w_given_topic":0.012485},{"token":"1234nm","p_w_given_topic":0.012335},{"token":"0970nm","p_w_given_topic":0.011901}],[{"token":"1118nm","p_w_given_topic":0.030164},{"token":"0822nm","p_w_given_topic":0.02551},{"token":"1096nm","p_w_given_topic":0.024223},{"token":"0527nm","p_w_given_topic":0.021021},{"token":"0442nm","p_w_given_topic":0.020215},{"token":"0622nm","p_w_given_topic":0.020049},{"token":"0790nm","p_w_given_topic":0.020038},{"token":"0812nm","p_w_given_topic":0.018832},{"token":"0928nm","p_w_given_topic":0.018805},{"token":"1107nm","p_w_given_topic":0.018304},{"token":"0938nm","p_w_given_topic":0.017418},{"token":"0432nm","p_w_given_topic":0.017263},{"token":"1170nm","p_w_given_topic":0.016884},{"token":"0579nm","p_w_given_topic":0.01651},{"token":"0843nm","p_w_given_topic":0.015955},{"token":"1086nm","p_w_given_topic":0.015533},{"token":"1709nm","p_w_given_topic":0.014845},{"token":"0980nm","p_w_given_topic":0.014177},{"token":"1339nm","p_w_given_topic":0.01382},{"token":"0833nm","p_w_given_topic":0.01358},{"token":"0411nm","p_w_given_topic":0.013281},{"token":"0959nm","p_w_given_topic":0.013089},{"token":"0653nm","p_w_given_topic":0.012784},{"token":"0769nm","p_w_given_topic":0.012726},{"token":"1139nm","p_w_given_topic":0.012608},{"token":"0896nm","p_w_given_topic":0.01256},{"token":"0506nm","p_w_given_topic":0.012544},{"token":"0759nm","p_w_given_topic":0.01248},{"token":"1075nm","p_w_given_topic":0.012379},{"token":"0537nm","p_w_given_topic":0.012096}],[{"token":"0928nm","p_w_given_topic":0.022695},{"token":"0548nm","p_w_given_topic":0.022577},{"token":"0474nm","p_w_given_topic":0.022357},{"token":"1054nm","p_w_given_topic":0.021434},{"token":"0527nm","p_w_given_topic":0.021047},{"token":"0949nm","p_w_given_topic":0.020752},{"token":"1118nm","p_w_given_topic":0.020258},{"token":"0463nm","p_w_given_topic":0.019286},{"token":"1128nm","p_w_given_topic":0.019265},{"token":"1033nm","p_w_given_topic":0.019034},{"token":"0907nm","p_w_given_topic":0.018379},{"token":"0780nm","p_w_given_topic":0.017734},{"token":"0938nm","p_w_given_topic":0.017611},{"token":"1065nm","p_w_given_topic":0.017171},{"token":"0674nm","p_w_given_topic":0.016859},{"token":"0432nm","p_w_given_topic":0.016107},{"token":"1286nm","p_w_given_topic":0.016027},{"token":"0569nm","p_w_given_topic":0.015447},{"token":"0558nm","p_w_given_topic":0.015442},{"token":"1023nm","p_w_given_topic":0.015372},{"token":"0622nm","p_w_given_topic":0.015361},{"token":"0516nm","p_w_given_topic":0.015222},{"token":"1075nm","p_w_given_topic":0.01512},{"token":"1350nm","p_w_given_topic":0.015012},{"token":"0854nm","p_w_given_topic":0.014985},{"token":"1149nm","p_w_given_topic":0.014164},{"token":"0537nm","p_w_given_topic":0.014019},{"token":"0453nm","p_w_given_topic":0.013842},{"token":"0632nm","p_w_given_topic":0.013246},{"token":"0980nm","p_w_given_topic":0.013165}],[{"token":"0833nm","p_w_given_topic":0.031417},{"token":"0864nm","p_w_given_topic":0.023036},{"token":"0506nm","p_w_given_topic":0.022583},{"token":"0590nm","p_w_given_topic":0.021335},{"token":"0875nm","p_w_given_topic":0.021112},{"token":"0907nm","p_w_given_topic":0.020472},{"token":"0495nm","p_w_given_topic":0.019891},{"token":"0516nm","p_w_given_topic":0.018675},{"token":"0822nm","p_w_given_topic":0.018281},{"token":"0685nm","p_w_given_topic":0.018249},{"token":"0970nm","p_w_given_topic":0.018115},{"token":"1118nm","p_w_given_topic":0.017828},{"token":"0917nm","p_w_given_topic":0.017577},{"token":"0896nm","p_w_given_topic":0.017572},{"token":"0938nm","p_w_given_topic":0.016836},{"token":"1086nm","p_w_given_topic":0.016767},{"token":"0474nm","p_w_given_topic":0.016713},{"token":"0928nm","p_w_given_topic":0.016175},{"token":"0622nm","p_w_given_topic":0.01593},{"token":"0980nm","p_w_given_topic":0.015588},{"token":"1350nm","p_w_given_topic":0.015157},{"token":"1160nm","p_w_given_topic":0.014213},{"token":"0780nm","p_w_given_topic":0.013792},{"token":"0854nm","p_w_given_topic":0.013248},{"token":"0769nm","p_w_given_topic":0.012608},{"token":"0442nm","p_w_given_topic":0.012347},{"token":"1065nm","p_w_given_topic":0.012347},{"token":"1244nm","p_w_given_topic":0.012011},{"token":"1308nm","p_w_given_topic":0.011985},{"token":"1044nm","p_w_given_topic":0.011979}],[{"token":"0421nm","p_w_given_topic":0.029341},{"token":"0917nm","p_w_given_topic":0.026979},{"token":"0738nm","p_w_given_topic":0.02555},{"token":"0928nm","p_w_given_topic":0.023343},{"token":"0801nm","p_w_given_topic":0.022757},{"token":"0896nm","p_w_given_topic":0.020806},{"token":"0822nm","p_w_given_topic":0.019926},{"token":"1044nm","p_w_given_topic":0.019623},{"token":"0611nm","p_w_given_topic":0.018946},{"token":"0601nm","p_w_given_topic":0.018221},{"token":"1075nm","p_w_given_topic":0.018061},{"token":"0664nm","p_w_given_topic":0.017656},{"token":"0938nm","p_w_given_topic":0.017032},{"token":"0727nm","p_w_given_topic":0.016893},{"token":"0463nm","p_w_given_topic":0.01619},{"token":"0506nm","p_w_given_topic":0.015854},{"token":"1096nm","p_w_given_topic":0.015438},{"token":"0759nm","p_w_given_topic":0.015337},{"token":"0949nm","p_w_given_topic":0.014745},{"token":"0717nm","p_w_given_topic":0.014622},{"token":"0527nm","p_w_given_topic":0.014526},{"token":"0748nm","p_w_given_topic":0.014366},{"token":"0843nm","p_w_given_topic":0.014318},{"token":"0442nm","p_w_given_topic":0.014143},{"token":"0516nm","p_w_given_topic":0.013865},{"token":"0885nm","p_w_given_topic":0.013748},{"token":"0812nm","p_w_given_topic":0.013519},{"token":"1308nm","p_w_given_topic":0.01298},{"token":"1360nm","p_w_given_topic":0.012485},{"token":"0548nm","p_w_given_topic":0.012458}],[{"token":"0790nm","p_w_given_topic":0.025504},{"token":"0484nm","p_w_given_topic":0.025305},{"token":"0769nm","p_w_given_topic":0.02331},{"token":"0885nm","p_w_given_topic":0.020282},{"token":"0653nm","p_w_given_topic":0.020024},{"token":"0632nm","p_w_given_topic":0.019803},{"token":"0959nm","p_w_given_topic":0.019787},{"token":"0506nm","p_w_given_topic":0.019002},{"token":"1044nm","p_w_given_topic":0.018867},{"token":"0833nm","p_w_given_topic":0.018835},{"token":"1149nm","p_w_given_topic":0.018211},{"token":"1381nm","p_w_given_topic":0.018206},{"token":"0917nm","p_w_given_topic":0.0182},{"token":"0474nm","p_w_given_topic":0.016538},{"token":"0411nm","p_w_given_topic":0.015786},{"token":"0907nm","p_w_given_topic":0.0155},{"token":"1635nm","p_w_given_topic":0.01514},{"token":"1170nm","p_w_given_topic":0.014306},{"token":"0896nm","p_w_given_topic":0.013951},{"token":"0569nm","p_w_given_topic":0.013172},{"token":"1793nm","p_w_given_topic":0.012343},{"token":"1107nm","p_w_given_topic":0.012306},{"token":"0495nm","p_w_given_topic":0.011843},{"token":"1160nm","p_w_given_topic":0.011714},{"token":"0611nm","p_w_given_topic":0.011687},{"token":"0558nm","p_w_given_topic":0.01144},{"token":"0463nm","p_w_given_topic":0.011375},{"token":"0780nm","p_w_given_topic":0.01137},{"token":"0400nm","p_w_given_topic":0.011365},{"token":"1139nm","p_w_given_topic":0.011316}],[{"token":"0453nm","p_w_given_topic":0.025891},{"token":"0548nm","p_w_given_topic":0.023663},{"token":"0738nm","p_w_given_topic":0.022817},{"token":"0537nm","p_w_given_topic":0.021637},{"token":"0442nm","p_w_given_topic":0.021632},{"token":"0885nm","p_w_given_topic":0.020653},{"token":"0907nm","p_w_given_topic":0.020068},{"token":"0896nm","p_w_given_topic":0.01993},{"token":"0759nm","p_w_given_topic":0.01926},{"token":"0959nm","p_w_given_topic":0.018223},{"token":"0801nm","p_w_given_topic":0.018005},{"token":"0980nm","p_w_given_topic":0.01692},{"token":"1339nm","p_w_given_topic":0.016814},{"token":"0790nm","p_w_given_topic":0.016367},{"token":"0706nm","p_w_given_topic":0.016192},{"token":"1656nm","p_w_given_topic":0.015612},{"token":"0928nm","p_w_given_topic":0.015267},{"token":"1054nm","p_w_given_topic":0.015054},{"token":"1075nm","p_w_given_topic":0.015043},{"token":"0833nm","p_w_given_topic":0.01482},{"token":"0917nm","p_w_given_topic":0.01423},{"token":"0864nm","p_w_given_topic":0.01374},{"token":"0558nm","p_w_given_topic":0.013491},{"token":"0474nm","p_w_given_topic":0.013389},{"token":"1392nm","p_w_given_topic":0.013368},{"token":"0780nm","p_w_given_topic":0.013358},{"token":"0938nm","p_w_given_topic":0.01331},{"token":"1371nm","p_w_given_topic":0.012587},{"token":"1107nm","p_w_given_topic":0.012512},{"token":"0812nm","p_w_given_topic":0.012172}],[{"token":"0843nm","p_w_given_topic":0.028639},{"token":"0949nm","p_w_given_topic":0.025004},{"token":"0790nm","p_w_given_topic":0.024499},{"token":"0643nm","p_w_given_topic":0.023058},{"token":"0822nm","p_w_given_topic":0.022649},{"token":"0495nm","p_w_given_topic":0.022482},{"token":"0885nm","p_w_given_topic":0.02181},{"token":"1170nm","p_w_given_topic":0.019525},{"token":"0579nm","p_w_given_topic":0.01931},{"token":"0938nm","p_w_given_topic":0.019245},{"token":"0569nm","p_w_given_topic":0.018181},{"token":"0833nm","p_w_given_topic":0.017783},{"token":"0695nm","p_w_given_topic":0.017487},{"token":"0706nm","p_w_given_topic":0.016858},{"token":"0516nm","p_w_given_topic":0.016643},{"token":"0453nm","p_w_given_topic":0.016062},{"token":"0970nm","p_w_given_topic":0.01575},{"token":"1191nm","p_w_given_topic":0.015739},{"token":"0442nm","p_w_given_topic":0.015535},{"token":"0928nm","p_w_given_topic":0.01546},{"token":"0854nm","p_w_given_topic":0.015304},{"token":"0864nm","p_w_given_topic":0.014454},{"token":"0674nm","p_w_given_topic":0.014427},{"token":"0590nm","p_w_given_topic":0.014255},{"token":"0896nm","p_w_given_topic":0.013863},{"token":"0907nm","p_w_given_topic":0.012884},{"token":"1350nm","p_w_given_topic":0.012825},{"token":"1181nm","p_w_given_topic":0.012502},{"token":"0537nm","p_w_given_topic":0.012239},{"token":"1297nm","p_w_given_topic":0.012099}],[{"token":"1086nm","p_w_given_topic":0.027949},{"token":"1096nm","p_w_given_topic":0.027296},{"token":"0917nm","p_w_given_topic":0.02141},{"token":"0453nm","p_w_given_topic":0.020383},{"token":"0864nm","p_w_given_topic":0.018932},{"token":"0759nm","p_w_given_topic":0.018028},{"token":"1075nm","p_w_given_topic":0.017996},{"token":"0622nm","p_w_given_topic":0.017702},{"token":"1128nm","p_w_given_topic":0.017108},{"token":"0463nm","p_w_given_topic":0.016835},{"token":"1002nm","p_w_given_topic":0.016647},{"token":"0822nm","p_w_given_topic":0.016401},{"token":"0854nm","p_w_given_topic":0.015765},{"token":"1118nm","p_w_given_topic":0.015588},{"token":"1033nm","p_w_given_topic":0.015411},{"token":"0632nm","p_w_given_topic":0.015363},{"token":"0442nm","p_w_given_topic":0.015315},{"token":"0695nm","p_w_given_topic":0.014882},{"token":"0843nm","p_w_given_topic":0.014464},{"token":"1424nm","p_w_given_topic":0.014191},{"token":"0653nm","p_w_given_topic":0.014041},{"token":"1297nm","p_w_given_topic":0.013533},{"token":"1265nm","p_w_given_topic":0.013506},{"token":"1255nm","p_w_given_topic":0.013271},{"token":"0579nm","p_w_given_topic":0.012827},{"token":"0885nm","p_w_given_topic":0.012607},{"token":"0685nm","p_w_given_topic":0.012447},{"token":"0980nm","p_w_given_topic":0.012104},{"token":"0748nm","p_w_given_topic":0.011815},{"token":"0558nm","p_w_given_topic":0.011585}],[{"token":"0843nm","p_w_given_topic":0.029245},{"token":"0474nm","p_w_given_topic":0.024372},{"token":"0854nm","p_w_given_topic":0.022748},{"token":"0463nm","p_w_given_topic":0.022266},{"token":"1107nm","p_w_given_topic":0.022034},{"token":"1160nm","p_w_given_topic":0.021649},{"token":"0790nm","p_w_given_topic":0.020756},{"token":"0569nm","p_w_given_topic":0.016522},{"token":"0548nm","p_w_given_topic":0.016252},{"token":"0664nm","p_w_given_topic":0.015808},{"token":"1170nm","p_w_given_topic":0.015759},{"token":"0812nm","p_w_given_topic":0.015326},{"token":"1065nm","p_w_given_topic":0.014866},{"token":"0748nm","p_w_given_topic":0.014801},{"token":"0991nm","p_w_given_topic":0.014774},{"token":"0907nm","p_w_given_topic":0.01472},{"token":"0896nm","p_w_given_topic":0.014639},{"token":"1413nm","p_w_given_topic":0.014546},{"token":"0959nm","p_w_given_topic":0.014368},{"token":"1360nm","p_w_given_topic":0.014276},{"token":"0611nm","p_w_given_topic":0.014054},{"token":"0537nm","p_w_given_topic":0.013843},{"token":"1751nm","p_w_given_topic":0.013285},{"token":"0558nm","p_w_given_topic":0.012771},{"token":"0495nm","p_w_given_topic":0.012343},{"token":"0801nm","p_w_given_topic":0.011894},{"token":"0970nm","p_w_given_topic":0.011731},{"token":"0432nm","p_w_given_topic":0.011417},{"token":"0717nm","p_w_given_topic":0.011298},{"token":"1772nm","p_w_given_topic":0.011076}],[{"token":"0780nm","p_w_given_topic":0.026385},{"token":"0421nm","p_w_given_topic":0.02631},{"token":"0537nm","p_w_given_topic":0.023639},{"token":"1107nm","p_w_given_topic":0.021165},{"token":"0569nm","p_w_given_topic":0.020711},{"token":"0854nm","p_w_given_topic":0.020566},{"token":"0801nm","p_w_given_topic":0.019124},{"token":"0558nm","p_w_given_topic":0.017857},{"token":"0516nm","p_w_given_topic":0.016757},{"token":"0843nm","p_w_given_topic":0.016527},{"token":"1054nm","p_w_given_topic":0.016521},{"token":"0822nm","p_w_given_topic":0.016217},{"token":"0506nm","p_w_given_topic":0.015928},{"token":"0748nm","p_w_given_topic":0.015463},{"token":"0643nm","p_w_given_topic":0.014886},{"token":"0411nm","p_w_given_topic":0.014886},{"token":"0991nm","p_w_given_topic":0.014534},{"token":"0833nm","p_w_given_topic":0.014315},{"token":"1065nm","p_w_given_topic":0.014176},{"token":"0590nm","p_w_given_topic":0.01378},{"token":"0790nm","p_w_given_topic":0.013716},{"token":"0907nm","p_w_given_topic":0.013657},{"token":"0970nm","p_w_given_topic":0.013529},{"token":"1403nm","p_w_given_topic":0.013193},{"token":"1645nm","p_w_given_topic":0.012626},{"token":"0548nm","p_w_given_topic":0.012257},{"token":"1139nm","p_w_given_topic":0.011942},{"token":"1856nm","p_w_given_topic":0.0116},{"token":"0685nm","p_w_given_topic":0.011558},{"token":"0938nm","p_w_given_topic":0.011194}],[{"token":"0601nm","p_w_given_topic":0.03016},{"token":"0854nm","p_w_given_topic":0.024645},{"token":"1075nm","p_w_given_topic":0.024619},{"token":"0411nm","p_w_given_topic":0.02318},{"token":"0432nm","p_w_given_topic":0.022495},{"token":"0938nm","p_w_given_topic":0.020827},{"token":"1160nm","p_w_given_topic":0.019388},{"token":"0822nm","p_w_given_topic":0.019211},{"token":"1139nm","p_w_given_topic":0.018703},{"token":"0421nm","p_w_given_topic":0.018136},{"token":"0484nm","p_w_given_topic":0.01811},{"token":"0495nm","p_w_given_topic":0.018088},{"token":"0875nm","p_w_given_topic":0.017618},{"token":"0780nm","p_w_given_topic":0.016874},{"token":"0695nm","p_w_given_topic":0.016762},{"token":"0664nm","p_w_given_topic":0.016152},{"token":"1318nm","p_w_given_topic":0.015965},{"token":"0674nm","p_w_given_topic":0.015863},{"token":"0590nm","p_w_given_topic":0.015719},{"token":"1255nm","p_w_given_topic":0.015537},{"token":"0833nm","p_w_given_topic":0.014933},{"token":"0801nm","p_w_given_topic":0.014735},{"token":"0917nm","p_w_given_topic":0.013398},{"token":"0632nm","p_w_given_topic":0.012858},{"token":"0959nm","p_w_given_topic":0.012467},{"token":"0558nm","p_w_given_topic":0.012317},{"token":"1308nm","p_w_given_topic":0.012301},{"token":"0400nm","p_w_given_topic":0.012114},{"token":"0864nm","p_w_given_topic":0.011499},{"token":"0653nm","p_w_given_topic":0.011419}]],"perplexity":97.07708914159765,"reconstruction_err":null,"coherence":{"top_n":15,"c_v":0.421771,"c_npmi":-0.643513,"u_mass":0.0},"topic_distance_js":[[0.0,0.139742,0.170107,0.142345,0.145105,0.155006,0.164307,0.153636,0.149582,0.155453,0.141167,0.158372],[0.139742,0.0,0.141095,0.12607,0.136566,0.149618,0.149898,0.145467,0.131452,0.149882,0.138766,0.145899],[0.170107,0.141095,0.0,0.13096,0.138921,0.133335,0.130612,0.142371,0.122593,0.107042,0.124066,0.154644],[0.142345,0.12607,0.13096,0.0,0.151622,0.128723,0.133802,0.116285,0.123858,0.149659,0.142832,0.147465],[0.145105,0.136566,0.138921,0.151622,0.0,0.130892,0.126793,0.156485,0.137195,0.13713,0.134643,0.123707],[0.155006,0.149618,0.133335,0.128723,0.130892,0.0,0.127838,0.135241,0.13623,0.120307,0.13369,0.139163],[0.164307,0.149898,0.130612,0.133802,0.126793,0.127838,0.0,0.154071,0.148548,0.140704,0.136684,0.152254],[0.153636,0.145467,0.142371,0.116285,0.156485,0.135241,0.154071,0.0,0.140853,0.144499,0.125747,0.145196],[0.149582,0.131452,0.122593,0.123858,0.137195,0.13623,0.148548,0.140853,0.0,0.154508,0.138174,0.128017],[0.155453,0.149882,0.107042,0.149659,0.13713,0.120307,0.140704,0.144499,0.154508,0.0,0.113057,0.14193],[0.141167,0.138766,0.124066,0.142832,0.134643,0.13369,0.136684,0.125747,0.138174,0.113057,0.0,0.135482],[0.158372,0.145899,0.154644,0.147465,0.123707,0.139163,0.152254,0.145196,0.128017,0.14193,0.135482,0.0]],"topic_intertopic_2d_js":[[0.052614,0.293504],[0.251005,0.064953],[-0.092678,-0.244795],[-0.254402,0.067603],[0.160827,0.154823],[-0.152626,0.204337],[0.243195,-0.09671],[-0.246418,-0.125475],[-0.025377,0.114182],[0.045751,-0.164115],[0.119337,-0.236142],[-0.101227,-0.032165]],"K_live":null,"topic_correlation":[[[1.0,0.023461924865841866,0.02620857208967209,0.01709073595702648,0.020190181210637093,0.035175640136003494,0.011316178366541862,-0.005125872790813446,0.02394074760377407,0.00527261383831501,-0.007089570164680481,-0.0029489919543266296],[0.023461924865841866,1.0,0.014211381785571575,0.027771208435297012,0.041614215821027756,0.030532987788319588,0.007492909673601389,-0.012648492120206356,0.030428480356931686,0.019838465377688408,0.02087407559156418,-0.004755946341902018],[0.02620857208967209,0.014211381785571575,1.0,0.03247883915901184,0.023238029330968857,0.04523371532559395,0.004305173177272081,-0.0002668752567842603,0.0035087349824607372,0.008138472214341164,0.010994061827659607,-0.005373337771743536],[0.01709073595702648,0.027771208435297012,0.03247883915901184,1.0,0.039350733160972595,0.01524681132286787,0.011943760327994823,0.011249248869717121,0.0035155178047716618,0.019324835389852524,0.03113436885178089,-0.001826661522500217],[0.020190181210637093,0.041614215821027756,0.023238029330968857,0.039350733160972595,1.0,0.026165874674916267,0.027827812358736992,-0.01271643303334713,-0.005409687757492065,0.05665674805641174,-0.02914014272391796,0.017718298360705376],[0.035175640136003494,0.030532987788319588,0.04523371532559395,0.01524681132286787,0.026165874674916267,1.0,-0.03082302212715149,-0.005467941053211689,-0.016764333471655846,0.004943440202623606,0.015343688428401947,0.026971524581313133],[0.011316178366541862,0.007492909673601389,0.004305173177272081,0.011943760327994823,0.027827812358736992,-0.03082302212715149,1.0,0.028738699853420258,0.031713783740997314,0.05070839822292328,0.01986105926334858,-0.0005588111816905439],[-0.005125872790813446,-0.012648492120206356,-0.0002668752567842603,0.011249248869717121,-0.01271643303334713,-0.005467941053211689,0.028738699853420258,1.0,0.021597404032945633,0.021761812269687653,0.044799692928791046,0.04221056029200554],[0.02394074760377407,0.030428480356931686,0.0035087349824607372,0.0035155178047716618,-0.005409687757492065,-0.016764333471655846,0.031713783740997314,0.021597404032945633,1.0,0.02150416560471058,0.023162804543972015,0.028717661276459694],[0.00527261383831501,0.019838465377688408,0.008138472214341164,0.019324835389852524,0.05665674805641174,0.004943440202623606,0.05070839822292328,0.021761812269687653,0.02150416560471058,1.0,0.014877873472869396,-0.013432216830551624],[-0.007089570164680481,0.02087407559156418,0.010994061827659607,0.03113436885178089,-0.02914014272391796,0.015343688428401947,0.01986105926334858,0.044799692928791046,0.023162804543972015,0.014877873472869396,1.0,0.044070128351449966],[-0.0029489919543266296,-0.004755946341902018,-0.005373337771743536,-0.001826661522500217,0.017718298360705376,0.026971524581313133,-0.0005588111816905439,0.04221056029200554,0.028717661276459694,-0.013432216830551624,0.044070128351449966,1.0]],[[1.6815581571897805e-44,1.6815581571897805e-44,1.6815581571897805e-44,1.6815581571897805e-44,1.6815581571897805e-44,1.6815581571897805e-44,1.8216880036222622e-44,1.8216880036222622e-44,1.8216880036222622e-44,1.8216880036222622e-44,1.8216880036222622e-44,1.8216880036222622e-44],[1.8216880036222622e-44,1.8216880036222622e-44,1.8216880036222622e-44,1.8216880036222622e-44,1.961817850054744e-44,1.961817850054744e-44,1.961817850054744e-44,1.961817850054744e-44,1.961817850054744e-44,1.961817850054744e-44,1.961817850054744e-44,1.961817850054744e-44],[1.961817850054744e-44,1.961817850054744e-44,2.1019476964872256e-44,2.1019476964872256e-44,2.1019476964872256e-44,2.1019476964872256e-44,2.1019476964872256e-44,2.1019476964872256e-44,2.1019476964872256e-44,2.1019476964872256e-44,2.1019476964872256e-44,2.1019476964872256e-44],[2.2420775429197073e-44,2.2420775429197073e-44,2.2420775429197073e-44,2.2420775429197073e-44,2.2420775429197073e-44,2.2420775429197073e-44,2.2420775429197073e-44,2.2420775429197073e-44,2.2420775429197073e-44,2.382207389352189e-44,2.382207389352189e-44,2.382207389352189e-44],[2.382207389352189e-44,2.382207389352189e-44,2.382207389352189e-44,2.382207389352189e-44,2.382207389352189e-44,2.382207389352189e-44,2.5223372357846707e-44,2.5223372357846707e-44,2.5223372357846707e-44,2.5223372357846707e-44,2.5223372357846707e-44,2.5223372357846707e-44],[2.5223372357846707e-44,2.5223372357846707e-44,2.5223372357846707e-44,2.6624670822171524e-44,2.6624670822171524e-44,2.6624670822171524e-44,2.6624670822171524e-44,2.6624670822171524e-44,2.6624670822171524e-44,2.6624670822171524e-44,2.6624670822171524e-44,2.802596928649634e-44],[2.802596928649634e-44,2.802596928649634e-44,2.802596928649634e-44,2.802596928649634e-44,2.802596928649634e-44,2.802596928649634e-44,2.802596928649634e-44,2.942726775082116e-44,2.942726775082116e-44,2.942726775082116e-44,2.942726775082116e-44,2.942726775082116e-44],[2.942726775082116e-44,2.942726775082116e-44,2.942726775082116e-44,3.0828566215145976e-44,3.0828566215145976e-44,3.0828566215145976e-44,3.0828566215145976e-44,3.0828566215145976e-44,3.0828566215145976e-44,3.0828566215145976e-44,3.0828566215145976e-44,3.2229864679470793e-44],[3.2229864679470793e-44,3.2229864679470793e-44,3.2229864679470793e-44,3.2229864679470793e-44,3.2229864679470793e-44,3.2229864679470793e-44,3.2229864679470793e-44,3.363116314379561e-44,3.363116314379561e-44,3.363116314379561e-44,3.363116314379561e-44,3.363116314379561e-44],[3.363116314379561e-44,3.363116314379561e-44,3.363116314379561e-44,3.5032461608120427e-44,3.5032461608120427e-44,3.5032461608120427e-44,3.5032461608120427e-44,3.5032461608120427e-44,3.5032461608120427e-44,3.5032461608120427e-44,3.5032461608120427e-44,3.6433760072445244e-44],[3.6433760072445244e-44,3.6433760072445244e-44,3.6433760072445244e-44,3.6433760072445244e-44,3.6433760072445244e-44,3.6433760072445244e-44,3.6433760072445244e-44,3.783505853677006e-44,3.783505853677006e-44,3.783505853677006e-44,3.783505853677006e-44,3.783505853677006e-44],[3.783505853677006e-44,3.783505853677006e-44,3.783505853677006e-44,3.923635700109488e-44,3.923635700109488e-44,3.923635700109488e-44,3.923635700109488e-44,3.923635700109488e-44,3.923635700109488e-44,3.923635700109488e-44,3.923635700109488e-44,4.0637655465419695e-44]]],"wavelengths_nm":[400.0,410.55,421.11,431.66,442.21,452.76,463.32,473.87,484.42,494.97,505.53,516.08,526.63,537.19,547.74,558.29,568.84,579.4,589.95,600.5,611.06,621.61,632.16,642.71,653.27,663.82,674.37,684.92,695.48,706.03,716.58,727.14,737.69,748.24,758.79,769.35,779.9,790.45,801.01,811.56,822.11,832.66,843.22,853.77,864.32,874.87,885.43,895.98,906.53,917.09,927.64,938.19,948.74,959.3,969.85,980.4,990.95,1001.51,1012.06,1022.61,1033.17,1043.72,1054.27,1064.82,1075.38,1085.93,1096.48,1107.04,1117.59,1128.14,1138.69,1149.25,1159.8,1170.35,1180.9,1191.46,1202.01,1212.56,1223.12,1233.67,1244.22,1254.77,1265.33,1275.88,1286.43,1296.98,1307.54,1318.09,1328.64,1339.2,1349.75,1360.3,1370.85,1381.41,1391.96,1402.51,1413.07,1423.62,1434.17,1444.72,1455.28,1465.83,1476.38,1486.93,1497.49,1508.04,1518.59,1529.15,1539.7,1550.25,1560.8,1571.36,1581.91,1592.46,1603.02,1613.57,1624.12,1634.67,1645.23,1655.78,1666.33,1676.88,1687.44,1697.99,1708.54,1719.1,1729.65,1740.2,1750.75,1761.31,1771.86,1782.41,1792.96,1803.52,1814.07,1824.62,1835.18,1845.73,1856.28,1866.83,1877.39,1887.94,1898.49,1909.05,1919.6,1930.15,1940.7,1951.26,1961.81,1972.36,1982.91,1993.47,2004.02,2014.57,2025.13,2035.68,2046.23,2056.78,2067.34,2077.89,2088.44,2098.99,2109.55,2120.1,2130.65,2141.21,2151.76,2162.31,2172.86,2183.42,2193.97,2204.52,2215.08,2225.63,2236.18,2246.73,2257.29,2267.84,2278.39,2288.94,2299.5,2310.05,2320.6,2331.16,2341.71,2352.26,2362.81,2373.37,2383.92,2394.47,2405.03,2415.58,2426.13,2436.68,2447.24,2457.79,2468.34,2478.89,2489.45,2500.0],"generated_at":"2026-05-06T00:57:48Z","builder_version":"build_topic_model_variants v0.1"}