{"scene_id":"indian-pines-corrected","variant":"tomotopy_ctm","topic_count":12,"vocabulary_size":200,"document_count":2812,"topic_prevalence":[0.083582,0.083699,0.084096,0.082729,0.083185,0.082794,0.083832,0.083152,0.082443,0.083735,0.083579,0.083175],"top_words_per_topic":[[{"token":"0949nm","p_w_given_topic":0.031676},{"token":"0632nm","p_w_given_topic":0.027696},{"token":"0780nm","p_w_given_topic":0.025786},{"token":"0622nm","p_w_given_topic":0.023977},{"token":"1160nm","p_w_given_topic":0.023234},{"token":"0917nm","p_w_given_topic":0.022057},{"token":"0579nm","p_w_given_topic":0.021875},{"token":"0463nm","p_w_given_topic":0.021089},{"token":"0474nm","p_w_given_topic":0.020832},{"token":"0980nm","p_w_given_topic":0.019938},{"token":"0653nm","p_w_given_topic":0.019762},{"token":"1096nm","p_w_given_topic":0.019623},{"token":"1149nm","p_w_given_topic":0.019559},{"token":"1339nm","p_w_given_topic":0.019072},{"token":"0569nm","p_w_given_topic":0.01797},{"token":"1128nm","p_w_given_topic":0.017697},{"token":"0991nm","p_w_given_topic":0.016654},{"token":"0896nm","p_w_given_topic":0.015418},{"token":"0738nm","p_w_given_topic":0.014209},{"token":"1086nm","p_w_given_topic":0.013899},{"token":"1719nm","p_w_given_topic":0.013653},{"token":"0843nm","p_w_given_topic":0.013583},{"token":"1044nm","p_w_given_topic":0.013396},{"token":"0748nm","p_w_given_topic":0.013273},{"token":"0959nm","p_w_given_topic":0.013085},{"token":"0864nm","p_w_given_topic":0.012369},{"token":"1624nm","p_w_given_topic":0.012197},{"token":"1603nm","p_w_given_topic":0.011962},{"token":"0833nm","p_w_given_topic":0.011925},{"token":"0885nm","p_w_given_topic":0.011909}],[{"token":"1054nm","p_w_given_topic":0.028807},{"token":"0790nm","p_w_given_topic":0.028604},{"token":"1086nm","p_w_given_topic":0.025832},{"token":"0864nm","p_w_given_topic":0.025682},{"token":"0949nm","p_w_given_topic":0.023615},{"token":"1128nm","p_w_given_topic":0.021863},{"token":"0917nm","p_w_given_topic":0.020544},{"token":"0822nm","p_w_given_topic":0.019459},{"token":"0780nm","p_w_given_topic":0.019374},{"token":"0759nm","p_w_given_topic":0.01798},{"token":"0516nm","p_w_given_topic":0.017547},{"token":"0938nm","p_w_given_topic":0.017499},{"token":"0801nm","p_w_given_topic":0.015683},{"token":"0907nm","p_w_given_topic":0.015544},{"token":"0928nm","p_w_given_topic":0.014689},{"token":"0484nm","p_w_given_topic":0.014358},{"token":"0632nm","p_w_given_topic":0.014342},{"token":"0959nm","p_w_given_topic":0.014246},{"token":"1181nm","p_w_given_topic":0.013765},{"token":"1096nm","p_w_given_topic":0.0136},{"token":"0854nm","p_w_given_topic":0.013429},{"token":"1276nm","p_w_given_topic":0.012969},{"token":"0833nm","p_w_given_topic":0.012505},{"token":"0601nm","p_w_given_topic":0.012243},{"token":"1371nm","p_w_given_topic":0.012152},{"token":"0695nm","p_w_given_topic":0.012013},{"token":"1170nm","p_w_given_topic":0.011719},{"token":"0432nm","p_w_given_topic":0.011378},{"token":"0812nm","p_w_given_topic":0.011228},{"token":"1107nm","p_w_given_topic":0.011191}],[{"token":"1065nm","p_w_given_topic":0.022514},{"token":"0790nm","p_w_given_topic":0.022179},{"token":"0959nm","p_w_given_topic":0.019601},{"token":"0875nm","p_w_given_topic":0.019511},{"token":"0970nm","p_w_given_topic":0.017879},{"token":"0938nm","p_w_given_topic":0.017608},{"token":"0442nm","p_w_given_topic":0.017087},{"token":"0822nm","p_w_given_topic":0.016561},{"token":"0885nm","p_w_given_topic":0.016141},{"token":"0801nm","p_w_given_topic":0.016062},{"token":"0843nm","p_w_given_topic":0.015573},{"token":"1118nm","p_w_given_topic":0.015498},{"token":"0780nm","p_w_given_topic":0.015163},{"token":"1297nm","p_w_given_topic":0.01486},{"token":"0495nm","p_w_given_topic":0.014441},{"token":"0928nm","p_w_given_topic":0.014409},{"token":"1096nm","p_w_given_topic":0.013994},{"token":"0907nm","p_w_given_topic":0.01392},{"token":"1255nm","p_w_given_topic":0.01384},{"token":"0537nm","p_w_given_topic":0.013542},{"token":"1107nm","p_w_given_topic":0.013495},{"token":"0833nm","p_w_given_topic":0.013324},{"token":"0949nm","p_w_given_topic":0.013298},{"token":"0411nm","p_w_given_topic":0.01325},{"token":"1614nm","p_w_given_topic":0.013208},{"token":"0474nm","p_w_given_topic":0.01316},{"token":"0727nm","p_w_given_topic":0.012713},{"token":"0738nm","p_w_given_topic":0.012602},{"token":"0516nm","p_w_given_topic":0.012549},{"token":"1286nm","p_w_given_topic":0.012134}],[{"token":"0685nm","p_w_given_topic":0.033304},{"token":"1191nm","p_w_given_topic":0.027824},{"token":"0864nm","p_w_given_topic":0.022817},{"token":"1139nm","p_w_given_topic":0.021449},{"token":"0442nm","p_w_given_topic":0.021148},{"token":"1149nm","p_w_given_topic":0.021078},{"token":"1033nm","p_w_given_topic":0.018677},{"token":"0833nm","p_w_given_topic":0.017573},{"token":"0928nm","p_w_given_topic":0.017051},{"token":"0516nm","p_w_given_topic":0.016938},{"token":"0822nm","p_w_given_topic":0.016092},{"token":"0896nm","p_w_given_topic":0.01606},{"token":"1075nm","p_w_given_topic":0.016049},{"token":"1381nm","p_w_given_topic":0.015855},{"token":"0790nm","p_w_given_topic":0.015414},{"token":"0579nm","p_w_given_topic":0.015263},{"token":"0812nm","p_w_given_topic":0.015209},{"token":"0495nm","p_w_given_topic":0.015134},{"token":"0917nm","p_w_given_topic":0.014978},{"token":"1096nm","p_w_given_topic":0.014741},{"token":"0484nm","p_w_given_topic":0.014612},{"token":"0970nm","p_w_given_topic":0.014068},{"token":"0558nm","p_w_given_topic":0.013993},{"token":"1065nm","p_w_given_topic":0.013933},{"token":"1308nm","p_w_given_topic":0.013707},{"token":"1118nm","p_w_given_topic":0.013686},{"token":"0980nm","p_w_given_topic":0.013427},{"token":"1318nm","p_w_given_topic":0.013368},{"token":"0738nm","p_w_given_topic":0.011774},{"token":"1434nm","p_w_given_topic":0.011742}],[{"token":"0769nm","p_w_given_topic":0.028709},{"token":"0643nm","p_w_given_topic":0.024641},{"token":"0611nm","p_w_given_topic":0.024079},{"token":"0695nm","p_w_given_topic":0.022907},{"token":"0801nm","p_w_given_topic":0.022426},{"token":"0822nm","p_w_given_topic":0.021168},{"token":"1160nm","p_w_given_topic":0.020365},{"token":"1424nm","p_w_given_topic":0.01968},{"token":"0738nm","p_w_given_topic":0.01846},{"token":"0896nm","p_w_given_topic":0.017871},{"token":"0537nm","p_w_given_topic":0.016929},{"token":"0453nm","p_w_given_topic":0.016474},{"token":"0622nm","p_w_given_topic":0.016067},{"token":"0875nm","p_w_given_topic":0.0158},{"token":"1065nm","p_w_given_topic":0.015131},{"token":"0864nm","p_w_given_topic":0.015056},{"token":"1086nm","p_w_given_topic":0.014237},{"token":"0442nm","p_w_given_topic":0.013793},{"token":"0854nm","p_w_given_topic":0.01368},{"token":"0907nm","p_w_given_topic":0.01353},{"token":"0843nm","p_w_given_topic":0.013514},{"token":"0421nm","p_w_given_topic":0.013504},{"token":"0601nm","p_w_given_topic":0.013236},{"token":"0548nm","p_w_given_topic":0.013086},{"token":"1096nm","p_w_given_topic":0.013075},{"token":"0432nm","p_w_given_topic":0.01246},{"token":"1286nm","p_w_given_topic":0.012401},{"token":"0759nm","p_w_given_topic":0.012347},{"token":"0949nm","p_w_given_topic":0.012165},{"token":"1107nm","p_w_given_topic":0.011641}],[{"token":"0558nm","p_w_given_topic":0.030914},{"token":"0474nm","p_w_given_topic":0.026638},{"token":"0717nm","p_w_given_topic":0.02529},{"token":"0601nm","p_w_given_topic":0.024495},{"token":"0463nm","p_w_given_topic":0.023861},{"token":"0569nm","p_w_given_topic":0.021841},{"token":"0833nm","p_w_given_topic":0.020928},{"token":"0432nm","p_w_given_topic":0.020574},{"token":"0548nm","p_w_given_topic":0.019596},{"token":"0506nm","p_w_given_topic":0.018951},{"token":"0928nm","p_w_given_topic":0.01828},{"token":"0442nm","p_w_given_topic":0.017582},{"token":"0421nm","p_w_given_topic":0.017302},{"token":"0801nm","p_w_given_topic":0.016314},{"token":"0590nm","p_w_given_topic":0.015702},{"token":"0643nm","p_w_given_topic":0.015691},{"token":"0949nm","p_w_given_topic":0.01554},{"token":"0843nm","p_w_given_topic":0.015057},{"token":"1107nm","p_w_given_topic":0.014455},{"token":"1170nm","p_w_given_topic":0.013795},{"token":"0453nm","p_w_given_topic":0.013768},{"token":"0727nm","p_w_given_topic":0.013682},{"token":"1329nm","p_w_given_topic":0.013322},{"token":"0885nm","p_w_given_topic":0.013166},{"token":"0759nm","p_w_given_topic":0.012564},{"token":"1149nm","p_w_given_topic":0.012505},{"token":"0875nm","p_w_given_topic":0.011829},{"token":"1360nm","p_w_given_topic":0.011034},{"token":"0917nm","p_w_given_topic":0.01084},{"token":"0706nm","p_w_given_topic":0.010658}],[{"token":"0907nm","p_w_given_topic":0.043247},{"token":"0854nm","p_w_given_topic":0.027859},{"token":"0484nm","p_w_given_topic":0.024888},{"token":"1065nm","p_w_given_topic":0.023924},{"token":"0822nm","p_w_given_topic":0.022332},{"token":"0790nm","p_w_given_topic":0.021517},{"token":"0527nm","p_w_given_topic":0.020511},{"token":"0495nm","p_w_given_topic":0.020388},{"token":"0812nm","p_w_given_topic":0.019291},{"token":"0432nm","p_w_given_topic":0.018743},{"token":"0917nm","p_w_given_topic":0.018115},{"token":"1086nm","p_w_given_topic":0.017577},{"token":"0885nm","p_w_given_topic":0.017199},{"token":"1139nm","p_w_given_topic":0.017183},{"token":"0569nm","p_w_given_topic":0.016943},{"token":"0537nm","p_w_given_topic":0.0155},{"token":"0622nm","p_w_given_topic":0.014483},{"token":"0453nm","p_w_given_topic":0.014318},{"token":"1350nm","p_w_given_topic":0.014217},{"token":"0949nm","p_w_given_topic":0.013701},{"token":"1128nm","p_w_given_topic":0.013557},{"token":"0780nm","p_w_given_topic":0.013472},{"token":"1677nm","p_w_given_topic":0.012444},{"token":"0411nm","p_w_given_topic":0.012305},{"token":"0706nm","p_w_given_topic":0.012199},{"token":"0875nm","p_w_given_topic":0.01172},{"token":"0959nm","p_w_given_topic":0.011539},{"token":"0590nm","p_w_given_topic":0.011336},{"token":"0833nm","p_w_given_topic":0.011102},{"token":"0938nm","p_w_given_topic":0.010964}],[{"token":"0938nm","p_w_given_topic":0.027839},{"token":"0843nm","p_w_given_topic":0.027345},{"token":"0875nm","p_w_given_topic":0.026744},{"token":"0411nm","p_w_given_topic":0.026712},{"token":"0674nm","p_w_given_topic":0.026276},{"token":"0980nm","p_w_given_topic":0.025718},{"token":"0548nm","p_w_given_topic":0.02257},{"token":"1160nm","p_w_given_topic":0.019879},{"token":"0885nm","p_w_given_topic":0.01888},{"token":"0527nm","p_w_given_topic":0.018429},{"token":"0579nm","p_w_given_topic":0.018359},{"token":"0896nm","p_w_given_topic":0.017527},{"token":"0453nm","p_w_given_topic":0.017408},{"token":"0769nm","p_w_given_topic":0.017344},{"token":"0790nm","p_w_given_topic":0.016232},{"token":"1424nm","p_w_given_topic":0.01613},{"token":"0653nm","p_w_given_topic":0.015878},{"token":"0854nm","p_w_given_topic":0.015577},{"token":"0558nm","p_w_given_topic":0.015217},{"token":"1128nm","p_w_given_topic":0.014905},{"token":"1170nm","p_w_given_topic":0.013826},{"token":"1286nm","p_w_given_topic":0.013348},{"token":"0928nm","p_w_given_topic":0.013289},{"token":"1096nm","p_w_given_topic":0.012966},{"token":"1255nm","p_w_given_topic":0.012918},{"token":"1075nm","p_w_given_topic":0.012897},{"token":"1846nm","p_w_given_topic":0.012596},{"token":"1107nm","p_w_given_topic":0.012107},{"token":"0717nm","p_w_given_topic":0.011763},{"token":"0537nm","p_w_given_topic":0.011597}],[{"token":"0896nm","p_w_given_topic":0.024131},{"token":"0769nm","p_w_given_topic":0.023613},{"token":"0463nm","p_w_given_topic":0.022481},{"token":"0790nm","p_w_given_topic":0.022308},{"token":"1139nm","p_w_given_topic":0.020064},{"token":"0453nm","p_w_given_topic":0.019157},{"token":"1107nm","p_w_given_topic":0.018057},{"token":"1075nm","p_w_given_topic":0.017248},{"token":"0611nm","p_w_given_topic":0.016611},{"token":"1392nm","p_w_given_topic":0.016417},{"token":"0495nm","p_w_given_topic":0.015392},{"token":"0748nm","p_w_given_topic":0.014879},{"token":"0579nm","p_w_given_topic":0.014156},{"token":"1403nm","p_w_given_topic":0.014156},{"token":"0717nm","p_w_given_topic":0.013978},{"token":"0506nm","p_w_given_topic":0.01387},{"token":"0801nm","p_w_given_topic":0.013644},{"token":"1772nm","p_w_given_topic":0.013423},{"token":"0569nm","p_w_given_topic":0.012996},{"token":"0854nm","p_w_given_topic":0.012926},{"token":"0516nm","p_w_given_topic":0.012872},{"token":"0442nm","p_w_given_topic":0.012608},{"token":"0411nm","p_w_given_topic":0.012586},{"token":"0833nm","p_w_given_topic":0.012365},{"token":"0938nm","p_w_given_topic":0.012279},{"token":"0537nm","p_w_given_topic":0.012122},{"token":"0822nm","p_w_given_topic":0.011453},{"token":"1371nm","p_w_given_topic":0.010941},{"token":"0590nm","p_w_given_topic":0.010838},{"token":"0843nm","p_w_given_topic":0.010774}],[{"token":"0548nm","p_w_given_topic":0.034853},{"token":"0833nm","p_w_given_topic":0.028153},{"token":"0506nm","p_w_given_topic":0.027359},{"token":"0896nm","p_w_given_topic":0.020355},{"token":"0970nm","p_w_given_topic":0.019811},{"token":"0759nm","p_w_given_topic":0.018835},{"token":"0453nm","p_w_given_topic":0.01844},{"token":"0495nm","p_w_given_topic":0.018125},{"token":"1128nm","p_w_given_topic":0.01741},{"token":"0822nm","p_w_given_topic":0.017405},{"token":"0854nm","p_w_given_topic":0.017106},{"token":"1075nm","p_w_given_topic":0.016877},{"token":"0643nm","p_w_given_topic":0.016813},{"token":"0484nm","p_w_given_topic":0.016264},{"token":"1360nm","p_w_given_topic":0.01589},{"token":"1118nm","p_w_given_topic":0.015469},{"token":"1160nm","p_w_given_topic":0.015272},{"token":"0949nm","p_w_given_topic":0.014775},{"token":"0917nm","p_w_given_topic":0.01429},{"token":"0748nm","p_w_given_topic":0.014279},{"token":"0938nm","p_w_given_topic":0.014221},{"token":"1286nm","p_w_given_topic":0.013463},{"token":"0590nm","p_w_given_topic":0.013389},{"token":"0421nm","p_w_given_topic":0.012759},{"token":"1308nm","p_w_given_topic":0.012668},{"token":"1603nm","p_w_given_topic":0.012546},{"token":"1065nm","p_w_given_topic":0.01174},{"token":"0442nm","p_w_given_topic":0.011527},{"token":"1033nm","p_w_given_topic":0.011458},{"token":"0474nm","p_w_given_topic":0.011298}],[{"token":"1107nm","p_w_given_topic":0.026986},{"token":"0516nm","p_w_given_topic":0.025728},{"token":"0917nm","p_w_given_topic":0.024246},{"token":"1044nm","p_w_given_topic":0.022383},{"token":"0801nm","p_w_given_topic":0.020563},{"token":"0590nm","p_w_given_topic":0.020483},{"token":"0421nm","p_w_given_topic":0.01983},{"token":"0780nm","p_w_given_topic":0.018893},{"token":"0833nm","p_w_given_topic":0.018433},{"token":"1118nm","p_w_given_topic":0.017753},{"token":"0854nm","p_w_given_topic":0.017411},{"token":"0864nm","p_w_given_topic":0.016062},{"token":"1149nm","p_w_given_topic":0.015559},{"token":"1170nm","p_w_given_topic":0.015505},{"token":"1445nm","p_w_given_topic":0.015468},{"token":"0790nm","p_w_given_topic":0.015216},{"token":"0959nm","p_w_given_topic":0.015158},{"token":"0484nm","p_w_given_topic":0.014927},{"token":"0432nm","p_w_given_topic":0.014831},{"token":"0980nm","p_w_given_topic":0.014756},{"token":"0907nm","p_w_given_topic":0.014719},{"token":"0928nm","p_w_given_topic":0.014258},{"token":"0474nm","p_w_given_topic":0.013905},{"token":"0674nm","p_w_given_topic":0.013488},{"token":"0727nm","p_w_given_topic":0.013359},{"token":"1265nm","p_w_given_topic":0.013188},{"token":"0601nm","p_w_given_topic":0.012605},{"token":"1075nm","p_w_given_topic":0.012578},{"token":"0843nm","p_w_given_topic":0.012439},{"token":"0579nm","p_w_given_topic":0.012118}],[{"token":"0885nm","p_w_given_topic":0.029273},{"token":"0843nm","p_w_given_topic":0.025331},{"token":"0748nm","p_w_given_topic":0.023253},{"token":"0928nm","p_w_given_topic":0.022216},{"token":"0801nm","p_w_given_topic":0.021062},{"token":"0474nm","p_w_given_topic":0.020697},{"token":"0727nm","p_w_given_topic":0.019735},{"token":"0558nm","p_w_given_topic":0.019644},{"token":"1012nm","p_w_given_topic":0.01937},{"token":"0632nm","p_w_given_topic":0.019333},{"token":"0695nm","p_w_given_topic":0.0193},{"token":"0664nm","p_w_given_topic":0.018769},{"token":"0780nm","p_w_given_topic":0.018683},{"token":"0896nm","p_w_given_topic":0.017378},{"token":"0527nm","p_w_given_topic":0.0161},{"token":"0907nm","p_w_given_topic":0.016057},{"token":"0833nm","p_w_given_topic":0.016009},{"token":"1075nm","p_w_given_topic":0.015514},{"token":"0938nm","p_w_given_topic":0.015445},{"token":"0548nm","p_w_given_topic":0.01538},{"token":"0822nm","p_w_given_topic":0.015144},{"token":"0537nm","p_w_given_topic":0.014988},{"token":"1054nm","p_w_given_topic":0.014097},{"token":"1318nm","p_w_given_topic":0.013758},{"token":"1065nm","p_w_given_topic":0.013195},{"token":"0875nm","p_w_given_topic":0.013044},{"token":"0506nm","p_w_given_topic":0.012786},{"token":"0400nm","p_w_given_topic":0.012652},{"token":"0854nm","p_w_given_topic":0.011874},{"token":"1149nm","p_w_given_topic":0.01182}]],"perplexity":96.31961139462007,"reconstruction_err":null,"npmi_coherence":0.0,"topic_distance_js":[[0.0,0.152472,0.145522,0.149939,0.136972,0.145335,0.150718,0.166107,0.15271,0.154416,0.134514,0.140634],[0.152472,0.0,0.135458,0.150807,0.144946,0.154532,0.132464,0.161902,0.125155,0.162025,0.119417,0.141027],[0.145522,0.135458,0.0,0.137713,0.130345,0.123059,0.127066,0.131606,0.126074,0.130617,0.13021,0.117768],[0.149939,0.150807,0.137713,0.0,0.148732,0.161452,0.153792,0.163743,0.139621,0.147713,0.138567,0.151439],[0.136972,0.144946,0.130345,0.148732,0.0,0.129005,0.141771,0.146537,0.122391,0.134635,0.140806,0.140582],[0.145335,0.154532,0.123059,0.161452,0.129005,0.0,0.153583,0.164494,0.144453,0.136967,0.120693,0.124813],[0.150718,0.132464,0.127066,0.153792,0.141771,0.153583,0.0,0.164784,0.146692,0.142826,0.138098,0.145388],[0.166107,0.161902,0.131606,0.163743,0.146537,0.164494,0.164784,0.0,0.148546,0.151409,0.14609,0.134374],[0.15271,0.125155,0.126074,0.139621,0.122391,0.144453,0.146692,0.148546,0.0,0.138449,0.13732,0.134798],[0.154416,0.162025,0.130617,0.147713,0.134635,0.136967,0.142826,0.151409,0.138449,0.0,0.133783,0.15396],[0.134514,0.119417,0.13021,0.138567,0.140806,0.120693,0.138098,0.14609,0.13732,0.133783,0.0,0.116567],[0.140634,0.141027,0.117768,0.151439,0.140582,0.124813,0.145388,0.134374,0.134798,0.15396,0.116567,0.0]],"topic_intertopic_2d_js":[[0.094852,0.264677],[-0.176052,-0.124513],[0.033059,-0.19796],[0.187982,-0.213579],[-0.089229,0.241045],[0.200635,0.142456],[-0.11629,-0.257979],[0.284721,-0.029583],[-0.257339,-0.024848],[-0.227962,0.143168],[-0.026276,0.084774],[0.0919,-0.027657]],"K_live":null,"topic_correlation":[[[1.0,0.043438758701086044,0.020025745034217834,0.027148591354489326,0.026142345741391182,0.002174077555537224,0.02941342070698738,0.027423523366451263,0.028070718050003052,0.04418762028217316,0.00101872393861413,0.012776745483279228],[0.043438758701086044,1.0,0.004565047565847635,0.014227328822016716,0.02891344390809536,0.0047558085061609745,0.008585851639509201,0.008004607632756233,0.03256041556596756,0.026928383857011795,-0.005049917381256819,0.02839215099811554],[0.020025745034217834,0.004565047565847635,1.0,0.017733735963702202,0.023854095488786697,0.009234225377440453,-0.001010137377306819,-6.40052676317282e-05,-0.005148872267454863,0.009231172502040863,0.0036512871738523245,0.00022477367019746453],[0.027148591354489326,0.014227328822016716,0.017733735963702202,1.0,0.03149969130754471,0.01699807122349739,0.014164865016937256,0.01044822484254837,0.0077375201508402824,0.026679975911974907,0.021268246695399284,0.017024779692292213],[0.026142345741391182,0.02891344390809536,0.023854095488786697,0.03149969130754471,1.0,0.00409616157412529,-0.0251038558781147,0.0002587070921435952,0.02429094910621643,0.02863825298845768,0.00388851435855031,0.034366413950920105],[0.002174077555537224,0.0047558085061609745,0.009234225377440453,0.01699807122349739,0.00409616157412529,1.0,0.034862812608480453,0.008497795090079308,-0.002951859263703227,-0.011021776124835014,0.0361967608332634,-0.006866677198559046],[0.02941342070698738,0.008585851639509201,-0.001010137377306819,0.014164865016937256,-0.0251038558781147,0.034862812608480453,1.0,0.03737406060099602,0.019119519740343094,0.0282544307410717,-0.014584771357476711,0.031108127906918526],[0.027423523366451263,0.008004607632756233,-6.40052676317282e-05,0.01044822484254837,0.0002587070921435952,0.008497795090079308,0.03737406060099602,1.0,0.04605240002274513,0.009044450707733631,0.01638701558113098,0.010897940024733543],[0.028070718050003052,0.03256041556596756,-0.005148872267454863,0.0077375201508402824,0.02429094910621643,-0.002951859263703227,0.019119519740343094,0.04605240002274513,1.0,-0.0014204091858118773,0.014921874739229679,0.07317807525396347],[0.04418762028217316,0.026928383857011795,0.009231172502040863,0.026679975911974907,0.02863825298845768,-0.011021776124835014,0.0282544307410717,0.009044450707733631,-0.0014204091858118773,1.0,0.011738153174519539,0.024705782532691956],[0.00101872393861413,-0.005049917381256819,0.0036512871738523245,0.021268246695399284,0.00388851435855031,0.0361967608332634,-0.014584771357476711,0.01638701558113098,0.014921874739229679,0.011738153174519539,1.0,0.01793721504509449],[0.012776745483279228,0.02839215099811554,0.00022477367019746453,0.017024779692292213,0.034366413950920105,-0.006866677198559046,0.031108127906918526,0.010897940024733543,0.07317807525396347,0.024705782532691956,0.01793721504509449,1.0]],[[4.591788820884204e-40,2.755148962647596e-40,7.346881731593227e-40,3.6735319501967944e-40,1.2611686178923354e-44,6.4286388738904605e-40,7.346909757562513e-40,2.755162975632239e-40,1.0101960629317606e-39,8.265348797050285e-40,3.673545963181438e-40,2.755106923693666e-40],[2.7551349496629526e-40,6.428568808967244e-40,9.183703758630197e-40,5.605193857299268e-45,5.510241873356619e-40,7.346965809501086e-40,9.183549615799121e-41,1.0102044707225466e-39,2.7550648847397363e-40,7.346993835470373e-40,9.183829875491986e-41,0.0],[2.755205014586169e-40,9.183563628783764e-40,6.428610847921174e-40,5.5102839123105484e-40,5.510269899325905e-40,9.183689745645554e-41,9.185091044109878e-41,4.59181684685349e-40,9.183577641768408e-40,5.605193857299268e-45,7.346993835470373e-40,1.0101918590363677e-39],[9.184810784417013e-41,9.183619680722337e-40,3.6735319501967944e-40,2.755162975632239e-40,6.428512757028671e-40,1.0101988655286893e-39,9.80908925027372e-45,9.185091044109878e-41,7.34685370562394e-40,9.184390394877716e-41,8.265194654219209e-40,6.428610847921174e-40],[1.8368220270369702e-40,2.755106923693666e-40,7.3469377835318e-40,8.265292745111712e-40,9.18367573266091e-40,6.428568808967244e-40,5.605193857299268e-45,3.673503924227508e-40,7.346951796516443e-40,2.7550788977243796e-40,9.184810784417013e-41,9.184390394877716e-41],[9.184250265031284e-41,7.346867718608583e-40,4.5918869117767066e-40,9.18363369370698e-40,1.8367940010676837e-40,1.0102058720210109e-39,7.34685370562394e-40,9.80908925027372e-45,3.6734198463196485e-40,5.5102278603719754e-40,1.010197464230225e-39,9.18367573266091e-40],[5.510241873356619e-40,8.265250706157782e-40,9.184950914263446e-41,8.265236693173139e-40,7.346923770547156e-40,6.428568808967244e-40,7.346993835470373e-40,7.346867718608583e-40,9.183549615799121e-41,9.18363369370698e-40,4.591872898792063e-40,7.346951796516443e-40],[8.265292745111712e-40,0.0,7.346923770547156e-40,3.673489911242865e-40,1.5414283107572988e-44,9.80908925027372e-45,3.673517937212151e-40,9.184950914263446e-41,6.428596834936531e-40,7.346951796516443e-40,2.755106923693666e-40,1.0101960629317606e-39],[9.183577641768408e-40,4.591914937745993e-40,7.34697982248573e-40,2.7551349496629526e-40,4.59190092476135e-40,9.183829875491986e-41,2.755106923693666e-40,1.8368360400216135e-40,3.673573989150724e-40,9.18467065457058e-41,1.010193260334832e-39,8.407790785948902e-45],[9.183689745645554e-41,1.8367099231598242e-40,9.185091044109878e-41,1.0102002668271536e-39,3.673447872288935e-40,8.265264719142425e-40,1.0101988655286893e-39,3.673489911242865e-40,3.673517937212151e-40,5.510157795448759e-40,7.346881731593227e-40,9.184810784417013e-41],[7.3469377835318e-40,1.836808014052327e-40,6.428540782997958e-40,2.755148962647596e-40,1.8367659750983972e-40,4.203895392974451e-45,9.184950914263446e-41,1.0101988655286893e-39,7.006492321624085e-45,9.18363369370698e-40,1.8367799880830405e-40,4.591844872822777e-40],[2.755106923693666e-40,3.673489911242865e-40,9.184950914263446e-41,8.265278732127069e-40,9.184110135184851e-41,7.006492321624085e-45,-2.7791611501015723e-07,6.221765181602188e-43,-2.7795294954557903e-07,6.221765181602188e-43,-2.7795158530352637e-07,2.3883450766259317e-39]]],"wavelengths_nm":[400.0,410.55,421.11,431.66,442.21,452.76,463.32,473.87,484.42,494.97,505.53,516.08,526.63,537.19,547.74,558.29,568.84,579.4,589.95,600.5,611.06,621.61,632.16,642.71,653.27,663.82,674.37,684.92,695.48,706.03,716.58,727.14,737.69,748.24,758.79,769.35,779.9,790.45,801.01,811.56,822.11,832.66,843.22,853.77,864.32,874.87,885.43,895.98,906.53,917.09,927.64,938.19,948.74,959.3,969.85,980.4,990.95,1001.51,1012.06,1022.61,1033.17,1043.72,1054.27,1064.82,1075.38,1085.93,1096.48,1107.04,1117.59,1128.14,1138.69,1149.25,1159.8,1170.35,1180.9,1191.46,1202.01,1212.56,1223.12,1233.67,1244.22,1254.77,1265.33,1275.88,1286.43,1296.98,1307.54,1318.09,1328.64,1339.2,1349.75,1360.3,1370.85,1381.41,1391.96,1402.51,1413.07,1423.62,1434.17,1444.72,1455.28,1465.83,1476.38,1486.93,1497.49,1508.04,1518.59,1529.15,1539.7,1550.25,1560.8,1571.36,1581.91,1592.46,1603.02,1613.57,1624.12,1634.67,1645.23,1655.78,1666.33,1676.88,1687.44,1697.99,1708.54,1719.1,1729.65,1740.2,1750.75,1761.31,1771.86,1782.41,1792.96,1803.52,1814.07,1824.62,1835.18,1845.73,1856.28,1866.83,1877.39,1887.94,1898.49,1909.05,1919.6,1930.15,1940.7,1951.26,1961.81,1972.36,1982.91,1993.47,2004.02,2014.57,2025.13,2035.68,2046.23,2056.78,2067.34,2077.89,2088.44,2098.99,2109.55,2120.1,2130.65,2141.21,2151.76,2162.31,2172.86,2183.42,2193.97,2204.52,2215.08,2225.63,2236.18,2246.73,2257.29,2267.84,2278.39,2288.94,2299.5,2310.05,2320.6,2331.16,2341.71,2352.26,2362.81,2373.37,2383.92,2394.47,2405.03,2415.58,2426.13,2436.68,2447.24,2457.79,2468.34,2478.89,2489.45,2500.0],"generated_at":"2026-05-03T12:47:18Z","builder_version":"build_topic_model_variants v0.1"}