{"scene_id":"kennedy-space-center","variant":"tomotopy_ctm","topic_count":12,"vocabulary_size":176,"document_count":2686,"topic_prevalence":[0.08236,0.081074,0.082981,0.081831,0.083127,0.08144,0.094511,0.08262,0.082403,0.082821,0.08209,0.08274],"top_words_per_topic":[[{"token":"1156nm","p_w_given_topic":0.023415},{"token":"1444nm","p_w_given_topic":0.022391},{"token":"1228nm","p_w_given_topic":0.021991},{"token":"0904nm","p_w_given_topic":0.021746},{"token":"1312nm","p_w_given_topic":0.020427},{"token":"0748nm","p_w_given_topic":0.018134},{"token":"1348nm","p_w_given_topic":0.018014},{"token":"1456nm","p_w_given_topic":0.017944},{"token":"1396nm","p_w_given_topic":0.01598},{"token":"1240nm","p_w_given_topic":0.01583},{"token":"1252nm","p_w_given_topic":0.015445},{"token":"1120nm","p_w_given_topic":0.015081},{"token":"1324nm","p_w_given_topic":0.014876},{"token":"1336nm","p_w_given_topic":0.014036},{"token":"0760nm","p_w_given_topic":0.013961},{"token":"1528nm","p_w_given_topic":0.013936},{"token":"1792nm","p_w_given_topic":0.013297},{"token":"1468nm","p_w_given_topic":0.013042},{"token":"2008nm","p_w_given_topic":0.012682},{"token":"0532nm","p_w_given_topic":0.012557},{"token":"0580nm","p_w_given_topic":0.012477},{"token":"1168nm","p_w_given_topic":0.012192},{"token":"1732nm","p_w_given_topic":0.011753},{"token":"0700nm","p_w_given_topic":0.011368},{"token":"1180nm","p_w_given_topic":0.010993},{"token":"1540nm","p_w_given_topic":0.010848},{"token":"1024nm","p_w_given_topic":0.010429},{"token":"2248nm","p_w_given_topic":0.010259},{"token":"1696nm","p_w_given_topic":0.009749},{"token":"1000nm","p_w_given_topic":0.009704}],[{"token":"1180nm","p_w_given_topic":0.021353},{"token":"1816nm","p_w_given_topic":0.019729},{"token":"0520nm","p_w_given_topic":0.019532},{"token":"1672nm","p_w_given_topic":0.019426},{"token":"1324nm","p_w_given_topic":0.018704},{"token":"1804nm","p_w_given_topic":0.018684},{"token":"1720nm","p_w_given_topic":0.017418},{"token":"0508nm","p_w_given_topic":0.016651},{"token":"1300nm","p_w_given_topic":0.01653},{"token":"0496nm","p_w_given_topic":0.016434},{"token":"0676nm","p_w_given_topic":0.014254},{"token":"1588nm","p_w_given_topic":0.013785},{"token":"1012nm","p_w_given_topic":0.013749},{"token":"0856nm","p_w_given_topic":0.013568},{"token":"1144nm","p_w_given_topic":0.013295},{"token":"0448nm","p_w_given_topic":0.012488},{"token":"1036nm","p_w_given_topic":0.012412},{"token":"1432nm","p_w_given_topic":0.012362},{"token":"0544nm","p_w_given_topic":0.012342},{"token":"1744nm","p_w_given_topic":0.012095},{"token":"0556nm","p_w_given_topic":0.011787},{"token":"0592nm","p_w_given_topic":0.011711},{"token":"0700nm","p_w_given_topic":0.011524},{"token":"1768nm","p_w_given_topic":0.01108},{"token":"0568nm","p_w_given_topic":0.010677},{"token":"0844nm","p_w_given_topic":0.010667},{"token":"1852nm","p_w_given_topic":0.010525},{"token":"1444nm","p_w_given_topic":0.01046},{"token":"2080nm","p_w_given_topic":0.010404},{"token":"1120nm","p_w_given_topic":0.010339}],[{"token":"1060nm","p_w_given_topic":0.036509},{"token":"1288nm","p_w_given_topic":0.036323},{"token":"0988nm","p_w_given_topic":0.030831},{"token":"1084nm","p_w_given_topic":0.025077},{"token":"1132nm","p_w_given_topic":0.024026},{"token":"1276nm","p_w_given_topic":0.022834},{"token":"1180nm","p_w_given_topic":0.022069},{"token":"1480nm","p_w_given_topic":0.021456},{"token":"0916nm","p_w_given_topic":0.020877},{"token":"1216nm","p_w_given_topic":0.019112},{"token":"1516nm","p_w_given_topic":0.019042},{"token":"1348nm","p_w_given_topic":0.018519},{"token":"1096nm","p_w_given_topic":0.018161},{"token":"0868nm","p_w_given_topic":0.017523},{"token":"1312nm","p_w_given_topic":0.01702},{"token":"1456nm","p_w_given_topic":0.015793},{"token":"1552nm","p_w_given_topic":0.015687},{"token":"1372nm","p_w_given_topic":0.014928},{"token":"1300nm","p_w_given_topic":0.014792},{"token":"1204nm","p_w_given_topic":0.014616},{"token":"1036nm","p_w_given_topic":0.014233},{"token":"1492nm","p_w_given_topic":0.014203},{"token":"1228nm","p_w_given_topic":0.014007},{"token":"1024nm","p_w_given_topic":0.01283},{"token":"1120nm","p_w_given_topic":0.01275},{"token":"1012nm","p_w_given_topic":0.012559},{"token":"1048nm","p_w_given_topic":0.012503},{"token":"1852nm","p_w_given_topic":0.011663},{"token":"1708nm","p_w_given_topic":0.011357},{"token":"1468nm","p_w_given_topic":0.011246}],[{"token":"1384nm","p_w_given_topic":0.034021},{"token":"1264nm","p_w_given_topic":0.024832},{"token":"1252nm","p_w_given_topic":0.023802},{"token":"1324nm","p_w_given_topic":0.023645},{"token":"1360nm","p_w_given_topic":0.021954},{"token":"1336nm","p_w_given_topic":0.021706},{"token":"1192nm","p_w_given_topic":0.020313},{"token":"1456nm","p_w_given_topic":0.018828},{"token":"0964nm","p_w_given_topic":0.018445},{"token":"1504nm","p_w_given_topic":0.018228},{"token":"0892nm","p_w_given_topic":0.017652},{"token":"1804nm","p_w_given_topic":0.016279},{"token":"0952nm","p_w_given_topic":0.015637},{"token":"0880nm","p_w_given_topic":0.014971},{"token":"1036nm","p_w_given_topic":0.014501},{"token":"1180nm","p_w_given_topic":0.014385},{"token":"1792nm","p_w_given_topic":0.013931},{"token":"0868nm","p_w_given_topic":0.013885},{"token":"1660nm","p_w_given_topic":0.013295},{"token":"1372nm","p_w_given_topic":0.012875},{"token":"2272nm","p_w_given_topic":0.012674},{"token":"1048nm","p_w_given_topic":0.012573},{"token":"1348nm","p_w_given_topic":0.012285},{"token":"1288nm","p_w_given_topic":0.011856},{"token":"1300nm","p_w_given_topic":0.01128},{"token":"0808nm","p_w_given_topic":0.01081},{"token":"1840nm","p_w_given_topic":0.01079},{"token":"1144nm","p_w_given_topic":0.01025},{"token":"0940nm","p_w_given_topic":0.010235},{"token":"0832nm","p_w_given_topic":0.010179}],[{"token":"1492nm","p_w_given_topic":0.037082},{"token":"0868nm","p_w_given_topic":0.031361},{"token":"1168nm","p_w_given_topic":0.028354},{"token":"1372nm","p_w_given_topic":0.026806},{"token":"1504nm","p_w_given_topic":0.025202},{"token":"1300nm","p_w_given_topic":0.025087},{"token":"1528nm","p_w_given_topic":0.02379},{"token":"1360nm","p_w_given_topic":0.023277},{"token":"1276nm","p_w_given_topic":0.021834},{"token":"1072nm","p_w_given_topic":0.021728},{"token":"1204nm","p_w_given_topic":0.021678},{"token":"1216nm","p_w_given_topic":0.021658},{"token":"0952nm","p_w_given_topic":0.020286},{"token":"0880nm","p_w_given_topic":0.020049},{"token":"1312nm","p_w_given_topic":0.018219},{"token":"0988nm","p_w_given_topic":0.018159},{"token":"1516nm","p_w_given_topic":0.0174},{"token":"1096nm","p_w_given_topic":0.014735},{"token":"1000nm","p_w_given_topic":0.01467},{"token":"1348nm","p_w_given_topic":0.014142},{"token":"1012nm","p_w_given_topic":0.014077},{"token":"1120nm","p_w_given_topic":0.013453},{"token":"1420nm","p_w_given_topic":0.013247},{"token":"0976nm","p_w_given_topic":0.013207},{"token":"0844nm","p_w_given_topic":0.013202},{"token":"1156nm","p_w_given_topic":0.012755},{"token":"0820nm","p_w_given_topic":0.012558},{"token":"1396nm","p_w_given_topic":0.012468},{"token":"1408nm","p_w_given_topic":0.012433},{"token":"0904nm","p_w_given_topic":0.012247}],[{"token":"1444nm","p_w_given_topic":0.028115},{"token":"1240nm","p_w_given_topic":0.026494},{"token":"1012nm","p_w_given_topic":0.022155},{"token":"1228nm","p_w_given_topic":0.020685},{"token":"1744nm","p_w_given_topic":0.019653},{"token":"0976nm","p_w_given_topic":0.019024},{"token":"0856nm","p_w_given_topic":0.018878},{"token":"1732nm","p_w_given_topic":0.017977},{"token":"1432nm","p_w_given_topic":0.017821},{"token":"2284nm","p_w_given_topic":0.017816},{"token":"0904nm","p_w_given_topic":0.017539},{"token":"1504nm","p_w_given_topic":0.016814},{"token":"2332nm","p_w_given_topic":0.015641},{"token":"0820nm","p_w_given_topic":0.0147},{"token":"1528nm","p_w_given_topic":0.014498},{"token":"1300nm","p_w_given_topic":0.014453},{"token":"2224nm","p_w_given_topic":0.013914},{"token":"1780nm","p_w_given_topic":0.013511},{"token":"1900nm","p_w_given_topic":0.01324},{"token":"1120nm","p_w_given_topic":0.01258},{"token":"1612nm","p_w_given_topic":0.012248},{"token":"2188nm","p_w_given_topic":0.012062},{"token":"2032nm","p_w_given_topic":0.01175},{"token":"2020nm","p_w_given_topic":0.011724},{"token":"1552nm","p_w_given_topic":0.011679},{"token":"1084nm","p_w_given_topic":0.011392},{"token":"0472nm","p_w_given_topic":0.011276},{"token":"0736nm","p_w_given_topic":0.011276},{"token":"0412nm","p_w_given_topic":0.011171},{"token":"1792nm","p_w_given_topic":0.010934}],[{"token":"1684nm","p_w_given_topic":0.023431},{"token":"1024nm","p_w_given_topic":0.022227},{"token":"0964nm","p_w_given_topic":0.019968},{"token":"1264nm","p_w_given_topic":0.019192},{"token":"1984nm","p_w_given_topic":0.019172},{"token":"2476nm","p_w_given_topic":0.018883},{"token":"1192nm","p_w_given_topic":0.01759},{"token":"1900nm","p_w_given_topic":0.0175},{"token":"0940nm","p_w_given_topic":0.0165},{"token":"1876nm","p_w_given_topic":0.016246},{"token":"1444nm","p_w_given_topic":0.015878},{"token":"1864nm","p_w_given_topic":0.014952},{"token":"0808nm","p_w_given_topic":0.014699},{"token":"2488nm","p_w_given_topic":0.014221},{"token":"1132nm","p_w_given_topic":0.013907},{"token":"2500nm","p_w_given_topic":0.013858},{"token":"1996nm","p_w_given_topic":0.013485},{"token":"1108nm","p_w_given_topic":0.013072},{"token":"0796nm","p_w_given_topic":0.013042},{"token":"2056nm","p_w_given_topic":0.012947},{"token":"1216nm","p_w_given_topic":0.012634},{"token":"1936nm","p_w_given_topic":0.012589},{"token":"2452nm","p_w_given_topic":0.012171},{"token":"1252nm","p_w_given_topic":0.012161},{"token":"1228nm","p_w_given_topic":0.011798},{"token":"1636nm","p_w_given_topic":0.011748},{"token":"0880nm","p_w_given_topic":0.011643},{"token":"2428nm","p_w_given_topic":0.011405},{"token":"1336nm","p_w_given_topic":0.01132},{"token":"1888nm","p_w_given_topic":0.010967}],[{"token":"1432nm","p_w_given_topic":0.024605},{"token":"1240nm","p_w_given_topic":0.021716},{"token":"0988nm","p_w_given_topic":0.020184},{"token":"1036nm","p_w_given_topic":0.019919},{"token":"1000nm","p_w_given_topic":0.018927},{"token":"1144nm","p_w_given_topic":0.018607},{"token":"1480nm","p_w_given_topic":0.018401},{"token":"0940nm","p_w_given_topic":0.018226},{"token":"1828nm","p_w_given_topic":0.016704},{"token":"1324nm","p_w_given_topic":0.015823},{"token":"1936nm","p_w_given_topic":0.015457},{"token":"1156nm","p_w_given_topic":0.015392},{"token":"1108nm","p_w_given_topic":0.015337},{"token":"1864nm","p_w_given_topic":0.015307},{"token":"0952nm","p_w_given_topic":0.015182},{"token":"0880nm","p_w_given_topic":0.014551},{"token":"1204nm","p_w_given_topic":0.014491},{"token":"1192nm","p_w_given_topic":0.014205},{"token":"0856nm","p_w_given_topic":0.014115},{"token":"1420nm","p_w_given_topic":0.013605},{"token":"0976nm","p_w_given_topic":0.013454},{"token":"1072nm","p_w_given_topic":0.013149},{"token":"0964nm","p_w_given_topic":0.013104},{"token":"1756nm","p_w_given_topic":0.012914},{"token":"0820nm","p_w_given_topic":0.012278},{"token":"1552nm","p_w_given_topic":0.012248},{"token":"1348nm","p_w_given_topic":0.011847},{"token":"1288nm","p_w_given_topic":0.011752},{"token":"1816nm","p_w_given_topic":0.011732},{"token":"2248nm","p_w_given_topic":0.011692}],[{"token":"1396nm","p_w_given_topic":0.030785},{"token":"1408nm","p_w_given_topic":0.02595},{"token":"0928nm","p_w_given_topic":0.025434},{"token":"1132nm","p_w_given_topic":0.022808},{"token":"1288nm","p_w_given_topic":0.021911},{"token":"1468nm","p_w_given_topic":0.021445},{"token":"1216nm","p_w_given_topic":0.020503},{"token":"1552nm","p_w_given_topic":0.019541},{"token":"1120nm","p_w_given_topic":0.019326},{"token":"1360nm","p_w_given_topic":0.016896},{"token":"1936nm","p_w_given_topic":0.016074},{"token":"1756nm","p_w_given_topic":0.015843},{"token":"1324nm","p_w_given_topic":0.015688},{"token":"1024nm","p_w_given_topic":0.015648},{"token":"1300nm","p_w_given_topic":0.015488},{"token":"1204nm","p_w_given_topic":0.015092},{"token":"1240nm","p_w_given_topic":0.014997},{"token":"0988nm","p_w_given_topic":0.014556},{"token":"1108nm","p_w_given_topic":0.014415},{"token":"1948nm","p_w_given_topic":0.014045},{"token":"1180nm","p_w_given_topic":0.013599},{"token":"1144nm","p_w_given_topic":0.012932},{"token":"1516nm","p_w_given_topic":0.012882},{"token":"1264nm","p_w_given_topic":0.012622},{"token":"1000nm","p_w_given_topic":0.01189},{"token":"2200nm","p_w_given_topic":0.01167},{"token":"1588nm","p_w_given_topic":0.011239},{"token":"1456nm","p_w_given_topic":0.011048},{"token":"1768nm","p_w_given_topic":0.011033},{"token":"1252nm","p_w_given_topic":0.010988}],[{"token":"1276nm","p_w_given_topic":0.034806},{"token":"1540nm","p_w_given_topic":0.022715},{"token":"1420nm","p_w_given_topic":0.019195},{"token":"1240nm","p_w_given_topic":0.01887},{"token":"0844nm","p_w_given_topic":0.015865},{"token":"1468nm","p_w_given_topic":0.015805},{"token":"1072nm","p_w_given_topic":0.015505},{"token":"0880nm","p_w_given_topic":0.015415},{"token":"1228nm","p_w_given_topic":0.015315},{"token":"1264nm","p_w_given_topic":0.015305},{"token":"0916nm","p_w_given_topic":0.01529},{"token":"1372nm","p_w_given_topic":0.015075},{"token":"1096nm","p_w_given_topic":0.015005},{"token":"1480nm","p_w_given_topic":0.014875},{"token":"1780nm","p_w_given_topic":0.01456},{"token":"1756nm","p_w_given_topic":0.014535},{"token":"1396nm","p_w_given_topic":0.01381},{"token":"1156nm","p_w_given_topic":0.0138},{"token":"1408nm","p_w_given_topic":0.013705},{"token":"2140nm","p_w_given_topic":0.01315},{"token":"1084nm","p_w_given_topic":0.01286},{"token":"0976nm","p_w_given_topic":0.012855},{"token":"1252nm","p_w_given_topic":0.012705},{"token":"0952nm","p_w_given_topic":0.012395},{"token":"0892nm","p_w_given_topic":0.011815},{"token":"1864nm","p_w_given_topic":0.011775},{"token":"1216nm","p_w_given_topic":0.011775},{"token":"0652nm","p_w_given_topic":0.01166},{"token":"1732nm","p_w_given_topic":0.011545},{"token":"1552nm","p_w_given_topic":0.01111}],[{"token":"1144nm","p_w_given_topic":0.021795},{"token":"0892nm","p_w_given_topic":0.019806},{"token":"1252nm","p_w_given_topic":0.019484},{"token":"1960nm","p_w_given_topic":0.018588},{"token":"1552nm","p_w_given_topic":0.018069},{"token":"0904nm","p_w_given_topic":0.017656},{"token":"0940nm","p_w_given_topic":0.016639},{"token":"0964nm","p_w_given_topic":0.016231},{"token":"1168nm","p_w_given_topic":0.016166},{"token":"1096nm","p_w_given_topic":0.015914},{"token":"1204nm","p_w_given_topic":0.015798},{"token":"1744nm","p_w_given_topic":0.015637},{"token":"1000nm","p_w_given_topic":0.015431},{"token":"1540nm","p_w_given_topic":0.015089},{"token":"1828nm","p_w_given_topic":0.014741},{"token":"1348nm","p_w_given_topic":0.013951},{"token":"1036nm","p_w_given_topic":0.013885},{"token":"1048nm","p_w_given_topic":0.013543},{"token":"0820nm","p_w_given_topic":0.013417},{"token":"1516nm","p_w_given_topic":0.013301},{"token":"1420nm","p_w_given_topic":0.013241},{"token":"1528nm","p_w_given_topic":0.012722},{"token":"1624nm","p_w_given_topic":0.012012},{"token":"1672nm","p_w_given_topic":0.011932},{"token":"1396nm","p_w_given_topic":0.011846},{"token":"1024nm","p_w_given_topic":0.011635},{"token":"1648nm","p_w_given_topic":0.011469},{"token":"1312nm","p_w_given_topic":0.011227},{"token":"2080nm","p_w_given_topic":0.011051},{"token":"1324nm","p_w_given_topic":0.01086}],[{"token":"1264nm","p_w_given_topic":0.028499},{"token":"1060nm","p_w_given_topic":0.024106},{"token":"1084nm","p_w_given_topic":0.0225},{"token":"1204nm","p_w_given_topic":0.021681},{"token":"1468nm","p_w_given_topic":0.019774},{"token":"1312nm","p_w_given_topic":0.019498},{"token":"1000nm","p_w_given_topic":0.019136},{"token":"0976nm","p_w_given_topic":0.018443},{"token":"1504nm","p_w_given_topic":0.018177},{"token":"1720nm","p_w_given_topic":0.017439},{"token":"1048nm","p_w_given_topic":0.017209},{"token":"0916nm","p_w_given_topic":0.016556},{"token":"0628nm","p_w_given_topic":0.01504},{"token":"1288nm","p_w_given_topic":0.014879},{"token":"1024nm","p_w_given_topic":0.014202},{"token":"1552nm","p_w_given_topic":0.01371},{"token":"1600nm","p_w_given_topic":0.013147},{"token":"1144nm","p_w_given_topic":0.012987},{"token":"2044nm","p_w_given_topic":0.012906},{"token":"1300nm","p_w_given_topic":0.01248},{"token":"0940nm","p_w_given_topic":0.012334},{"token":"0952nm","p_w_given_topic":0.012319},{"token":"1804nm","p_w_given_topic":0.012314},{"token":"0796nm","p_w_given_topic":0.012264},{"token":"1180nm","p_w_given_topic":0.012239},{"token":"1156nm","p_w_given_topic":0.011983},{"token":"1492nm","p_w_given_topic":0.011857},{"token":"0964nm","p_w_given_topic":0.011506},{"token":"1012nm","p_w_given_topic":0.01137},{"token":"1228nm","p_w_given_topic":0.011255}]],"perplexity":109.27928900859136,"reconstruction_err":null,"npmi_coherence":0.927444,"topic_distance_js":[[0.0,0.180651,0.179435,0.167437,0.195086,0.183652,0.187496,0.170202,0.179555,0.158744,0.142984,0.167318],[0.180651,0.0,0.218475,0.207256,0.241426,0.182545,0.227468,0.227371,0.21173,0.1993,0.17874,0.20479],[0.179435,0.218475,0.0,0.163393,0.108763,0.192721,0.191449,0.15092,0.134875,0.130592,0.149242,0.116746],[0.167437,0.207256,0.163393,0.0,0.149727,0.20602,0.169861,0.142815,0.140076,0.147666,0.158415,0.141037],[0.195086,0.241426,0.108763,0.149727,0.0,0.191199,0.214921,0.149762,0.141791,0.150717,0.154028,0.145414],[0.183652,0.182545,0.192721,0.20602,0.191199,0.0,0.234828,0.209529,0.206321,0.180684,0.191883,0.187469],[0.187496,0.227468,0.191449,0.169861,0.214921,0.234828,0.0,0.185413,0.183598,0.190964,0.16727,0.179124],[0.170202,0.227371,0.15092,0.142815,0.149762,0.209529,0.185413,0.0,0.137261,0.140437,0.136157,0.153655],[0.179555,0.21173,0.134875,0.140076,0.141791,0.206321,0.183598,0.137261,0.0,0.136219,0.136097,0.140397],[0.158744,0.1993,0.130592,0.147666,0.150717,0.180684,0.190964,0.140437,0.136219,0.0,0.149857,0.130271],[0.142984,0.17874,0.149242,0.158415,0.154028,0.191883,0.16727,0.136157,0.136097,0.149857,0.0,0.142201],[0.167318,0.20479,0.116746,0.141037,0.145414,0.187469,0.179124,0.153655,0.140397,0.130271,0.142201,0.0]],"topic_intertopic_2d_js":[[-0.233306,0.169838],[-0.087954,0.34546],[0.179601,-0.223616],[-0.11098,-0.136934],[0.288782,0.067845],[-0.145216,-0.317576],[-0.327777,-0.052112],[0.151772,0.224671],[0.248961,-0.069099],[-0.094416,0.042677],[0.063448,0.110131],[0.067085,-0.161284]],"K_live":null,"topic_correlation":[[[1.0,0.7867934107780457,0.6583927869796753,0.6779189705848694,0.6993674039840698,0.7208839654922485,-0.7005981802940369,0.6913586854934692,0.6280052065849304,0.6487854719161987,0.747196614742279,0.28232821822166443],[0.7867934107780457,1.0,0.8494290709495544,0.839317798614502,0.8358222246170044,0.8612408638000488,-0.8109830617904663,0.8294910192489624,0.7876808643341064,0.7937464118003845,0.7994831800460815,0.36407676339149475],[0.6583927869796753,0.8494290709495544,1.0,0.9506914019584656,0.9414992332458496,0.9308783411979675,-0.8491824865341187,0.9472031593322754,0.9356250762939453,0.9006215333938599,0.8240405917167664,0.4313105046749115],[0.6779189705848694,0.839317798614502,0.9506914019584656,1.0,0.9675841331481934,0.9581155776977539,-0.8743650317192078,0.9673177599906921,0.9493263363838196,0.9144120812416077,0.8441219925880432,0.43029075860977173],[0.6993674039840698,0.8358222246170044,0.9414992332458496,0.9675841331481934,1.0,0.9709597826004028,-0.8830031156539917,0.9705292582511902,0.9525055885314941,0.924626350402832,0.8605622053146362,0.44543322920799255],[0.7208839654922485,0.8612408638000488,0.9308783411979675,0.9581155776977539,0.9709597826004028,1.0,-0.8857559561729431,0.969240128993988,0.9462801218032837,0.9303775429725647,0.8638743162155151,0.4321371614933014],[-0.7005981802940369,-0.8109830617904663,-0.8491824865341187,-0.8743650317192078,-0.8830031156539917,-0.8857559561729431,1.0,-0.8833003640174866,-0.8508757948875427,-0.8354663252830505,-0.8002843260765076,-0.38713034987449646],[0.6913586854934692,0.8294910192489624,0.9472031593322754,0.9673177599906921,0.9705292582511902,0.969240128993988,-0.8833003640174866,1.0,0.962371289730072,0.929337739944458,0.850430428981781,0.43704715371131897],[0.6280052065849304,0.7876808643341064,0.9356250762939453,0.9493263363838196,0.9525055885314941,0.9462801218032837,-0.8508757948875427,0.962371289730072,1.0,0.9207502007484436,0.8238686919212341,0.44075095653533936],[0.6487854719161987,0.7937464118003845,0.9006215333938599,0.9144120812416077,0.924626350402832,0.9303775429725647,-0.8354663252830505,0.929337739944458,0.9207502007484436,1.0,0.8089306950569153,0.4358460605144501],[0.747196614742279,0.7994831800460815,0.8240405917167664,0.8441219925880432,0.8605622053146362,0.8638743162155151,-0.8002843260765076,0.850430428981781,0.8238686919212341,0.8089306950569153,1.0,0.3818606734275818],[0.28232821822166443,0.36407676339149475,0.4313105046749115,0.43029075860977173,0.44543322920799255,0.4321371614933014,-0.38713034987449646,0.43704715371131897,0.44075095653533936,0.4358460605144501,0.3818606734275818,1.0]],[[-2.7795294954557903e-07,6.221765181602188e-43,-2.7795294954557903e-07,6.221765181602188e-43,-2.7795294954557903e-07,6.221765181602188e-43,-2.7795294954557903e-07,6.221765181602188e-43,-2.7795158530352637e-07,6.221765181602188e-43,-2.7795158530352637e-07,6.221765181602188e-43],[-2.7795158530352637e-07,6.221765181602188e-43,-2.7795158530352637e-07,6.221765181602188e-43,-2.7795158530352637e-07,6.221765181602188e-43,-2.779502210614737e-07,6.221765181602188e-43,-2.779502210614737e-07,6.221765181602188e-43,-2.779502210614737e-07,6.221765181602188e-43],[-2.779502210614737e-07,6.221765181602188e-43,-2.779502210614737e-07,6.221765181602188e-43,-2.7794885681942105e-07,6.221765181602188e-43,-2.7794885681942105e-07,6.221765181602188e-43,-2.7794885681942105e-07,6.221765181602188e-43,-2.7794885681942105e-07,6.221765181602188e-43],[-2.7794885681942105e-07,6.221765181602188e-43,-2.779474925773684e-07,6.221765181602188e-43,-2.779474925773684e-07,6.221765181602188e-43,-2.779474925773684e-07,6.221765181602188e-43,-2.779474925773684e-07,6.221765181602188e-43,-2.779474925773684e-07,6.221765181602188e-43],[-2.779447640932631e-07,6.221765181602188e-43,-2.779447640932631e-07,6.221765181602188e-43,-2.779447640932631e-07,6.221765181602188e-43,-2.779447640932631e-07,6.221765181602188e-43,-2.779447640932631e-07,6.221765181602188e-43,-2.779433998512104e-07,6.221765181602188e-43],[-2.779433998512104e-07,6.221765181602188e-43,-2.779433998512104e-07,6.221765181602188e-43,-2.779433998512104e-07,6.221765181602188e-43,-2.779433998512104e-07,6.221765181602188e-43,-2.779406713671051e-07,6.221765181602188e-43,-2.779406713671051e-07,6.221765181602188e-43],[-2.779406713671051e-07,6.221765181602188e-43,-2.779406713671051e-07,6.221765181602188e-43,-2.779406713671051e-07,6.221765181602188e-43,-2.7794612833531573e-07,6.221765181602188e-43,-2.7794612833531573e-07,6.221765181602188e-43,-2.7794612833531573e-07,6.221765181602188e-43],[-2.7794612833531573e-07,6.221765181602188e-43,-2.7794612833531573e-07,6.221765181602188e-43,-2.7792839318863116e-07,6.221765181602188e-43,-2.7792839318863116e-07,6.221765181602188e-43,-2.7792839318863116e-07,6.221765181602188e-43,-2.7792839318863116e-07,6.221765181602188e-43],[-2.7792839318863116e-07,6.221765181602188e-43,-2.7793248591478914e-07,6.221765181602188e-43,-2.7793248591478914e-07,6.221765181602188e-43,-2.7793248591478914e-07,6.221765181602188e-43,-2.7793248591478914e-07,6.221765181602188e-43,-2.7793248591478914e-07,6.221765181602188e-43],[-2.779202077363152e-07,6.221765181602188e-43,-2.779202077363152e-07,6.221765181602188e-43,-2.779202077363152e-07,6.221765181602188e-43,-2.779202077363152e-07,6.221765181602188e-43,-2.779202077363152e-07,6.221765181602188e-43,-2.7792566470452584e-07,6.221765181602188e-43],[-2.7792566470452584e-07,6.221765181602188e-43,-2.7792566470452584e-07,6.221765181602188e-43,-2.7792566470452584e-07,6.221765181602188e-43,-2.7792566470452584e-07,6.221765181602188e-43,-2.7790247258963063e-07,6.221765181602188e-43,-2.7790247258963063e-07,6.221765181602188e-43],[-2.7790247258963063e-07,6.221765181602188e-43,-2.7790247258963063e-07,6.221765181602188e-43,-2.7790247258963063e-07,6.221765181602188e-43,-2.7790247258963063e-07,6.221765181602188e-43,-2.778874659270514e-07,6.221765181602188e-43,-2.778874659270514e-07,2.939358053573879e-39]]],"wavelengths_nm":[400.0,412.0,424.0,436.0,448.0,460.0,472.0,484.0,496.0,508.0,520.0,532.0,544.0,556.0,568.0,580.0,592.0,604.0,616.0,628.0,640.0,652.0,664.0,676.0,688.0,700.0,712.0,724.0,736.0,748.0,760.0,772.0,784.0,796.0,808.0,820.0,832.0,844.0,856.0,868.0,880.0,892.0,904.0,916.0,928.0,940.0,952.0,964.0,976.0,988.0,1000.0,1012.0,1024.0,1036.0,1048.0,1060.0,1072.0,1084.0,1096.0,1108.0,1120.0,1132.0,1144.0,1156.0,1168.0,1180.0,1192.0,1204.0,1216.0,1228.0,1240.0,1252.0,1264.0,1276.0,1288.0,1300.0,1312.0,1324.0,1336.0,1348.0,1360.0,1372.0,1384.0,1396.0,1408.0,1420.0,1432.0,1444.0,1456.0,1468.0,1480.0,1492.0,1504.0,1516.0,1528.0,1540.0,1552.0,1564.0,1576.0,1588.0,1600.0,1612.0,1624.0,1636.0,1648.0,1660.0,1672.0,1684.0,1696.0,1708.0,1720.0,1732.0,1744.0,1756.0,1768.0,1780.0,1792.0,1804.0,1816.0,1828.0,1840.0,1852.0,1864.0,1876.0,1888.0,1900.0,1912.0,1924.0,1936.0,1948.0,1960.0,1972.0,1984.0,1996.0,2008.0,2020.0,2032.0,2044.0,2056.0,2068.0,2080.0,2092.0,2104.0,2116.0,2128.0,2140.0,2152.0,2164.0,2176.0,2188.0,2200.0,2212.0,2224.0,2236.0,2248.0,2260.0,2272.0,2284.0,2296.0,2308.0,2320.0,2332.0,2344.0,2356.0,2368.0,2380.0,2392.0,2404.0,2416.0,2428.0,2440.0,2452.0,2464.0,2476.0,2488.0,2500.0],"generated_at":"2026-05-03T13:00:12Z","builder_version":"build_topic_model_variants v0.1"}