{"scene_id":"kennedy-space-center","variant":"tomotopy_ctm","topic_count":12,"vocabulary_size":176,"document_count":2686,"topic_prevalence":[0.081401,0.082071,0.082199,0.083448,0.082223,0.083892,0.082177,0.089605,0.082393,0.082639,0.083713,0.08424],"top_words_per_topic":[[{"token":"0904nm","p_w_given_topic":0.02258},{"token":"0844nm","p_w_given_topic":0.02171},{"token":"1324nm","p_w_given_topic":0.020758},{"token":"1252nm","p_w_given_topic":0.019483},{"token":"0664nm","p_w_given_topic":0.01804},{"token":"1336nm","p_w_given_topic":0.017762},{"token":"1180nm","p_w_given_topic":0.016486},{"token":"0820nm","p_w_given_topic":0.016405},{"token":"2320nm","p_w_given_topic":0.0156},{"token":"1432nm","p_w_given_topic":0.015423},{"token":"1456nm","p_w_given_topic":0.01514},{"token":"1300nm","p_w_given_topic":0.014492},{"token":"1492nm","p_w_given_topic":0.01393},{"token":"1840nm","p_w_given_topic":0.013479},{"token":"1480nm","p_w_given_topic":0.012943},{"token":"1156nm","p_w_given_topic":0.012816},{"token":"0628nm","p_w_given_topic":0.012801},{"token":"1804nm","p_w_given_topic":0.012604},{"token":"1048nm","p_w_given_topic":0.012568},{"token":"1384nm","p_w_given_topic":0.01232},{"token":"1552nm","p_w_given_topic":0.012184},{"token":"1024nm","p_w_given_topic":0.012158},{"token":"0772nm","p_w_given_topic":0.011804},{"token":"1396nm","p_w_given_topic":0.011632},{"token":"0808nm","p_w_given_topic":0.011596},{"token":"2176nm","p_w_given_topic":0.011546},{"token":"1420nm","p_w_given_topic":0.011232},{"token":"1828nm","p_w_given_topic":0.011126},{"token":"0976nm","p_w_given_topic":0.010868},{"token":"1516nm","p_w_given_topic":0.010685}],[{"token":"0880nm","p_w_given_topic":0.022137},{"token":"1204nm","p_w_given_topic":0.021425},{"token":"0616nm","p_w_given_topic":0.019884},{"token":"1540nm","p_w_given_topic":0.016983},{"token":"1780nm","p_w_given_topic":0.016255},{"token":"1720nm","p_w_given_topic":0.01614},{"token":"1480nm","p_w_given_topic":0.014649},{"token":"0964nm","p_w_given_topic":0.014534},{"token":"1444nm","p_w_given_topic":0.014288},{"token":"1552nm","p_w_given_topic":0.013907},{"token":"1048nm","p_w_given_topic":0.013144},{"token":"1348nm","p_w_given_topic":0.012988},{"token":"0580nm","p_w_given_topic":0.012903},{"token":"1276nm","p_w_given_topic":0.012752},{"token":"1504nm","p_w_given_topic":0.012562},{"token":"0736nm","p_w_given_topic":0.012562},{"token":"1816nm","p_w_given_topic":0.01212},{"token":"1624nm","p_w_given_topic":0.01211},{"token":"1912nm","p_w_given_topic":0.011894},{"token":"0568nm","p_w_given_topic":0.011799},{"token":"1252nm","p_w_given_topic":0.011749},{"token":"0712nm","p_w_given_topic":0.011724},{"token":"1156nm","p_w_given_topic":0.011583},{"token":"0796nm","p_w_given_topic":0.011468},{"token":"0784nm","p_w_given_topic":0.011347},{"token":"0556nm","p_w_given_topic":0.011317},{"token":"2236nm","p_w_given_topic":0.011262},{"token":"1264nm","p_w_given_topic":0.011182},{"token":"2392nm","p_w_given_topic":0.011071},{"token":"0592nm","p_w_given_topic":0.011066}],[{"token":"1348nm","p_w_given_topic":0.02918},{"token":"1468nm","p_w_given_topic":0.028248},{"token":"1156nm","p_w_given_topic":0.025753},{"token":"1168nm","p_w_given_topic":0.022327},{"token":"1276nm","p_w_given_topic":0.021979},{"token":"1132nm","p_w_given_topic":0.020805},{"token":"1024nm","p_w_given_topic":0.020704},{"token":"1660nm","p_w_given_topic":0.020165},{"token":"1180nm","p_w_given_topic":0.019752},{"token":"1120nm","p_w_given_topic":0.01947},{"token":"1516nm","p_w_given_topic":0.01941},{"token":"1000nm","p_w_given_topic":0.019248},{"token":"1768nm","p_w_given_topic":0.01627},{"token":"1084nm","p_w_given_topic":0.014678},{"token":"1948nm","p_w_given_topic":0.014668},{"token":"1432nm","p_w_given_topic":0.014633},{"token":"0844nm","p_w_given_topic":0.014109},{"token":"1960nm","p_w_given_topic":0.013801},{"token":"1312nm","p_w_given_topic":0.01298},{"token":"1300nm","p_w_given_topic":0.012879},{"token":"1324nm","p_w_given_topic":0.012385},{"token":"1924nm","p_w_given_topic":0.012335},{"token":"1648nm","p_w_given_topic":0.01232},{"token":"0976nm","p_w_given_topic":0.0123},{"token":"2464nm","p_w_given_topic":0.012295},{"token":"1696nm","p_w_given_topic":0.012133},{"token":"1048nm","p_w_given_topic":0.012048},{"token":"0952nm","p_w_given_topic":0.011982},{"token":"1492nm","p_w_given_topic":0.011892},{"token":"0892nm","p_w_given_topic":0.011564}],[{"token":"1096nm","p_w_given_topic":0.033162},{"token":"1420nm","p_w_given_topic":0.031815},{"token":"1300nm","p_w_given_topic":0.028012},{"token":"0964nm","p_w_given_topic":0.02733},{"token":"1288nm","p_w_given_topic":0.027045},{"token":"1384nm","p_w_given_topic":0.024916},{"token":"1276nm","p_w_given_topic":0.02477},{"token":"1204nm","p_w_given_topic":0.023713},{"token":"1060nm","p_w_given_topic":0.02215},{"token":"1144nm","p_w_given_topic":0.020772},{"token":"0952nm","p_w_given_topic":0.020757},{"token":"1264nm","p_w_given_topic":0.019379},{"token":"0988nm","p_w_given_topic":0.019294},{"token":"1036nm","p_w_given_topic":0.018898},{"token":"0892nm","p_w_given_topic":0.018773},{"token":"0916nm","p_w_given_topic":0.017641},{"token":"1168nm","p_w_given_topic":0.016679},{"token":"0976nm","p_w_given_topic":0.016599},{"token":"1552nm","p_w_given_topic":0.016223},{"token":"0868nm","p_w_given_topic":0.016053},{"token":"1516nm","p_w_given_topic":0.015832},{"token":"1540nm","p_w_given_topic":0.015797},{"token":"1444nm","p_w_given_topic":0.015797},{"token":"0844nm","p_w_given_topic":0.015431},{"token":"0940nm","p_w_given_topic":0.01488},{"token":"1024nm","p_w_given_topic":0.013893},{"token":"1156nm","p_w_given_topic":0.012034},{"token":"1804nm","p_w_given_topic":0.011974},{"token":"0928nm","p_w_given_topic":0.011964},{"token":"1216nm","p_w_given_topic":0.011158}],[{"token":"1240nm","p_w_given_topic":0.033578},{"token":"1600nm","p_w_given_topic":0.022118},{"token":"1252nm","p_w_given_topic":0.022053},{"token":"0928nm","p_w_given_topic":0.019739},{"token":"1504nm","p_w_given_topic":0.018993},{"token":"0976nm","p_w_given_topic":0.018296},{"token":"1816nm","p_w_given_topic":0.0176},{"token":"1072nm","p_w_given_topic":0.015632},{"token":"0868nm","p_w_given_topic":0.014244},{"token":"1528nm","p_w_given_topic":0.014234},{"token":"0988nm","p_w_given_topic":0.013623},{"token":"1792nm","p_w_given_topic":0.013458},{"token":"1276nm","p_w_given_topic":0.013077},{"token":"2116nm","p_w_given_topic":0.013072},{"token":"0604nm","p_w_given_topic":0.012737},{"token":"1192nm","p_w_given_topic":0.012431},{"token":"1288nm","p_w_given_topic":0.012296},{"token":"1456nm","p_w_given_topic":0.01192},{"token":"0640nm","p_w_given_topic":0.011805},{"token":"0904nm","p_w_given_topic":0.011715},{"token":"1312nm","p_w_given_topic":0.011705},{"token":"0592nm","p_w_given_topic":0.011675},{"token":"1228nm","p_w_given_topic":0.011344},{"token":"1204nm","p_w_given_topic":0.011334},{"token":"1420nm","p_w_given_topic":0.011209},{"token":"1960nm","p_w_given_topic":0.011199},{"token":"0952nm","p_w_given_topic":0.011089},{"token":"1660nm","p_w_given_topic":0.010939},{"token":"0448nm","p_w_given_topic":0.010824},{"token":"1624nm","p_w_given_topic":0.010177}],[{"token":"1288nm","p_w_given_topic":0.021619},{"token":"1396nm","p_w_given_topic":0.018194},{"token":"1168nm","p_w_given_topic":0.018184},{"token":"1432nm","p_w_given_topic":0.017682},{"token":"1408nm","p_w_given_topic":0.01713},{"token":"1264nm","p_w_given_topic":0.017059},{"token":"1600nm","p_w_given_topic":0.016422},{"token":"1012nm","p_w_given_topic":0.015759},{"token":"0760nm","p_w_given_topic":0.015663},{"token":"1000nm","p_w_given_topic":0.015588},{"token":"1108nm","p_w_given_topic":0.015357},{"token":"1384nm","p_w_given_topic":0.015201},{"token":"1180nm","p_w_given_topic":0.014523},{"token":"1696nm","p_w_given_topic":0.014302},{"token":"1192nm","p_w_given_topic":0.014242},{"token":"1216nm","p_w_given_topic":0.014081},{"token":"1360nm","p_w_given_topic":0.014071},{"token":"1864nm","p_w_given_topic":0.013338},{"token":"1888nm","p_w_given_topic":0.013002},{"token":"0892nm","p_w_given_topic":0.012896},{"token":"0808nm","p_w_given_topic":0.012725},{"token":"1372nm","p_w_given_topic":0.012665},{"token":"0928nm","p_w_given_topic":0.012615},{"token":"1480nm","p_w_given_topic":0.012037},{"token":"0676nm","p_w_given_topic":0.011711},{"token":"2452nm","p_w_given_topic":0.011641},{"token":"2200nm","p_w_given_topic":0.01153},{"token":"1552nm","p_w_given_topic":0.011154},{"token":"1780nm","p_w_given_topic":0.010913},{"token":"0988nm","p_w_given_topic":0.010902}],[{"token":"1492nm","p_w_given_topic":0.025971},{"token":"1024nm","p_w_given_topic":0.0254},{"token":"0856nm","p_w_given_topic":0.022104},{"token":"1048nm","p_w_given_topic":0.020693},{"token":"1432nm","p_w_given_topic":0.020435},{"token":"1852nm","p_w_given_topic":0.019869},{"token":"1072nm","p_w_given_topic":0.019111},{"token":"1084nm","p_w_given_topic":0.018959},{"token":"1240nm","p_w_given_topic":0.017963},{"token":"1120nm","p_w_given_topic":0.017518},{"token":"0940nm","p_w_given_topic":0.01681},{"token":"1228nm","p_w_given_topic":0.016199},{"token":"1468nm","p_w_given_topic":0.015769},{"token":"0952nm","p_w_given_topic":0.014606},{"token":"1720nm","p_w_given_topic":0.014505},{"token":"1444nm","p_w_given_topic":0.014414},{"token":"1204nm","p_w_given_topic":0.014252},{"token":"0904nm","p_w_given_topic":0.014212},{"token":"1000nm","p_w_given_topic":0.014126},{"token":"1540nm","p_w_given_topic":0.014101},{"token":"2380nm","p_w_given_topic":0.013954},{"token":"1252nm","p_w_given_topic":0.013534},{"token":"1264nm","p_w_given_topic":0.013403},{"token":"0976nm","p_w_given_topic":0.013287},{"token":"1756nm","p_w_given_topic":0.013155},{"token":"1012nm","p_w_given_topic":0.013099},{"token":"0880nm","p_w_given_topic":0.012735},{"token":"1300nm","p_w_given_topic":0.012624},{"token":"1108nm","p_w_given_topic":0.012584},{"token":"1684nm","p_w_given_topic":0.012189}],[{"token":"1456nm","p_w_given_topic":0.029842},{"token":"1192nm","p_w_given_topic":0.020053},{"token":"1096nm","p_w_given_topic":0.019219},{"token":"0892nm","p_w_given_topic":0.018709},{"token":"1036nm","p_w_given_topic":0.018335},{"token":"1264nm","p_w_given_topic":0.01801},{"token":"1360nm","p_w_given_topic":0.017081},{"token":"1288nm","p_w_given_topic":0.016886},{"token":"0868nm","p_w_given_topic":0.016127},{"token":"1528nm","p_w_given_topic":0.015827},{"token":"0724nm","p_w_given_topic":0.014993},{"token":"1336nm","p_w_given_topic":0.014614},{"token":"1276nm","p_w_given_topic":0.014609},{"token":"1552nm","p_w_given_topic":0.014269},{"token":"1312nm","p_w_given_topic":0.014239},{"token":"1984nm","p_w_given_topic":0.014209},{"token":"1540nm","p_w_given_topic":0.01368},{"token":"2500nm","p_w_given_topic":0.013145},{"token":"0880nm","p_w_given_topic":0.013125},{"token":"1228nm","p_w_given_topic":0.013056},{"token":"0952nm","p_w_given_topic":0.012741},{"token":"1492nm","p_w_given_topic":0.012401},{"token":"1672nm","p_w_given_topic":0.012391},{"token":"1216nm","p_w_given_topic":0.012361},{"token":"0916nm","p_w_given_topic":0.012256},{"token":"0760nm","p_w_given_topic":0.011887},{"token":"1300nm","p_w_given_topic":0.011447},{"token":"1024nm","p_w_given_topic":0.011258},{"token":"1912nm","p_w_given_topic":0.011083},{"token":"1012nm","p_w_given_topic":0.010968}],[{"token":"1012nm","p_w_given_topic":0.023182},{"token":"1708nm","p_w_given_topic":0.021609},{"token":"1252nm","p_w_given_topic":0.021324},{"token":"1312nm","p_w_given_topic":0.020192},{"token":"1336nm","p_w_given_topic":0.019711},{"token":"1132nm","p_w_given_topic":0.019706},{"token":"1444nm","p_w_given_topic":0.0196},{"token":"1036nm","p_w_given_topic":0.018529},{"token":"1192nm","p_w_given_topic":0.018053},{"token":"1276nm","p_w_given_topic":0.016936},{"token":"0964nm","p_w_given_topic":0.016009},{"token":"0928nm","p_w_given_topic":0.015849},{"token":"1648nm","p_w_given_topic":0.015453},{"token":"1144nm","p_w_given_topic":0.015072},{"token":"1816nm","p_w_given_topic":0.015067},{"token":"1204nm","p_w_given_topic":0.014847},{"token":"1852nm","p_w_given_topic":0.014817},{"token":"1888nm","p_w_given_topic":0.014526},{"token":"1408nm","p_w_given_topic":0.013685},{"token":"1072nm","p_w_given_topic":0.013214},{"token":"1864nm","p_w_given_topic":0.012994},{"token":"1156nm","p_w_given_topic":0.012387},{"token":"0856nm","p_w_given_topic":0.012362},{"token":"1504nm","p_w_given_topic":0.012252},{"token":"1324nm","p_w_given_topic":0.012007},{"token":"1876nm","p_w_given_topic":0.01115},{"token":"1804nm","p_w_given_topic":0.010895},{"token":"1756nm","p_w_given_topic":0.01083},{"token":"0868nm","p_w_given_topic":0.010574},{"token":"2416nm","p_w_given_topic":0.010504}],[{"token":"1528nm","p_w_given_topic":0.024131},{"token":"1216nm","p_w_given_topic":0.02377},{"token":"1324nm","p_w_given_topic":0.023463},{"token":"1468nm","p_w_given_topic":0.022765},{"token":"1372nm","p_w_given_topic":0.022745},{"token":"1360nm","p_w_given_topic":0.02178},{"token":"1120nm","p_w_given_topic":0.021755},{"token":"1288nm","p_w_given_topic":0.021569},{"token":"1228nm","p_w_given_topic":0.021318},{"token":"0832nm","p_w_given_topic":0.020042},{"token":"1204nm","p_w_given_topic":0.01969},{"token":"1300nm","p_w_given_topic":0.019534},{"token":"1936nm","p_w_given_topic":0.017675},{"token":"0940nm","p_w_given_topic":0.017424},{"token":"1264nm","p_w_given_topic":0.016273},{"token":"1000nm","p_w_given_topic":0.015892},{"token":"1744nm","p_w_given_topic":0.015203},{"token":"1840nm","p_w_given_topic":0.015017},{"token":"1732nm","p_w_given_topic":0.014972},{"token":"0988nm","p_w_given_topic":0.014098},{"token":"1192nm","p_w_given_topic":0.013741},{"token":"1924nm","p_w_given_topic":0.013505},{"token":"1072nm","p_w_given_topic":0.013385},{"token":"1144nm","p_w_given_topic":0.013314},{"token":"0916nm","p_w_given_topic":0.012365},{"token":"1876nm","p_w_given_topic":0.012355},{"token":"1492nm","p_w_given_topic":0.012149},{"token":"1828nm","p_w_given_topic":0.012093},{"token":"1060nm","p_w_given_topic":0.012063},{"token":"1792nm","p_w_given_topic":0.012023}],[{"token":"1240nm","p_w_given_topic":0.023967},{"token":"1216nm","p_w_given_topic":0.021706},{"token":"1828nm","p_w_given_topic":0.021406},{"token":"1504nm","p_w_given_topic":0.019869},{"token":"1324nm","p_w_given_topic":0.01921},{"token":"1180nm","p_w_given_topic":0.018122},{"token":"1108nm","p_w_given_topic":0.018037},{"token":"1768nm","p_w_given_topic":0.017893},{"token":"1396nm","p_w_given_topic":0.01655},{"token":"1696nm","p_w_given_topic":0.016221},{"token":"1060nm","p_w_given_topic":0.016186},{"token":"1192nm","p_w_given_topic":0.016026},{"token":"1228nm","p_w_given_topic":0.014833},{"token":"1348nm","p_w_given_topic":0.014469},{"token":"1288nm","p_w_given_topic":0.014284},{"token":"1252nm","p_w_given_topic":0.014229},{"token":"1744nm","p_w_given_topic":0.014204},{"token":"1552nm","p_w_given_topic":0.014035},{"token":"1456nm","p_w_given_topic":0.013026},{"token":"1804nm","p_w_given_topic":0.012852},{"token":"1312nm","p_w_given_topic":0.012552},{"token":"1276nm","p_w_given_topic":0.012467},{"token":"1408nm","p_w_given_topic":0.012258},{"token":"1048nm","p_w_given_topic":0.012223},{"token":"1444nm","p_w_given_topic":0.011998},{"token":"1372nm","p_w_given_topic":0.011908},{"token":"1816nm","p_w_given_topic":0.011789},{"token":"1480nm","p_w_given_topic":0.011779},{"token":"1948nm","p_w_given_topic":0.011619},{"token":"1732nm","p_w_given_topic":0.011349}],[{"token":"1060nm","p_w_given_topic":0.02391},{"token":"1540nm","p_w_given_topic":0.018538},{"token":"0796nm","p_w_given_topic":0.017759},{"token":"1960nm","p_w_given_topic":0.017094},{"token":"0916nm","p_w_given_topic":0.01565},{"token":"1564nm","p_w_given_topic":0.015625},{"token":"0988nm","p_w_given_topic":0.015185},{"token":"2488nm","p_w_given_topic":0.015115},{"token":"1348nm","p_w_given_topic":0.015055},{"token":"1264nm","p_w_given_topic":0.014891},{"token":"1732nm","p_w_given_topic":0.014826},{"token":"1996nm","p_w_given_topic":0.014101},{"token":"1168nm","p_w_given_topic":0.013941},{"token":"1216nm","p_w_given_topic":0.013731},{"token":"1000nm","p_w_given_topic":0.013526},{"token":"1240nm","p_w_given_topic":0.012317},{"token":"1252nm","p_w_given_topic":0.011808},{"token":"1528nm","p_w_given_topic":0.011598},{"token":"2260nm","p_w_given_topic":0.011568},{"token":"2056nm","p_w_given_topic":0.011488},{"token":"1228nm","p_w_given_topic":0.011143},{"token":"0688nm","p_w_given_topic":0.011088},{"token":"1108nm","p_w_given_topic":0.011073},{"token":"1876nm","p_w_given_topic":0.010938},{"token":"2308nm","p_w_given_topic":0.010888},{"token":"1144nm","p_w_given_topic":0.010633},{"token":"1132nm","p_w_given_topic":0.010453},{"token":"1384nm","p_w_given_topic":0.010244},{"token":"1780nm","p_w_given_topic":0.010194},{"token":"1360nm","p_w_given_topic":0.010144}]],"perplexity":111.46534481174253,"reconstruction_err":null,"coherence":{"top_n":15,"c_v":0.416178,"c_npmi":-0.618979,"u_mass":-0.002324},"topic_distance_js":[[0.0,0.166604,0.172088,0.180695,0.165005,0.158706,0.163969,0.184196,0.160668,0.18694,0.150695,0.170193],[0.166604,0.0,0.186839,0.177399,0.156549,0.179745,0.170404,0.163,0.156044,0.161671,0.165733,0.156315],[0.172088,0.186839,0.0,0.142346,0.17688,0.154284,0.129485,0.172096,0.151965,0.156383,0.137043,0.160315],[0.180695,0.177399,0.142346,0.0,0.176023,0.181563,0.13607,0.166913,0.165899,0.135779,0.183169,0.183534],[0.165005,0.156549,0.17688,0.176023,0.0,0.148898,0.174433,0.200943,0.164562,0.182586,0.145038,0.167294],[0.158706,0.179745,0.154284,0.181563,0.148898,0.0,0.153322,0.162383,0.161929,0.153074,0.1572,0.146316],[0.163969,0.170404,0.129485,0.13607,0.174433,0.153322,0.0,0.158873,0.138482,0.135002,0.157932,0.179487],[0.184196,0.163,0.172096,0.166913,0.200943,0.162383,0.158873,0.0,0.168757,0.154229,0.158845,0.163847],[0.160668,0.156044,0.151965,0.165899,0.164562,0.161929,0.138482,0.168757,0.0,0.169994,0.143733,0.158648],[0.18694,0.161671,0.156383,0.135779,0.182586,0.153074,0.135002,0.154229,0.169994,0.0,0.158778,0.167424],[0.150695,0.165733,0.137043,0.183169,0.145038,0.1572,0.157932,0.158845,0.143733,0.158778,0.0,0.15241],[0.170193,0.156315,0.160315,0.183534,0.167294,0.146316,0.179487,0.163847,0.158648,0.167424,0.15241,0.0]],"topic_intertopic_2d_js":[[0.125436,0.27103],[-0.215602,-0.011842],[0.040494,-0.258213],[0.186629,-0.221426],[-0.107444,0.28706],[0.23034,0.128293],[-0.097655,-0.238616],[0.288743,-0.048511],[-0.2413,-0.152017],[-0.25397,0.113139],[-0.029726,0.146179],[0.074054,-0.015077]],"K_live":null,"topic_correlation":[[[1.0,0.8071358799934387,0.7850812673568726,0.7810198068618774,0.7734416723251343,0.7013046145439148,0.7749176025390625,-0.4516410529613495,0.7224399447441101,0.7385214567184448,0.12417057156562805,-0.015125414356589317],[0.8071358799934387,1.0,0.9035351872444153,0.8929116129875183,0.8420228362083435,0.731164276599884,0.8521697521209717,-0.45009875297546387,0.8744553923606873,0.8039733171463013,0.13685958087444305,-0.0012381920823827386],[0.7850812673568726,0.9035351872444153,1.0,0.9473232626914978,0.8931694626808167,0.8063201308250427,0.9214472770690918,-0.5201844573020935,0.9082471132278442,0.8588173985481262,0.1508968025445938,-0.023316586390137672],[0.7810198068618774,0.8929116129875183,0.9473232626914978,1.0,0.9171131253242493,0.8252365589141846,0.937821090221405,-0.516319751739502,0.8962258696556091,0.88568115234375,0.15475520491600037,-0.028268197551369667],[0.7734416723251343,0.8420228362083435,0.8931694626808167,0.9171131253242493,1.0,0.8505532145500183,0.9111582040786743,-0.5513163208961487,0.8587260246276855,0.8627550601959229,0.1472250074148178,-0.0012261116644367576],[0.7013046145439148,0.731164276599884,0.8063201308250427,0.8252365589141846,0.8505532145500183,1.0,0.8903773427009583,-0.576278567314148,0.8440009355545044,0.8347060084342957,0.12057613581418991,-0.012282101437449455],[0.7749176025390625,0.8521697521209717,0.9214472770690918,0.937821090221405,0.9111582040786743,0.8903773427009583,1.0,-0.555370032787323,0.9007092714309692,0.8845314979553223,0.14731654524803162,-0.025951074436306953],[-0.4516410529613495,-0.45009875297546387,-0.5201844573020935,-0.516319751739502,-0.5513163208961487,-0.576278567314148,-0.555370032787323,1.0,-0.5245254039764404,-0.5170286893844604,-0.040553297847509384,0.006396641489118338],[0.7224399447441101,0.8744553923606873,0.9082471132278442,0.8962258696556091,0.8587260246276855,0.8440009355545044,0.9007092714309692,-0.5245254039764404,1.0,0.8386540412902832,0.13574311137199402,-0.015093632973730564],[0.7385214567184448,0.8039733171463013,0.8588173985481262,0.88568115234375,0.8627550601959229,0.8347060084342957,0.8845314979553223,-0.5170286893844604,0.8386540412902832,1.0,0.14961804449558258,-0.019109554588794708],[0.12417057156562805,0.13685958087444305,0.1508968025445938,0.15475520491600037,0.1472250074148178,0.12057613581418991,0.14731654524803162,-0.040553297847509384,0.13574311137199402,0.14961804449558258,1.0,-0.004150862339884043],[-0.015125414356589317,-0.0012381920823827386,-0.023316586390137672,-0.028268197551369667,-0.0012261116644367576,-0.012282101437449455,-0.025951074436306953,0.006396641489118338,-0.015093632973730564,-0.019109554588794708,-0.004150862339884043,1.0]],[[0.0,0.0,0.0,0.0,0.0,0.0,0.0,0.0,0.0,0.0,0.0,0.0],[0.0,0.0,0.0,0.0,0.0,0.0,0.0,0.0,0.0,0.0,0.0,0.0],[0.0,0.0,0.0,0.0,0.0,0.0,0.0,0.0,0.0,0.0,0.0,0.0],[0.0,0.0,0.0,0.0,0.0,0.0,0.0,0.0,0.0,0.0,0.0,0.0],[0.0,0.0,0.0,0.0,0.0,0.0,0.0,0.0,0.0,0.0,0.0,0.0],[0.0,0.0,0.0,0.0,0.0,0.0,0.0,0.0,0.0,0.0,0.0,0.0],[0.0,0.0,0.0,0.0,0.0,0.0,0.0,0.0,0.0,0.0,0.0,0.0],[0.0,0.0,0.0,0.0,0.0,0.0,0.0,0.0,0.0,0.0,0.0,0.0],[0.0,0.0,0.0,0.0,0.0,0.0,0.0,0.0,0.0,0.0,0.0,0.0],[0.0,0.0,0.0,0.0,0.0,0.0,0.0,0.0,0.0,0.0,0.0,0.0],[0.0,0.0,0.0,0.0,0.0,0.0,0.0,0.0,0.0,0.0,0.0,0.0],[0.0,0.0,0.0,0.0,0.0,0.0,0.0,0.0,0.0,0.0,0.0,0.0]]],"wavelengths_nm":[400.0,412.0,424.0,436.0,448.0,460.0,472.0,484.0,496.0,508.0,520.0,532.0,544.0,556.0,568.0,580.0,592.0,604.0,616.0,628.0,640.0,652.0,664.0,676.0,688.0,700.0,712.0,724.0,736.0,748.0,760.0,772.0,784.0,796.0,808.0,820.0,832.0,844.0,856.0,868.0,880.0,892.0,904.0,916.0,928.0,940.0,952.0,964.0,976.0,988.0,1000.0,1012.0,1024.0,1036.0,1048.0,1060.0,1072.0,1084.0,1096.0,1108.0,1120.0,1132.0,1144.0,1156.0,1168.0,1180.0,1192.0,1204.0,1216.0,1228.0,1240.0,1252.0,1264.0,1276.0,1288.0,1300.0,1312.0,1324.0,1336.0,1348.0,1360.0,1372.0,1384.0,1396.0,1408.0,1420.0,1432.0,1444.0,1456.0,1468.0,1480.0,1492.0,1504.0,1516.0,1528.0,1540.0,1552.0,1564.0,1576.0,1588.0,1600.0,1612.0,1624.0,1636.0,1648.0,1660.0,1672.0,1684.0,1696.0,1708.0,1720.0,1732.0,1744.0,1756.0,1768.0,1780.0,1792.0,1804.0,1816.0,1828.0,1840.0,1852.0,1864.0,1876.0,1888.0,1900.0,1912.0,1924.0,1936.0,1948.0,1960.0,1972.0,1984.0,1996.0,2008.0,2020.0,2032.0,2044.0,2056.0,2068.0,2080.0,2092.0,2104.0,2116.0,2128.0,2140.0,2152.0,2164.0,2176.0,2188.0,2200.0,2212.0,2224.0,2236.0,2248.0,2260.0,2272.0,2284.0,2296.0,2308.0,2320.0,2332.0,2344.0,2356.0,2368.0,2380.0,2392.0,2404.0,2416.0,2428.0,2440.0,2452.0,2464.0,2476.0,2488.0,2500.0],"generated_at":"2026-05-06T00:59:23Z","builder_version":"build_topic_model_variants v0.1"}