{"scene_id":"pavia-university","variant":"tomotopy_ctm","topic_count":9,"vocabulary_size":103,"document_count":1980,"topic_prevalence":[0.111725,0.112395,0.111857,0.109788,0.111167,0.112476,0.110237,0.108857,0.111498],"top_words_per_topic":[[{"token":"0835nm","p_w_given_topic":0.032776},{"token":"0852nm","p_w_given_topic":0.026457},{"token":"0763nm","p_w_given_topic":0.02311},{"token":"0586nm","p_w_given_topic":0.022319},{"token":"0447nm","p_w_given_topic":0.021924},{"token":"0830nm","p_w_given_topic":0.021373},{"token":"0809nm","p_w_given_topic":0.021027},{"token":"0729nm","p_w_given_topic":0.020886},{"token":"0675nm","p_w_given_topic":0.020787},{"token":"0552nm","p_w_given_topic":0.020723},{"token":"0797nm","p_w_given_topic":0.019488},{"token":"0556nm","p_w_given_topic":0.01881},{"token":"0780nm","p_w_given_topic":0.018499},{"token":"0544nm","p_w_given_topic":0.018287},{"token":"0826nm","p_w_given_topic":0.018181},{"token":"0514nm","p_w_given_topic":0.017956},{"token":"0818nm","p_w_given_topic":0.017694},{"token":"0759nm","p_w_given_topic":0.017228},{"token":"0788nm","p_w_given_topic":0.01672},{"token":"0814nm","p_w_given_topic":0.016593},{"token":"0594nm","p_w_given_topic":0.016148},{"token":"0725nm","p_w_given_topic":0.015421},{"token":"0721nm","p_w_given_topic":0.014362},{"token":"0603nm","p_w_given_topic":0.014122},{"token":"0793nm","p_w_given_topic":0.013903},{"token":"0700nm","p_w_given_topic":0.013867},{"token":"0843nm","p_w_given_topic":0.013324},{"token":"0822nm","p_w_given_topic":0.013288},{"token":"0805nm","p_w_given_topic":0.013084},{"token":"0434nm","p_w_given_topic":0.012949}],[{"token":"0641nm","p_w_given_topic":0.03153},{"token":"0780nm","p_w_given_topic":0.028314},{"token":"0788nm","p_w_given_topic":0.027449},{"token":"0830nm","p_w_given_topic":0.026654},{"token":"0759nm","p_w_given_topic":0.026527},{"token":"0750nm","p_w_given_topic":0.024634},{"token":"0847nm","p_w_given_topic":0.021587},{"token":"0793nm","p_w_given_topic":0.02113},{"token":"0687nm","p_w_given_topic":0.020849},{"token":"0801nm","p_w_given_topic":0.020764},{"token":"0493nm","p_w_given_topic":0.019505},{"token":"0755nm","p_w_given_topic":0.019153},{"token":"0519nm","p_w_given_topic":0.018998},{"token":"0767nm","p_w_given_topic":0.01885},{"token":"0771nm","p_w_given_topic":0.017858},{"token":"0506nm","p_w_given_topic":0.017605},{"token":"0822nm","p_w_given_topic":0.017542},{"token":"0586nm","p_w_given_topic":0.016845},{"token":"0658nm","p_w_given_topic":0.016564},{"token":"0531nm","p_w_given_topic":0.016078},{"token":"0809nm","p_w_given_topic":0.015783},{"token":"0514nm","p_w_given_topic":0.015332},{"token":"0784nm","p_w_given_topic":0.015037},{"token":"0843nm","p_w_given_topic":0.015016},{"token":"0776nm","p_w_given_topic":0.014333},{"token":"0472nm","p_w_given_topic":0.014157},{"token":"0561nm","p_w_given_topic":0.013967},{"token":"0569nm","p_w_given_topic":0.013812},{"token":"0696nm","p_w_given_topic":0.013798},{"token":"0460nm","p_w_given_topic":0.013693}],[{"token":"0826nm","p_w_given_topic":0.03125},{"token":"0497nm","p_w_given_topic":0.028349},{"token":"0472nm","p_w_given_topic":0.026829},{"token":"0721nm","p_w_given_topic":0.026463},{"token":"0556nm","p_w_given_topic":0.021662},{"token":"0759nm","p_w_given_topic":0.021598},{"token":"0708nm","p_w_given_topic":0.020556},{"token":"0527nm","p_w_given_topic":0.020394},{"token":"0502nm","p_w_given_topic":0.019458},{"token":"0649nm","p_w_given_topic":0.019289},{"token":"0839nm","p_w_given_topic":0.019268},{"token":"0738nm","p_w_given_topic":0.019184},{"token":"0535nm","p_w_given_topic":0.017557},{"token":"0582nm","p_w_given_topic":0.01748},{"token":"0548nm","p_w_given_topic":0.017325},{"token":"0523nm","p_w_given_topic":0.01686},{"token":"0544nm","p_w_given_topic":0.016825},{"token":"0856nm","p_w_given_topic":0.016149},{"token":"0687nm","p_w_given_topic":0.01603},{"token":"0569nm","p_w_given_topic":0.015783},{"token":"0485nm","p_w_given_topic":0.015692},{"token":"0637nm","p_w_given_topic":0.015481},{"token":"0615nm","p_w_given_topic":0.01541},{"token":"0561nm","p_w_given_topic":0.015234},{"token":"0763nm","p_w_given_topic":0.01484},{"token":"0455nm","p_w_given_topic":0.014763},{"token":"0607nm","p_w_given_topic":0.014587},{"token":"0540nm","p_w_given_topic":0.01453},{"token":"0847nm","p_w_given_topic":0.013833},{"token":"0809nm","p_w_given_topic":0.013524}],[{"token":"0628nm","p_w_given_topic":0.040222},{"token":"0540nm","p_w_given_topic":0.031689},{"token":"0860nm","p_w_given_topic":0.028189},{"token":"0548nm","p_w_given_topic":0.027284},{"token":"0839nm","p_w_given_topic":0.025043},{"token":"0776nm","p_w_given_topic":0.022752},{"token":"0675nm","p_w_given_topic":0.022186},{"token":"0763nm","p_w_given_topic":0.021882},{"token":"0700nm","p_w_given_topic":0.021854},{"token":"0750nm","p_w_given_topic":0.02131},{"token":"0620nm","p_w_given_topic":0.020871},{"token":"0712nm","p_w_given_topic":0.018828},{"token":"0793nm","p_w_given_topic":0.018383},{"token":"0565nm","p_w_given_topic":0.017364},{"token":"0784nm","p_w_given_topic":0.016573},{"token":"0843nm","p_w_given_topic":0.016544},{"token":"0725nm","p_w_given_topic":0.016318},{"token":"0569nm","p_w_given_topic":0.016106},{"token":"0578nm","p_w_given_topic":0.016106},{"token":"0797nm","p_w_given_topic":0.016071},{"token":"0814nm","p_w_given_topic":0.015208},{"token":"0818nm","p_w_given_topic":0.014982},{"token":"0552nm","p_w_given_topic":0.014437},{"token":"0704nm","p_w_given_topic":0.014303},{"token":"0847nm","p_w_given_topic":0.014084},{"token":"0519nm","p_w_given_topic":0.014034},{"token":"0489nm","p_w_given_topic":0.013865},{"token":"0856nm","p_w_given_topic":0.013681},{"token":"0788nm","p_w_given_topic":0.013667},{"token":"0755nm","p_w_given_topic":0.012811}],[{"token":"0742nm","p_w_given_topic":0.040526},{"token":"0755nm","p_w_given_topic":0.038586},{"token":"0780nm","p_w_given_topic":0.027594},{"token":"0573nm","p_w_given_topic":0.025373},{"token":"0771nm","p_w_given_topic":0.023201},{"token":"0784nm","p_w_given_topic":0.022983},{"token":"0860nm","p_w_given_topic":0.021936},{"token":"0670nm","p_w_given_topic":0.021507},{"token":"0590nm","p_w_given_topic":0.021324},{"token":"0826nm","p_w_given_topic":0.021317},{"token":"0856nm","p_w_given_topic":0.021219},{"token":"0822nm","p_w_given_topic":0.020973},{"token":"0696nm","p_w_given_topic":0.020657},{"token":"0852nm","p_w_given_topic":0.020446},{"token":"0843nm","p_w_given_topic":0.020305},{"token":"0658nm","p_w_given_topic":0.018654},{"token":"0793nm","p_w_given_topic":0.01736},{"token":"0788nm","p_w_given_topic":0.017311},{"token":"0662nm","p_w_given_topic":0.017241},{"token":"0818nm","p_w_given_topic":0.016552},{"token":"0729nm","p_w_given_topic":0.015898},{"token":"0797nm","p_w_given_topic":0.015631},{"token":"0738nm","p_w_given_topic":0.015266},{"token":"0653nm","p_w_given_topic":0.014844},{"token":"0607nm","p_w_given_topic":0.014514},{"token":"0451nm","p_w_given_topic":0.0145},{"token":"0645nm","p_w_given_topic":0.013952},{"token":"0649nm","p_w_given_topic":0.013706},{"token":"0763nm","p_w_given_topic":0.013094},{"token":"0750nm","p_w_given_topic":0.012363}],[{"token":"0809nm","p_w_given_topic":0.04133},{"token":"0856nm","p_w_given_topic":0.031426},{"token":"0847nm","p_w_given_topic":0.031193},{"token":"0839nm","p_w_given_topic":0.027924},{"token":"0805nm","p_w_given_topic":0.024853},{"token":"0843nm","p_w_given_topic":0.024754},{"token":"0793nm","p_w_given_topic":0.023479},{"token":"0624nm","p_w_given_topic":0.022719},{"token":"0860nm","p_w_given_topic":0.022176},{"token":"0797nm","p_w_given_topic":0.022113},{"token":"0746nm","p_w_given_topic":0.021648},{"token":"0818nm","p_w_given_topic":0.021415},{"token":"0653nm","p_w_given_topic":0.021042},{"token":"0691nm","p_w_given_topic":0.020943},{"token":"0801nm","p_w_given_topic":0.019415},{"token":"0767nm","p_w_given_topic":0.018731},{"token":"0721nm","p_w_given_topic":0.018288},{"token":"0852nm","p_w_given_topic":0.018041},{"token":"0687nm","p_w_given_topic":0.017639},{"token":"0776nm","p_w_given_topic":0.017604},{"token":"0443nm","p_w_given_topic":0.016998},{"token":"0523nm","p_w_given_topic":0.016822},{"token":"0734nm","p_w_given_topic":0.015723},{"token":"0615nm","p_w_given_topic":0.015667},{"token":"0826nm","p_w_given_topic":0.014519},{"token":"0696nm","p_w_given_topic":0.014216},{"token":"0771nm","p_w_given_topic":0.014216},{"token":"0594nm","p_w_given_topic":0.014054},{"token":"0683nm","p_w_given_topic":0.013962},{"token":"0611nm","p_w_given_topic":0.013786}],[{"token":"0814nm","p_w_given_topic":0.033743},{"token":"0771nm","p_w_given_topic":0.027773},{"token":"0734nm","p_w_given_topic":0.024446},{"token":"0746nm","p_w_given_topic":0.024241},{"token":"0788nm","p_w_given_topic":0.023774},{"token":"0805nm","p_w_given_topic":0.023428},{"token":"0818nm","p_w_given_topic":0.023195},{"token":"0704nm","p_w_given_topic":0.021846},{"token":"0784nm","p_w_given_topic":0.020666},{"token":"0826nm","p_w_given_topic":0.020496},{"token":"0822nm","p_w_given_topic":0.019889},{"token":"0670nm","p_w_given_topic":0.018758},{"token":"0750nm","p_w_given_topic":0.018468},{"token":"0615nm","p_w_given_topic":0.018221},{"token":"0835nm","p_w_given_topic":0.017804},{"token":"0860nm","p_w_given_topic":0.017635},{"token":"0594nm","p_w_given_topic":0.017098},{"token":"0847nm","p_w_given_topic":0.016709},{"token":"0645nm","p_w_given_topic":0.01654},{"token":"0708nm","p_w_given_topic":0.016201},{"token":"0607nm","p_w_given_topic":0.015763},{"token":"0801nm","p_w_given_topic":0.01572},{"token":"0535nm","p_w_given_topic":0.015254},{"token":"0565nm","p_w_given_topic":0.015056},{"token":"0510nm","p_w_given_topic":0.015021},{"token":"0679nm","p_w_given_topic":0.014893},{"token":"0712nm","p_w_given_topic":0.014745},{"token":"0641nm","p_w_given_topic":0.01459},{"token":"0793nm","p_w_given_topic":0.014448},{"token":"0852nm","p_w_given_topic":0.014116}],[{"token":"0637nm","p_w_given_topic":0.034335},{"token":"0805nm","p_w_given_topic":0.028791},{"token":"0814nm","p_w_given_topic":0.026291},{"token":"0830nm","p_w_given_topic":0.026185},{"token":"0645nm","p_w_given_topic":0.022308},{"token":"0746nm","p_w_given_topic":0.021856},{"token":"0666nm","p_w_given_topic":0.021341},{"token":"0561nm","p_w_given_topic":0.021108},{"token":"0712nm","p_w_given_topic":0.021002},{"token":"0763nm","p_w_given_topic":0.020119},{"token":"0729nm","p_w_given_topic":0.019102},{"token":"0573nm","p_w_given_topic":0.018283},{"token":"0578nm","p_w_given_topic":0.018227},{"token":"0776nm","p_w_given_topic":0.018085},{"token":"0797nm","p_w_given_topic":0.017902},{"token":"0725nm","p_w_given_topic":0.017471},{"token":"0700nm","p_w_given_topic":0.016715},{"token":"0658nm","p_w_given_topic":0.016518},{"token":"0704nm","p_w_given_topic":0.015063},{"token":"0679nm","p_w_given_topic":0.014936},{"token":"0615nm","p_w_given_topic":0.014886},{"token":"0826nm","p_w_given_topic":0.014879},{"token":"0750nm","p_w_given_topic":0.014809},{"token":"0767nm","p_w_given_topic":0.014215},{"token":"0649nm","p_w_given_topic":0.013785},{"token":"0801nm","p_w_given_topic":0.013672},{"token":"0632nm","p_w_given_topic":0.013594},{"token":"0860nm","p_w_given_topic":0.013509},{"token":"0485nm","p_w_given_topic":0.012888},{"token":"0717nm","p_w_given_topic":0.012874}],[{"token":"0767nm","p_w_given_topic":0.03445},{"token":"0801nm","p_w_given_topic":0.028018},{"token":"0599nm","p_w_given_topic":0.027359},{"token":"0738nm","p_w_given_topic":0.026969},{"token":"0603nm","p_w_given_topic":0.025678},{"token":"0632nm","p_w_given_topic":0.025543},{"token":"0763nm","p_w_given_topic":0.024217},{"token":"0835nm","p_w_given_topic":0.023579},{"token":"0759nm","p_w_given_topic":0.023331},{"token":"0818nm","p_w_given_topic":0.023302},{"token":"0691nm","p_w_given_topic":0.022295},{"token":"0717nm","p_w_given_topic":0.022104},{"token":"0582nm","p_w_given_topic":0.021735},{"token":"0755nm","p_w_given_topic":0.02165},{"token":"0797nm","p_w_given_topic":0.021423},{"token":"0552nm","p_w_given_topic":0.020189},{"token":"0510nm","p_w_given_topic":0.018572},{"token":"0590nm","p_w_given_topic":0.018523},{"token":"0822nm","p_w_given_topic":0.017721},{"token":"0843nm","p_w_given_topic":0.017289},{"token":"0847nm","p_w_given_topic":0.016587},{"token":"0662nm","p_w_given_topic":0.016254},{"token":"0683nm","p_w_given_topic":0.015835},{"token":"0476nm","p_w_given_topic":0.01575},{"token":"0852nm","p_w_given_topic":0.01514},{"token":"0776nm","p_w_given_topic":0.015105},{"token":"0430nm","p_w_given_topic":0.014871},{"token":"0856nm","p_w_given_topic":0.0148},{"token":"0750nm","p_w_given_topic":0.014537},{"token":"0729nm","p_w_given_topic":0.014537}]],"perplexity":76.33386768341947,"reconstruction_err":null,"npmi_coherence":0.114264,"topic_distance_js":[[0.0,0.145099,0.151102,0.129225,0.130671,0.132478,0.126461,0.12925,0.140414],[0.145099,0.0,0.153831,0.152579,0.14959,0.145204,0.140199,0.15115,0.173649],[0.151102,0.153831,0.0,0.153329,0.136458,0.16332,0.152126,0.139268,0.172657],[0.129225,0.152579,0.153329,0.0,0.149542,0.159429,0.12782,0.130404,0.159037],[0.130671,0.14959,0.136458,0.149542,0.0,0.157324,0.139144,0.12835,0.146473],[0.132478,0.145204,0.16332,0.159429,0.157324,0.0,0.133547,0.152031,0.182059],[0.126461,0.140199,0.152126,0.12782,0.139144,0.133547,0.0,0.127454,0.162122],[0.12925,0.15115,0.139268,0.130404,0.12835,0.152031,0.127454,0.0,0.159455],[0.140414,0.173649,0.172657,0.159037,0.146473,0.182059,0.162122,0.159455,0.0]],"topic_intertopic_2d_js":[[-0.034724,-0.05465],[0.194847,-0.195732],[-0.246544,-0.134376],[0.045447,0.233238],[-0.232874,0.066262],[-0.012679,-0.278669],[0.16906,-0.012967],[-0.131715,0.209132],[0.249182,0.167764]],"K_live":null,"topic_correlation":[[[1.0,0.0562903955578804,0.0583808533847332,0.02370534837245941,0.011256791651248932,0.07043662667274475,0.038780711591243744,0.02736254595220089,0.0402403399348259],[0.0562903955578804,1.0,0.05596216022968292,0.014010060578584671,-0.01950111612677574,0.022321155294775963,0.0450415201485157,-0.010637092404067516,0.01863458752632141],[0.0583808533847332,0.05596216022968292,1.0,0.020379627123475075,-0.037865884602069855,-0.01154409721493721,0.009748771786689758,0.010608864016830921,0.043804969638586044],[0.02370534837245941,0.014010060578584671,0.020379627123475075,1.0,-0.029125308617949486,0.013625891879200935,-0.019193684682250023,0.01547969225794077,0.03999653086066246],[0.011256791651248932,-0.01950111612677574,-0.037865884602069855,-0.029125308617949486,1.0,0.024257753044366837,0.05655108019709587,0.04952205717563629,0.019293608143925667],[0.07043662667274475,0.022321155294775963,-0.01154409721493721,0.013625891879200935,0.024257753044366837,1.0,0.03964925929903984,0.038932424038648605,0.0338752344250679],[0.038780711591243744,0.0450415201485157,0.009748771786689758,-0.019193684682250023,0.05655108019709587,0.03964925929903984,1.0,0.01843576319515705,0.03038948029279709],[0.02736254595220089,-0.010637092404067516,0.010608864016830921,0.01547969225794077,0.04952205717563629,0.038932424038648605,0.01843576319515705,1.0,-0.0071119265630841255],[0.0402403399348259,0.01863458752632141,0.043804969638586044,0.03999653086066246,0.019293608143925667,0.0338752344250679,0.03038948029279709,-0.0071119265630841255,1.0]],[[2.529690980911255,1.075358468925366e-26,-1.8823213577270508,-2.105176597652016e-20,-1.8960745334625244,-4.540978989098221e-05,-1.9699070453643799,9.351464943218932e+30,-1.888098120689392],[5.015990734100342,-1.8322962522506714,-974336617873408.0,-2.0545101165771484,-4.750917502753283e-21,-1.9893497228622437,-1.5314774865224826e-30,-1.8237459659576416,1.075358468925366e-26],[-1.8823213577270508,-2.6465818875635524e-14,2.5672447681427,4.163408797286183e-32,-1.8776962757110596,-2.9482696970904113e-16,-1.8903011083602905,-5.007966310951168e-24,-1.8685591220855713],[1.7887320042479704e+25,-1.8907166719436646,3.9406466333143618e+34,-1.859025478363037,1965965445169152.0,-1.879258394241333,-8792934187008.0,-1.8864939212799072,-2.105176597652016e-20],[-1.8960745334625244,4.163408797286183e-32,-1.8776962757110596,-8.345272469419194e-16,2.5223867893218994,-70939648.0,-1.8844149112701416,-1.1514835809063013e+25,-1.9078798294067383],[1.8365652054708193e-10,-1.8782728910446167,-3.8214712142944336,-1.8206294775009155,-92897768.0,-1.898460030555725,-1.5009220063352684e+26,-1.874767541885376,-4.540978989098221e-05],[-1.9699070453643799,-2.9482699617882073e-16,-1.8903011083602905,-70939648.0,-1.8844149112701416,9.301052633536653e+37,2.5311436653137207,1.5437902095633756e+34,-1.8805201053619385],[-251374.78125,-1.8954681158065796,-5.9801129115597016e-30,-1.8752901554107666,-3.048175253872465e-11,-1.871673345565796,5.666231304098049e-28,-1.8902956247329712,9.351464943218932e+30],[-1.888098120689392,-5.007966310951168e-24,-1.8685591220855713,-1.1514835809063013e+25,-1.9078798294067383,1.5437902095633756e+34,-1.8805201053619385,1.894723791838249e+17,2.52066707611084]]],"wavelengths_nm":[430.0,434.22,438.43,442.65,446.86,451.08,455.29,459.51,463.73,467.94,472.16,476.37,480.59,484.8,489.02,493.24,497.45,501.67,505.88,510.1,514.31,518.53,522.75,526.96,531.18,535.39,539.61,543.82,548.04,552.25,556.47,560.69,564.9,569.12,573.33,577.55,581.76,585.98,590.2,594.41,598.63,602.84,607.06,611.27,615.49,619.71,623.92,628.14,632.35,636.57,640.78,645.0,649.22,653.43,657.65,661.86,666.08,670.29,674.51,678.73,682.94,687.16,691.37,695.59,699.8,704.02,708.24,712.45,716.67,720.88,725.1,729.31,733.53,737.75,741.96,746.18,750.39,754.61,758.82,763.04,767.25,771.47,775.69,779.9,784.12,788.33,792.55,796.76,800.98,805.2,809.41,813.63,817.84,822.06,826.27,830.49,834.71,838.92,843.14,847.35,851.57,855.78,860.0],"generated_at":"2026-05-03T12:56:40Z","builder_version":"build_topic_model_variants v0.1"}