{"scene_id":"pavia-university","variant":"tomotopy_ctm","topic_count":9,"vocabulary_size":103,"document_count":1980,"topic_prevalence":[0.111356,0.111043,0.110048,0.114419,0.110266,0.110229,0.110767,0.110692,0.11118],"top_words_per_topic":[[{"token":"0847nm","p_w_given_topic":0.033452},{"token":"0514nm","p_w_given_topic":0.025288},{"token":"0734nm","p_w_given_topic":0.024711},{"token":"0607nm","p_w_given_topic":0.024571},{"token":"0814nm","p_w_given_topic":0.022897},{"token":"0519nm","p_w_given_topic":0.020844},{"token":"0670nm","p_w_given_topic":0.020562},{"token":"0548nm","p_w_given_topic":0.020133},{"token":"0565nm","p_w_given_topic":0.019901},{"token":"0510nm","p_w_given_topic":0.019297},{"token":"0826nm","p_w_given_topic":0.0186},{"token":"0502nm","p_w_given_topic":0.018235},{"token":"0658nm","p_w_given_topic":0.017813},{"token":"0721nm","p_w_given_topic":0.016723},{"token":"0809nm","p_w_given_topic":0.016596},{"token":"0683nm","p_w_given_topic":0.016294},{"token":"0611nm","p_w_given_topic":0.015612},{"token":"0860nm","p_w_given_topic":0.015443},{"token":"0460nm","p_w_given_topic":0.015239},{"token":"0447nm","p_w_given_topic":0.015028},{"token":"0679nm","p_w_given_topic":0.014522},{"token":"0552nm","p_w_given_topic":0.014402},{"token":"0556nm","p_w_given_topic":0.014304},{"token":"0843nm","p_w_given_topic":0.014191},{"token":"0830nm","p_w_given_topic":0.013755},{"token":"0801nm","p_w_given_topic":0.01346},{"token":"0793nm","p_w_given_topic":0.013263},{"token":"0455nm","p_w_given_topic":0.013017},{"token":"0464nm","p_w_given_topic":0.012975},{"token":"0468nm","p_w_given_topic":0.012876}],[{"token":"0763nm","p_w_given_topic":0.02879},{"token":"0594nm","p_w_given_topic":0.028712},{"token":"0767nm","p_w_given_topic":0.02663},{"token":"0637nm","p_w_given_topic":0.025721},{"token":"0788nm","p_w_given_topic":0.0243},{"token":"0856nm","p_w_given_topic":0.023575},{"token":"0573nm","p_w_given_topic":0.023575},{"token":"0784nm","p_w_given_topic":0.02074},{"token":"0615nm","p_w_given_topic":0.019404},{"token":"0755nm","p_w_given_topic":0.019397},{"token":"0860nm","p_w_given_topic":0.018793},{"token":"0738nm","p_w_given_topic":0.018516},{"token":"0776nm","p_w_given_topic":0.018495},{"token":"0510nm","p_w_given_topic":0.018331},{"token":"0771nm","p_w_given_topic":0.017919},{"token":"0822nm","p_w_given_topic":0.017678},{"token":"0852nm","p_w_given_topic":0.01745},{"token":"0847nm","p_w_given_topic":0.017194},{"token":"0780nm","p_w_given_topic":0.016598},{"token":"0611nm","p_w_given_topic":0.016555},{"token":"0742nm","p_w_given_topic":0.015127},{"token":"0797nm","p_w_given_topic":0.015106},{"token":"0586nm","p_w_given_topic":0.014949},{"token":"0839nm","p_w_given_topic":0.014686},{"token":"0805nm","p_w_given_topic":0.014679},{"token":"0556nm","p_w_given_topic":0.014466},{"token":"0430nm","p_w_given_topic":0.014054},{"token":"0818nm","p_w_given_topic":0.013827},{"token":"0826nm","p_w_given_topic":0.013393},{"token":"0712nm","p_w_given_topic":0.01318}],[{"token":"0784nm","p_w_given_topic":0.034685},{"token":"0535nm","p_w_given_topic":0.028657},{"token":"0552nm","p_w_given_topic":0.02748},{"token":"0818nm","p_w_given_topic":0.02526},{"token":"0776nm","p_w_given_topic":0.024672},{"token":"0805nm","p_w_given_topic":0.024104},{"token":"0451nm","p_w_given_topic":0.024019},{"token":"0843nm","p_w_given_topic":0.023509},{"token":"0599nm","p_w_given_topic":0.022204},{"token":"0860nm","p_w_given_topic":0.021736},{"token":"0624nm","p_w_given_topic":0.020878},{"token":"0658nm","p_w_given_topic":0.020658},{"token":"0653nm","p_w_given_topic":0.019055},{"token":"0704nm","p_w_given_topic":0.018438},{"token":"0856nm","p_w_given_topic":0.018311},{"token":"0847nm","p_w_given_topic":0.017176},{"token":"0839nm","p_w_given_topic":0.017027},{"token":"0835nm","p_w_given_topic":0.016573},{"token":"0523nm","p_w_given_topic":0.015899},{"token":"0822nm","p_w_given_topic":0.015715},{"token":"0725nm","p_w_given_topic":0.015538},{"token":"0717nm","p_w_given_topic":0.015141},{"token":"0814nm","p_w_given_topic":0.014644},{"token":"0662nm","p_w_given_topic":0.014587},{"token":"0527nm","p_w_given_topic":0.014552},{"token":"0683nm","p_w_given_topic":0.014453},{"token":"0771nm","p_w_given_topic":0.014431},{"token":"0548nm","p_w_given_topic":0.014197},{"token":"0712nm","p_w_given_topic":0.013829},{"token":"0510nm","p_w_given_topic":0.012935}],[{"token":"0788nm","p_w_given_topic":0.035234},{"token":"0809nm","p_w_given_topic":0.033073},{"token":"0780nm","p_w_given_topic":0.031266},{"token":"0759nm","p_w_given_topic":0.03112},{"token":"0763nm","p_w_given_topic":0.028194},{"token":"0750nm","p_w_given_topic":0.027958},{"token":"0822nm","p_w_given_topic":0.027562},{"token":"0852nm","p_w_given_topic":0.027388},{"token":"0793nm","p_w_given_topic":0.02636},{"token":"0729nm","p_w_given_topic":0.022246},{"token":"0746nm","p_w_given_topic":0.021022},{"token":"0839nm","p_w_given_topic":0.020786},{"token":"0830nm","p_w_given_topic":0.020585},{"token":"0569nm","p_w_given_topic":0.019514},{"token":"0814nm","p_w_given_topic":0.019063},{"token":"0776nm","p_w_given_topic":0.018416},{"token":"0843nm","p_w_given_topic":0.017763},{"token":"0847nm","p_w_given_topic":0.016769},{"token":"0801nm","p_w_given_topic":0.016165},{"token":"0826nm","p_w_given_topic":0.01565},{"token":"0717nm","p_w_given_topic":0.015372},{"token":"0624nm","p_w_given_topic":0.015303},{"token":"0476nm","p_w_given_topic":0.015268},{"token":"0755nm","p_w_given_topic":0.015032},{"token":"0725nm","p_w_given_topic":0.014684},{"token":"0696nm","p_w_given_topic":0.014274},{"token":"0649nm","p_w_given_topic":0.014003},{"token":"0603nm","p_w_given_topic":0.013767},{"token":"0675nm","p_w_given_topic":0.01342},{"token":"0514nm","p_w_given_topic":0.012565}],[{"token":"0666nm","p_w_given_topic":0.027118},{"token":"0569nm","p_w_given_topic":0.025921},{"token":"0632nm","p_w_given_topic":0.023386},{"token":"0805nm","p_w_given_topic":0.02333},{"token":"0523nm","p_w_given_topic":0.022806},{"token":"0590nm","p_w_given_topic":0.022664},{"token":"0561nm","p_w_given_topic":0.021822},{"token":"0818nm","p_w_given_topic":0.021616},{"token":"0860nm","p_w_given_topic":0.021241},{"token":"0641nm","p_w_given_topic":0.020044},{"token":"0531nm","p_w_given_topic":0.019988},{"token":"0683nm","p_w_given_topic":0.019528},{"token":"0830nm","p_w_given_topic":0.017807},{"token":"0822nm","p_w_given_topic":0.01768},{"token":"0776nm","p_w_given_topic":0.017503},{"token":"0708nm","p_w_given_topic":0.017453},{"token":"0734nm","p_w_given_topic":0.016731},{"token":"0556nm","p_w_given_topic":0.01666},{"token":"0852nm","p_w_given_topic":0.016582},{"token":"0826nm","p_w_given_topic":0.016426},{"token":"0544nm","p_w_given_topic":0.016405},{"token":"0780nm","p_w_given_topic":0.01632},{"token":"0578nm","p_w_given_topic":0.016051},{"token":"0746nm","p_w_given_topic":0.015839},{"token":"0565nm","p_w_given_topic":0.015711},{"token":"0809nm","p_w_given_topic":0.015442},{"token":"0438nm","p_w_given_topic":0.014678},{"token":"0763nm","p_w_given_topic":0.014076},{"token":"0540nm","p_w_given_topic":0.013998},{"token":"0506nm","p_w_given_topic":0.013226}],[{"token":"0700nm","p_w_given_topic":0.038441},{"token":"0797nm","p_w_given_topic":0.031718},{"token":"0725nm","p_w_given_topic":0.027472},{"token":"0784nm","p_w_given_topic":0.027139},{"token":"0801nm","p_w_given_topic":0.025023},{"token":"0814nm","p_w_given_topic":0.024931},{"token":"0767nm","p_w_given_topic":0.02358},{"token":"0750nm","p_w_given_topic":0.021846},{"token":"0544nm","p_w_given_topic":0.021626},{"token":"0809nm","p_w_given_topic":0.021478},{"token":"0835nm","p_w_given_topic":0.02099},{"token":"0856nm","p_w_given_topic":0.019843},{"token":"0755nm","p_w_given_topic":0.018782},{"token":"0780nm","p_w_given_topic":0.017423},{"token":"0662nm","p_w_given_topic":0.017239},{"token":"0788nm","p_w_given_topic":0.01709},{"token":"0852nm","p_w_given_topic":0.016199},{"token":"0742nm","p_w_given_topic":0.015852},{"token":"0843nm","p_w_given_topic":0.01513},{"token":"0464nm","p_w_given_topic":0.014875},{"token":"0670nm","p_w_given_topic":0.014578},{"token":"0860nm","p_w_given_topic":0.014429},{"token":"0717nm","p_w_given_topic":0.014415},{"token":"0712nm","p_w_given_topic":0.01426},{"token":"0620nm","p_w_given_topic":0.01334},{"token":"0683nm","p_w_given_topic":0.013141},{"token":"0793nm","p_w_given_topic":0.012908},{"token":"0637nm","p_w_given_topic":0.012887},{"token":"0721nm","p_w_given_topic":0.012802},{"token":"0645nm","p_w_given_topic":0.012674}],[{"token":"0793nm","p_w_given_topic":0.034942},{"token":"0746nm","p_w_given_topic":0.033484},{"token":"0797nm","p_w_given_topic":0.031891},{"token":"0835nm","p_w_given_topic":0.031588},{"token":"0763nm","p_w_given_topic":0.030454},{"token":"0620nm","p_w_given_topic":0.026297},{"token":"0750nm","p_w_given_topic":0.025021},{"token":"0830nm","p_w_given_topic":0.024253},{"token":"0818nm","p_w_given_topic":0.02295},{"token":"0691nm","p_w_given_topic":0.021991},{"token":"0771nm","p_w_given_topic":0.02147},{"token":"0767nm","p_w_given_topic":0.02004},{"token":"0839nm","p_w_given_topic":0.018821},{"token":"0700nm","p_w_given_topic":0.018651},{"token":"0582nm","p_w_given_topic":0.017742},{"token":"0805nm","p_w_given_topic":0.017454},{"token":"0742nm","p_w_given_topic":0.015854},{"token":"0603nm","p_w_given_topic":0.015572},{"token":"0856nm","p_w_given_topic":0.015227},{"token":"0801nm","p_w_given_topic":0.014966},{"token":"0645nm","p_w_given_topic":0.014945},{"token":"0565nm","p_w_given_topic":0.014508},{"token":"0729nm","p_w_given_topic":0.013726},{"token":"0738nm","p_w_given_topic":0.013627},{"token":"0822nm","p_w_given_topic":0.01362},{"token":"0637nm","p_w_given_topic":0.013501},{"token":"0809nm","p_w_given_topic":0.013458},{"token":"0611nm","p_w_given_topic":0.013381},{"token":"0586nm","p_w_given_topic":0.013282},{"token":"0759nm","p_w_given_topic":0.012831}],[{"token":"0843nm","p_w_given_topic":0.028463},{"token":"0628nm","p_w_given_topic":0.024822},{"token":"0540nm","p_w_given_topic":0.024518},{"token":"0594nm","p_w_given_topic":0.023356},{"token":"0771nm","p_w_given_topic":0.02264},{"token":"0839nm","p_w_given_topic":0.022612},{"token":"0826nm","p_w_given_topic":0.021734},{"token":"0519nm","p_w_given_topic":0.020253},{"token":"0599nm","p_w_given_topic":0.020189},{"token":"0822nm","p_w_given_topic":0.019793},{"token":"0443nm","p_w_given_topic":0.018957},{"token":"0497nm","p_w_given_topic":0.017767},{"token":"0801nm","p_w_given_topic":0.017625},{"token":"0835nm","p_w_given_topic":0.017072},{"token":"0569nm","p_w_given_topic":0.016251},{"token":"0742nm","p_w_given_topic":0.015684},{"token":"0784nm","p_w_given_topic":0.015096},{"token":"0696nm","p_w_given_topic":0.014997},{"token":"0755nm","p_w_given_topic":0.014919},{"token":"0489nm","p_w_given_topic":0.014515},{"token":"0506nm","p_w_given_topic":0.014295},{"token":"0662nm","p_w_given_topic":0.014253},{"token":"0645nm","p_w_given_topic":0.014012},{"token":"0708nm","p_w_given_topic":0.013538},{"token":"0632nm","p_w_given_topic":0.013509},{"token":"0485nm","p_w_given_topic":0.013169},{"token":"0717nm","p_w_given_topic":0.013127},{"token":"0481nm","p_w_given_topic":0.012978},{"token":"0460nm","p_w_given_topic":0.012942},{"token":"0573nm","p_w_given_topic":0.012744}],[{"token":"0759nm","p_w_given_topic":0.031868},{"token":"0628nm","p_w_given_topic":0.026922},{"token":"0771nm","p_w_given_topic":0.026753},{"token":"0835nm","p_w_given_topic":0.026353},{"token":"0721nm","p_w_given_topic":0.025522},{"token":"0687nm","p_w_given_topic":0.025269},{"token":"0738nm","p_w_given_topic":0.024784},{"token":"0582nm","p_w_given_topic":0.024699},{"token":"0805nm","p_w_given_topic":0.023095},{"token":"0814nm","p_w_given_topic":0.020689},{"token":"0826nm","p_w_given_topic":0.020296},{"token":"0767nm","p_w_given_topic":0.019719},{"token":"0565nm","p_w_given_topic":0.01905},{"token":"0729nm","p_w_given_topic":0.018924},{"token":"0472nm","p_w_given_topic":0.018431},{"token":"0717nm","p_w_given_topic":0.018361},{"token":"0793nm","p_w_given_topic":0.017693},{"token":"0561nm","p_w_given_topic":0.017334},{"token":"0801nm","p_w_given_topic":0.016637},{"token":"0780nm","p_w_given_topic":0.016377},{"token":"0691nm","p_w_given_topic":0.016293},{"token":"0839nm","p_w_given_topic":0.015983},{"token":"0607nm","p_w_given_topic":0.015913},{"token":"0788nm","p_w_given_topic":0.015392},{"token":"0852nm","p_w_given_topic":0.015259},{"token":"0468nm","p_w_given_topic":0.015153},{"token":"0573nm","p_w_given_topic":0.014745},{"token":"0590nm","p_w_given_topic":0.014513},{"token":"0797nm","p_w_given_topic":0.013936},{"token":"0822nm","p_w_given_topic":0.013922}]],"perplexity":77.74168493260593,"reconstruction_err":null,"coherence":{"top_n":15,"c_v":0.229006,"c_npmi":-0.383817,"u_mass":-0.041973},"topic_distance_js":[[0.0,0.120674,0.12902,0.141919,0.152398,0.127357,0.160094,0.150236,0.1233],[0.120674,0.0,0.130239,0.122286,0.148995,0.134727,0.125785,0.121308,0.132222],[0.12902,0.130239,0.0,0.149128,0.136989,0.121246,0.155637,0.152521,0.15353],[0.141919,0.122286,0.149128,0.0,0.129317,0.111358,0.107797,0.14298,0.141798],[0.152398,0.148995,0.136989,0.129317,0.0,0.151371,0.144192,0.143188,0.132725],[0.127357,0.134727,0.121246,0.111358,0.151371,0.0,0.117613,0.152121,0.143695],[0.160094,0.125785,0.155637,0.107797,0.144192,0.117613,0.0,0.146744,0.128597],[0.150236,0.121308,0.152521,0.14298,0.143188,0.152121,0.146744,0.0,0.142171],[0.1233,0.132222,0.15353,0.141798,0.132725,0.143695,0.128597,0.142171,0.0]],"topic_intertopic_2d_js":[[-0.103669,-0.236948],[0.16717,-0.077993],[-0.264118,-0.063082],[-0.179893,0.138854],[-0.045546,0.25056],[-0.08436,-0.047655],[0.11416,-0.220863],[0.266669,0.058381],[0.129588,0.198746]],"K_live":null,"topic_correlation":[[[1.0,0.00906333513557911,0.03172734007239342,-0.007113455329090357,0.026507887989282608,0.017733994871377945,0.004527820739895105,0.07768091559410095,0.005660112481564283],[0.00906333513557911,1.0,0.055991217494010925,-0.0050994050689041615,-0.017684437334537506,0.035232868045568466,0.03042123280465603,-0.007962321862578392,0.021756382659077644],[0.03172734007239342,0.055991217494010925,1.0,0.04624694958329201,0.03673667833209038,0.025203218683600426,0.014048025943338871,0.0376577265560627,0.029120443388819695],[-0.007113455329090357,-0.0050994050689041615,0.04624694958329201,1.0,-0.00037841370794922113,0.0405881404876709,0.07598346471786499,-0.020288221538066864,0.045309294015169144],[0.026507887989282608,-0.017684437334537506,0.03673667833209038,-0.00037841370794922113,1.0,0.01365757454186678,-0.009604365564882755,0.06785394996404648,0.0070403385907411575],[0.017733994871377945,0.035232868045568466,0.025203218683600426,0.0405881404876709,0.01365757454186678,1.0,0.02764499932527542,0.05959191545844078,-0.008085079491138458],[0.004527820739895105,0.03042123280465603,0.014048025943338871,0.07598346471786499,-0.009604365564882755,0.02764499932527542,1.0,-0.02910604700446129,0.05290159955620766],[0.07768091559410095,-0.007962321862578392,0.0376577265560627,-0.020288221538066864,0.06785394996404648,0.05959191545844078,-0.02910604700446129,1.0,0.029993649572134018],[0.005660112481564283,0.021756382659077644,0.029120443388819695,0.045309294015169144,0.0070403385907411575,-0.008085079491138458,0.05290159955620766,0.029993649572134018,1.0]],[[3.5032461608120427e-44,3.6433760072445244e-44,3.783505853677006e-44,2.942726775082116e-44,3.0828566215145976e-44,3.2229864679470793e-44,3.363116314379561e-44,3.5032461608120427e-44,3.6433760072445244e-44],[3.783505853677006e-44,3.0828566215145976e-44,3.2229864679470793e-44,3.363116314379561e-44,3.5032461608120427e-44,3.6433760072445244e-44,3.783505853677006e-44,3.923635700109488e-44,3.2229864679470793e-44],[3.363116314379561e-44,3.5032461608120427e-44,3.6433760072445244e-44,3.783505853677006e-44,3.923635700109488e-44,3.363116314379561e-44,3.5032461608120427e-44,3.6433760072445244e-44,3.783505853677006e-44],[3.923635700109488e-44,3.5032461608120427e-44,3.6433760072445244e-44,3.783505853677006e-44,3.923635700109488e-44,4.0637655465419695e-44,3.6433760072445244e-44,3.783505853677006e-44,3.923635700109488e-44],[4.0637655465419695e-44,3.783505853677006e-44,3.923635700109488e-44,4.0637655465419695e-44,3.923635700109488e-44,4.0637655465419695e-44,4.0637655465419695e-44,4.203895392974451e-44,4.203895392974451e-44],[4.344025239406933e-44,4.764414778704378e-44,5.605193857299268e-44,6.726232628759122e-44,6.866362475191604e-44,7.006492321624085e-44,7.286752014489049e-44,7.567011707354012e-44,7.707141553786494e-44],[7.847271400218976e-44,7.987401246651457e-44,8.127531093083939e-44,8.267660939516421e-44,8.407790785948902e-44,8.547920632381384e-44,8.688050478813866e-44,8.828180325246348e-44,8.96831017167883e-44],[9.248569864543793e-44,9.388699710976274e-44,9.528829557408756e-44,9.388699710976274e-44,9.528829557408756e-44,9.528829557408756e-44,9.80908925027372e-44,9.949219096706201e-44,1.0089348943138683e-43],[9.949219096706201e-44,1.0089348943138683e-43,1.0089348943138683e-43,1.0229478789571165e-43,1.0229478789571165e-43,1.0369608636003646e-43,1.0369608636003646e-43,1.064986832886861e-43,1.0789998175301091e-43]]],"wavelengths_nm":[430.0,434.22,438.43,442.65,446.86,451.08,455.29,459.51,463.73,467.94,472.16,476.37,480.59,484.8,489.02,493.24,497.45,501.67,505.88,510.1,514.31,518.53,522.75,526.96,531.18,535.39,539.61,543.82,548.04,552.25,556.47,560.69,564.9,569.12,573.33,577.55,581.76,585.98,590.2,594.41,598.63,602.84,607.06,611.27,615.49,619.71,623.92,628.14,632.35,636.57,640.78,645.0,649.22,653.43,657.65,661.86,666.08,670.29,674.51,678.73,682.94,687.16,691.37,695.59,699.8,704.02,708.24,712.45,716.67,720.88,725.1,729.31,733.53,737.75,741.96,746.18,750.39,754.61,758.82,763.04,767.25,771.47,775.69,779.9,784.12,788.33,792.55,796.76,800.98,805.2,809.41,813.63,817.84,822.06,826.27,830.49,834.71,838.92,843.14,847.35,851.57,855.78,860.0],"generated_at":"2026-05-04T04:16:28Z","builder_version":"build_topic_model_variants v0.1"}