{"scene_id":"pavia-university","variant":"tomotopy_ctm","topic_count":9,"vocabulary_size":103,"document_count":1980,"topic_prevalence":[0.110687,0.110856,0.110259,0.110034,0.110871,0.112092,0.113613,0.110337,0.111251],"top_words_per_topic":[[{"token":"0759nm","p_w_given_topic":0.035179},{"token":"0624nm","p_w_given_topic":0.031555},{"token":"0742nm","p_w_given_topic":0.03123},{"token":"0738nm","p_w_given_topic":0.025876},{"token":"0814nm","p_w_given_topic":0.024385},{"token":"0746nm","p_w_given_topic":0.023785},{"token":"0679nm","p_w_given_topic":0.023672},{"token":"0578nm","p_w_given_topic":0.023297},{"token":"0784nm","p_w_given_topic":0.021221},{"token":"0852nm","p_w_given_topic":0.019624},{"token":"0797nm","p_w_given_topic":0.019511},{"token":"0552nm","p_w_given_topic":0.019271},{"token":"0451nm","p_w_given_topic":0.018536},{"token":"0510nm","p_w_given_topic":0.018388},{"token":"0805nm","p_w_given_topic":0.018127},{"token":"0860nm","p_w_given_topic":0.017844},{"token":"0830nm","p_w_given_topic":0.016544},{"token":"0771nm","p_w_given_topic":0.016424},{"token":"0658nm","p_w_given_topic":0.016353},{"token":"0594nm","p_w_given_topic":0.016198},{"token":"0725nm","p_w_given_topic":0.016184},{"token":"0506nm","p_w_given_topic":0.015661},{"token":"0826nm","p_w_given_topic":0.015548},{"token":"0485nm","p_w_given_topic":0.015357},{"token":"0611nm","p_w_given_topic":0.01458},{"token":"0472nm","p_w_given_topic":0.014192},{"token":"0637nm","p_w_given_topic":0.01393},{"token":"0822nm","p_w_given_topic":0.013839},{"token":"0755nm","p_w_given_topic":0.013224},{"token":"0793nm","p_w_given_topic":0.012694}],[{"token":"0809nm","p_w_given_topic":0.03331},{"token":"0780nm","p_w_given_topic":0.026441},{"token":"0856nm","p_w_given_topic":0.024137},{"token":"0755nm","p_w_given_topic":0.022521},{"token":"0797nm","p_w_given_topic":0.021592},{"token":"0632nm","p_w_given_topic":0.021458},{"token":"0506nm","p_w_given_topic":0.021203},{"token":"0852nm","p_w_given_topic":0.020827},{"token":"0788nm","p_w_given_topic":0.019877},{"token":"0814nm","p_w_given_topic":0.018672},{"token":"0565nm","p_w_given_topic":0.018091},{"token":"0839nm","p_w_given_topic":0.017984},{"token":"0637nm","p_w_given_topic":0.017885},{"token":"0704nm","p_w_given_topic":0.017885},{"token":"0801nm","p_w_given_topic":0.01785},{"token":"0847nm","p_w_given_topic":0.016815},{"token":"0750nm","p_w_given_topic":0.016602},{"token":"0464nm","p_w_given_topic":0.016297},{"token":"0586nm","p_w_given_topic":0.016212},{"token":"0835nm","p_w_given_topic":0.016198},{"token":"0767nm","p_w_given_topic":0.015666},{"token":"0531nm","p_w_given_topic":0.015503},{"token":"0535nm","p_w_given_topic":0.015291},{"token":"0594nm","p_w_given_topic":0.01517},{"token":"0746nm","p_w_given_topic":0.014589},{"token":"0691nm","p_w_given_topic":0.014007},{"token":"0696nm","p_w_given_topic":0.013944},{"token":"0662nm","p_w_given_topic":0.013299},{"token":"0830nm","p_w_given_topic":0.013029},{"token":"0717nm","p_w_given_topic":0.012916}],[{"token":"0809nm","p_w_given_topic":0.038231},{"token":"0763nm","p_w_given_topic":0.034328},{"token":"0843nm","p_w_given_topic":0.032073},{"token":"0725nm","p_w_given_topic":0.025751},{"token":"0771nm","p_w_given_topic":0.025444},{"token":"0548nm","p_w_given_topic":0.020493},{"token":"0641nm","p_w_given_topic":0.020257},{"token":"0599nm","p_w_given_topic":0.020236},{"token":"0565nm","p_w_given_topic":0.020129},{"token":"0582nm","p_w_given_topic":0.019479},{"token":"0649nm","p_w_given_topic":0.019387},{"token":"0683nm","p_w_given_topic":0.019165},{"token":"0620nm","p_w_given_topic":0.01873},{"token":"0734nm","p_w_given_topic":0.017974},{"token":"0523nm","p_w_given_topic":0.017703},{"token":"0788nm","p_w_given_topic":0.017196},{"token":"0717nm","p_w_given_topic":0.017025},{"token":"0556nm","p_w_given_topic":0.017025},{"token":"0805nm","p_w_given_topic":0.016697},{"token":"0755nm","p_w_given_topic":0.016483},{"token":"0430nm","p_w_given_topic":0.016062},{"token":"0544nm","p_w_given_topic":0.016026},{"token":"0847nm","p_w_given_topic":0.015619},{"token":"0535nm","p_w_given_topic":0.015512},{"token":"0700nm","p_w_given_topic":0.015227},{"token":"0464nm","p_w_given_topic":0.014178},{"token":"0839nm","p_w_given_topic":0.013735},{"token":"0776nm","p_w_given_topic":0.013407},{"token":"0502nm","p_w_given_topic":0.013357},{"token":"0628nm","p_w_given_topic":0.013143}],[{"token":"0784nm","p_w_given_topic":0.037759},{"token":"0835nm","p_w_given_topic":0.029712},{"token":"0750nm","p_w_given_topic":0.029534},{"token":"0830nm","p_w_given_topic":0.024723},{"token":"0860nm","p_w_given_topic":0.024368},{"token":"0826nm","p_w_given_topic":0.023027},{"token":"0801nm","p_w_given_topic":0.02214},{"token":"0540nm","p_w_given_topic":0.022076},{"token":"0776nm","p_w_given_topic":0.021076},{"token":"0818nm","p_w_given_topic":0.02033},{"token":"0641nm","p_w_given_topic":0.020118},{"token":"0607nm","p_w_given_topic":0.020118},{"token":"0843nm","p_w_given_topic":0.01867},{"token":"0548nm","p_w_given_topic":0.017719},{"token":"0822nm","p_w_given_topic":0.01757},{"token":"0611nm","p_w_given_topic":0.016903},{"token":"0637nm","p_w_given_topic":0.016896},{"token":"0599nm","p_w_given_topic":0.0163},{"token":"0788nm","p_w_given_topic":0.016158},{"token":"0725nm","p_w_given_topic":0.016108},{"token":"0712nm","p_w_given_topic":0.015463},{"token":"0814nm","p_w_given_topic":0.01542},{"token":"0704nm","p_w_given_topic":0.015335},{"token":"0666nm","p_w_given_topic":0.015094},{"token":"0746nm","p_w_given_topic":0.015058},{"token":"0578nm","p_w_given_topic":0.014859},{"token":"0809nm","p_w_given_topic":0.014732},{"token":"0763nm","p_w_given_topic":0.014597},{"token":"0767nm","p_w_given_topic":0.014561},{"token":"0645nm","p_w_given_topic":0.01449}],[{"token":"0818nm","p_w_given_topic":0.046155},{"token":"0776nm","p_w_given_topic":0.038833},{"token":"0847nm","p_w_given_topic":0.02771},{"token":"0742nm","p_w_given_topic":0.025634},{"token":"0856nm","p_w_given_topic":0.024799},{"token":"0708nm","p_w_given_topic":0.023845},{"token":"0793nm","p_w_given_topic":0.023256},{"token":"0805nm","p_w_given_topic":0.022899},{"token":"0620nm","p_w_given_topic":0.022366},{"token":"0814nm","p_w_given_topic":0.022015},{"token":"0750nm","p_w_given_topic":0.02057},{"token":"0738nm","p_w_given_topic":0.019729},{"token":"0569nm","p_w_given_topic":0.019329},{"token":"0746nm","p_w_given_topic":0.019189},{"token":"0835nm","p_w_given_topic":0.018761},{"token":"0696nm","p_w_given_topic":0.018733},{"token":"0822nm","p_w_given_topic":0.017358},{"token":"0653nm","p_w_given_topic":0.016804},{"token":"0670nm","p_w_given_topic":0.015731},{"token":"0860nm","p_w_given_topic":0.015717},{"token":"0683nm","p_w_given_topic":0.01496},{"token":"0615nm","p_w_given_topic":0.01484},{"token":"0809nm","p_w_given_topic":0.014728},{"token":"0700nm","p_w_given_topic":0.014602},{"token":"0712nm","p_w_given_topic":0.014265},{"token":"0514nm","p_w_given_topic":0.014013},{"token":"0548nm","p_w_given_topic":0.013858},{"token":"0797nm","p_w_given_topic":0.013697},{"token":"0721nm","p_w_given_topic":0.01369},{"token":"0675nm","p_w_given_topic":0.013522}],[{"token":"0847nm","p_w_given_topic":0.030334},{"token":"0717nm","p_w_given_topic":0.0275},{"token":"0561nm","p_w_given_topic":0.026843},{"token":"0586nm","p_w_given_topic":0.02608},{"token":"0493nm","p_w_given_topic":0.026052},{"token":"0734nm","p_w_given_topic":0.025402},{"token":"0497nm","p_w_given_topic":0.025311},{"token":"0544nm","p_w_given_topic":0.02487},{"token":"0767nm","p_w_given_topic":0.023324},{"token":"0468nm","p_w_given_topic":0.023303},{"token":"0476nm","p_w_given_topic":0.022212},{"token":"0759nm","p_w_given_topic":0.021162},{"token":"0556nm","p_w_given_topic":0.02054},{"token":"0784nm","p_w_given_topic":0.019063},{"token":"0738nm","p_w_given_topic":0.018539},{"token":"0691nm","p_w_given_topic":0.018427},{"token":"0797nm","p_w_given_topic":0.018224},{"token":"0510nm","p_w_given_topic":0.017231},{"token":"0826nm","p_w_given_topic":0.016895},{"token":"0569nm","p_w_given_topic":0.016566},{"token":"0552nm","p_w_given_topic":0.01609},{"token":"0721nm","p_w_given_topic":0.015873},{"token":"0603nm","p_w_given_topic":0.015768},{"token":"0687nm","p_w_given_topic":0.015747},{"token":"0519nm","p_w_given_topic":0.015377},{"token":"0852nm","p_w_given_topic":0.015139},{"token":"0447nm","p_w_given_topic":0.014789},{"token":"0830nm","p_w_given_topic":0.014516},{"token":"0763nm","p_w_given_topic":0.014194},{"token":"0670nm","p_w_given_topic":0.012809}],[{"token":"0793nm","p_w_given_topic":0.038608},{"token":"0852nm","p_w_given_topic":0.03669},{"token":"0830nm","p_w_given_topic":0.032804},{"token":"0860nm","p_w_given_topic":0.032593},{"token":"0805nm","p_w_given_topic":0.03095},{"token":"0573nm","p_w_given_topic":0.026606},{"token":"0788nm","p_w_given_topic":0.025696},{"token":"0801nm","p_w_given_topic":0.025238},{"token":"0767nm","p_w_given_topic":0.024716},{"token":"0763nm","p_w_given_topic":0.023545},{"token":"0729nm","p_w_given_topic":0.022438},{"token":"0856nm","p_w_given_topic":0.021564},{"token":"0843nm","p_w_given_topic":0.021508},{"token":"0822nm","p_w_given_topic":0.021402},{"token":"0784nm","p_w_given_topic":0.021092},{"token":"0826nm","p_w_given_topic":0.019082},{"token":"0531nm","p_w_given_topic":0.018828},{"token":"0835nm","p_w_given_topic":0.018708},{"token":"0662nm","p_w_given_topic":0.017954},{"token":"0780nm","p_w_given_topic":0.017721},{"token":"0653nm","p_w_given_topic":0.016684},{"token":"0839nm","p_w_given_topic":0.016134},{"token":"0738nm","p_w_given_topic":0.015655},{"token":"0679nm","p_w_given_topic":0.014378},{"token":"0519nm","p_w_given_topic":0.014082},{"token":"0603nm","p_w_given_topic":0.013046},{"token":"0485nm","p_w_given_topic":0.012221},{"token":"0582nm","p_w_given_topic":0.011946},{"token":"0814nm","p_w_given_topic":0.011931},{"token":"0742nm","p_w_given_topic":0.011685}],[{"token":"0839nm","p_w_given_topic":0.040479},{"token":"0771nm","p_w_given_topic":0.03093},{"token":"0607nm","p_w_given_topic":0.030881},{"token":"0818nm","p_w_given_topic":0.027764},{"token":"0822nm","p_w_given_topic":0.022993},{"token":"0540nm","p_w_given_topic":0.022554},{"token":"0788nm","p_w_given_topic":0.021904},{"token":"0801nm","p_w_given_topic":0.019953},{"token":"0556nm","p_w_given_topic":0.018738},{"token":"0729nm","p_w_given_topic":0.018653},{"token":"0780nm","p_w_given_topic":0.017995},{"token":"0666nm","p_w_given_topic":0.017946},{"token":"0535nm","p_w_given_topic":0.017904},{"token":"0797nm","p_w_given_topic":0.017826},{"token":"0826nm","p_w_given_topic":0.017416},{"token":"0481nm","p_w_given_topic":0.016603},{"token":"0708nm","p_w_given_topic":0.016419},{"token":"0696nm","p_w_given_topic":0.016235},{"token":"0590nm","p_w_given_topic":0.015515},{"token":"0776nm","p_w_given_topic":0.014596},{"token":"0603nm","p_w_given_topic":0.014483},{"token":"0519nm","p_w_given_topic":0.01415},{"token":"0586nm","p_w_given_topic":0.013988},{"token":"0628nm","p_w_given_topic":0.013988},{"token":"0632nm","p_w_given_topic":0.013924},{"token":"0615nm","p_w_given_topic":0.013684},{"token":"0451nm","p_w_given_topic":0.013444},{"token":"0852nm","p_w_given_topic":0.013316},{"token":"0746nm","p_w_given_topic":0.013147},{"token":"0763nm","p_w_given_topic":0.012574}],[{"token":"0649nm","p_w_given_topic":0.034512},{"token":"0712nm","p_w_given_topic":0.030277},{"token":"0822nm","p_w_given_topic":0.029963},{"token":"0793nm","p_w_given_topic":0.025051},{"token":"0721nm","p_w_given_topic":0.024457},{"token":"0755nm","p_w_given_topic":0.024219},{"token":"0814nm","p_w_given_topic":0.022961},{"token":"0776nm","p_w_given_topic":0.022095},{"token":"0742nm","p_w_given_topic":0.020809},{"token":"0771nm","p_w_given_topic":0.020739},{"token":"0578nm","p_w_given_topic":0.020089},{"token":"0767nm","p_w_given_topic":0.019908},{"token":"0675nm","p_w_given_topic":0.019831},{"token":"0784nm","p_w_given_topic":0.019104},{"token":"0843nm","p_w_given_topic":0.018901},{"token":"0734nm","p_w_given_topic":0.018769},{"token":"0797nm","p_w_given_topic":0.017651},{"token":"0746nm","p_w_given_topic":0.016442},{"token":"0750nm","p_w_given_topic":0.015177},{"token":"0788nm","p_w_given_topic":0.015072},{"token":"0780nm","p_w_given_topic":0.014995},{"token":"0641nm","p_w_given_topic":0.014863},{"token":"0687nm","p_w_given_topic":0.014814},{"token":"0835nm","p_w_given_topic":0.0148},{"token":"0708nm","p_w_given_topic":0.014779},{"token":"0662nm","p_w_given_topic":0.014737},{"token":"0729nm","p_w_given_topic":0.01459},{"token":"0856nm","p_w_given_topic":0.014506},{"token":"0683nm","p_w_given_topic":0.014408},{"token":"0700nm","p_w_given_topic":0.014248}]],"perplexity":75.87951307487505,"reconstruction_err":null,"coherence":{"top_n":15,"c_v":0.27788,"c_npmi":-0.363687,"u_mass":-0.035004},"topic_distance_js":[[0.0,0.162712,0.187004,0.125729,0.157216,0.164957,0.137798,0.144477,0.149077],[0.162712,0.0,0.136339,0.131578,0.138939,0.143835,0.143535,0.131467,0.143598],[0.187004,0.136339,0.0,0.159791,0.15561,0.188819,0.15786,0.157296,0.144783],[0.125729,0.131578,0.159791,0.0,0.119495,0.189591,0.151774,0.133142,0.128441],[0.157216,0.138939,0.15561,0.119495,0.0,0.189942,0.150699,0.157845,0.115314],[0.164957,0.143835,0.188819,0.189591,0.189942,0.0,0.161154,0.180583,0.201942],[0.137798,0.143535,0.15786,0.151774,0.150699,0.161154,0.0,0.155998,0.143467],[0.144477,0.131467,0.157296,0.133142,0.157845,0.180583,0.155998,0.0,0.153185],[0.149077,0.143598,0.144783,0.128441,0.115314,0.201942,0.143467,0.153185,0.0]],"topic_intertopic_2d_js":[[-0.014565,-0.246662],[0.08062,-0.021015],[-0.273686,0.036965],[-0.126145,0.138713],[-0.031726,0.261721],[-0.216412,-0.210589],[0.171013,-0.205873],[0.274178,0.031248],[0.136723,0.215492]],"K_live":null,"topic_correlation":[[[1.0,0.01730499230325222,0.05032012239098549,0.005556912627071142,0.04494398459792137,0.019687412306666374,0.010665996931493282,-0.0007127985591068864,-0.021979574114084244],[0.01730499230325222,1.0,0.07817112654447556,0.021441292017698288,0.06116843223571777,0.08388876914978027,0.07523735612630844,0.0419287234544754,0.00608051335439086],[0.05032012239098549,0.07817112654447556,1.0,0.014738606289029121,0.06080518662929535,0.07608739286661148,0.054689668118953705,-0.003498296719044447,-0.015257293358445168],[0.005556912627071142,0.021441292017698288,0.014738606289029121,1.0,0.06989321112632751,-0.03619087487459183,0.048525337129831314,-0.002952106297016144,0.06478296965360641],[0.04494398459792137,0.06116843223571777,0.06080518662929535,0.06989321112632751,1.0,-0.01578296534717083,0.050434935837984085,-0.008252529427409172,0.053504664450883865],[0.019687412306666374,0.08388876914978027,0.07608739286661148,-0.03619087487459183,-0.01578296534717083,1.0,0.058887943625450134,0.033499594777822495,-0.03775034844875336],[0.010665996931493282,0.07523735612630844,0.054689668118953705,0.048525337129831314,0.050434935837984085,0.058887943625450134,1.0,0.07459942251443863,0.04952530190348625],[-0.0007127985591068864,0.0419287234544754,-0.003498296719044447,-0.002952106297016144,-0.008252529427409172,0.033499594777822495,0.07459942251443863,1.0,-0.018300697207450867],[-0.021979574114084244,0.00608051335439086,-0.015257293358445168,0.06478296965360641,0.053504664450883865,-0.03775034844875336,0.04952530190348625,-0.018300697207450867,1.0]],[[0.0,0.0,0.0,0.0,0.0,0.0,0.0,0.0,0.0],[0.0,0.0,0.0,0.0,0.0,0.0,0.0,0.0,0.0],[0.0,0.0,0.0,0.0,0.0,0.0,0.0,0.0,0.0],[0.0,0.0,0.0,0.0,0.0,0.0,0.0,0.0,0.0],[0.0,0.0,0.0,0.0,0.0,0.0,0.0,0.0,0.0],[0.0,0.0,0.0,0.0,0.0,0.0,0.0,0.0,0.0],[0.0,0.0,0.0,0.0,0.0,0.0,0.0,0.0,0.0],[0.0,0.0,0.0,0.0,0.0,0.0,0.0,0.0,0.0],[0.0,0.0,0.0,0.0,0.0,0.0,0.0,0.0,0.0]]],"wavelengths_nm":[430.0,434.22,438.43,442.65,446.86,451.08,455.29,459.51,463.73,467.94,472.16,476.37,480.59,484.8,489.02,493.24,497.45,501.67,505.88,510.1,514.31,518.53,522.75,526.96,531.18,535.39,539.61,543.82,548.04,552.25,556.47,560.69,564.9,569.12,573.33,577.55,581.76,585.98,590.2,594.41,598.63,602.84,607.06,611.27,615.49,619.71,623.92,628.14,632.35,636.57,640.78,645.0,649.22,653.43,657.65,661.86,666.08,670.29,674.51,678.73,682.94,687.16,691.37,695.59,699.8,704.02,708.24,712.45,716.67,720.88,725.1,729.31,733.53,737.75,741.96,746.18,750.39,754.61,758.82,763.04,767.25,771.47,775.69,779.9,784.12,788.33,792.55,796.76,800.98,805.2,809.41,813.63,817.84,822.06,826.27,830.49,834.71,838.92,843.14,847.35,851.57,855.78,860.0],"generated_at":"2026-05-06T00:58:54Z","builder_version":"build_topic_model_variants v0.1"}