{"scene_id":"salinas-a-corrected","variant":"tomotopy_ctm","topic_count":6,"vocabulary_size":204,"document_count":1320,"topic_prevalence":[0.165102,0.166735,0.166832,0.166575,0.168653,0.166103],"top_words_per_topic":[[{"token":"1083nm","p_w_given_topic":0.019559},{"token":"0845nm","p_w_given_topic":0.019331},{"token":"1403nm","p_w_given_topic":0.019042},{"token":"0866nm","p_w_given_topic":0.018293},{"token":"0783nm","p_w_given_topic":0.017799},{"token":"0814nm","p_w_given_topic":0.017493},{"token":"0648nm","p_w_given_topic":0.016761},{"token":"1093nm","p_w_given_topic":0.016755},{"token":"1114nm","p_w_given_topic":0.016239},{"token":"0628nm","p_w_given_topic":0.016072},{"token":"0990nm","p_w_given_topic":0.015689},{"token":"0793nm","p_w_given_topic":0.015067},{"token":"0855nm","p_w_given_topic":0.014829},{"token":"0597nm","p_w_given_topic":0.01474},{"token":"0752nm","p_w_given_topic":0.014706},{"token":"0938nm","p_w_given_topic":0.01469},{"token":"0948nm","p_w_given_topic":0.014484},{"token":"1010nm","p_w_given_topic":0.014445},{"token":"1124nm","p_w_given_topic":0.013529},{"token":"1321nm","p_w_given_topic":0.012613},{"token":"1072nm","p_w_given_topic":0.012613},{"token":"0679nm","p_w_given_topic":0.012208},{"token":"1134nm","p_w_given_topic":0.011597},{"token":"1269nm","p_w_given_topic":0.011409},{"token":"0741nm","p_w_given_topic":0.011348},{"token":"0607nm","p_w_given_topic":0.011259},{"token":"0834nm","p_w_given_topic":0.011148},{"token":"1445nm","p_w_given_topic":0.010942},{"token":"1383nm","p_w_given_topic":0.010648},{"token":"0669nm","p_w_given_topic":0.010548}],[{"token":"0928nm","p_w_given_topic":0.026622},{"token":"1207nm","p_w_given_topic":0.022397},{"token":"0824nm","p_w_given_topic":0.02104},{"token":"0607nm","p_w_given_topic":0.018513},{"token":"0814nm","p_w_given_topic":0.018375},{"token":"0855nm","p_w_given_topic":0.018},{"token":"0576nm","p_w_given_topic":0.017757},{"token":"0876nm","p_w_given_topic":0.017664},{"token":"0638nm","p_w_given_topic":0.017322},{"token":"0503nm","p_w_given_topic":0.016858},{"token":"1093nm","p_w_given_topic":0.016604},{"token":"0783nm","p_w_given_topic":0.016522},{"token":"0979nm","p_w_given_topic":0.01592},{"token":"0690nm","p_w_given_topic":0.015827},{"token":"1134nm","p_w_given_topic":0.015783},{"token":"1197nm","p_w_given_topic":0.015209},{"token":"0772nm","p_w_given_topic":0.015076},{"token":"0721nm","p_w_given_topic":0.015054},{"token":"0545nm","p_w_given_topic":0.01501},{"token":"0866nm","p_w_given_topic":0.014883},{"token":"0793nm","p_w_given_topic":0.014646},{"token":"0483nm","p_w_given_topic":0.014525},{"token":"0907nm","p_w_given_topic":0.014039},{"token":"1052nm","p_w_given_topic":0.014017},{"token":"0845nm","p_w_given_topic":0.012423},{"token":"1248nm","p_w_given_topic":0.012175},{"token":"1424nm","p_w_given_topic":0.011938},{"token":"0534nm","p_w_given_topic":0.011756},{"token":"0700nm","p_w_given_topic":0.011722},{"token":"1114nm","p_w_given_topic":0.011706}],[{"token":"0948nm","p_w_given_topic":0.024659},{"token":"0772nm","p_w_given_topic":0.022731},{"token":"0969nm","p_w_given_topic":0.02247},{"token":"1000nm","p_w_given_topic":0.020481},{"token":"0452nm","p_w_given_topic":0.020293},{"token":"1124nm","p_w_given_topic":0.018786},{"token":"0845nm","p_w_given_topic":0.018764},{"token":"0803nm","p_w_given_topic":0.018415},{"token":"0659nm","p_w_given_topic":0.017473},{"token":"1103nm","p_w_given_topic":0.016083},{"token":"1362nm","p_w_given_topic":0.014919},{"token":"0472nm","p_w_given_topic":0.014604},{"token":"0876nm","p_w_given_topic":0.014532},{"token":"0597nm","p_w_given_topic":0.014415},{"token":"0534nm","p_w_given_topic":0.01431},{"token":"0762nm","p_w_given_topic":0.014249},{"token":"1155nm","p_w_given_topic":0.014133},{"token":"0866nm","p_w_given_topic":0.014105},{"token":"0855nm","p_w_given_topic":0.013828},{"token":"1755nm","p_w_given_topic":0.013728},{"token":"1176nm","p_w_given_topic":0.013673},{"token":"1114nm","p_w_given_topic":0.013662},{"token":"0959nm","p_w_given_topic":0.013191},{"token":"0824nm","p_w_given_topic":0.013086},{"token":"0917nm","p_w_given_topic":0.012875},{"token":"0700nm","p_w_given_topic":0.012482},{"token":"1062nm","p_w_given_topic":0.012055},{"token":"0566nm","p_w_given_topic":0.01205},{"token":"0555nm","p_w_given_topic":0.012016},{"token":"0928nm","p_w_given_topic":0.011944}],[{"token":"0959nm","p_w_given_topic":0.034705},{"token":"1166nm","p_w_given_topic":0.02716},{"token":"0731nm","p_w_given_topic":0.026938},{"token":"0866nm","p_w_given_topic":0.020176},{"token":"0814nm","p_w_given_topic":0.019277},{"token":"0897nm","p_w_given_topic":0.016753},{"token":"0886nm","p_w_given_topic":0.016714},{"token":"1290nm","p_w_given_topic":0.016592},{"token":"0503nm","p_w_given_topic":0.016121},{"token":"1041nm","p_w_given_topic":0.015799},{"token":"0617nm","p_w_given_topic":0.015588},{"token":"0803nm","p_w_given_topic":0.015261},{"token":"0876nm","p_w_given_topic":0.015111},{"token":"0462nm","p_w_given_topic":0.015045},{"token":"1062nm","p_w_given_topic":0.014778},{"token":"0824nm","p_w_given_topic":0.014567},{"token":"0586nm","p_w_given_topic":0.014445},{"token":"0628nm","p_w_given_topic":0.014157},{"token":"0783nm","p_w_given_topic":0.013109},{"token":"1103nm","p_w_given_topic":0.012942},{"token":"0979nm","p_w_given_topic":0.012665},{"token":"0938nm","p_w_given_topic":0.012537},{"token":"0845nm","p_w_given_topic":0.012471},{"token":"0555nm","p_w_given_topic":0.012448},{"token":"0855nm","p_w_given_topic":0.012293},{"token":"0762nm","p_w_given_topic":0.011622},{"token":"1341nm","p_w_given_topic":0.011378},{"token":"0648nm","p_w_given_topic":0.011228},{"token":"1124nm","p_w_given_topic":0.010962},{"token":"1321nm","p_w_given_topic":0.010673}],[{"token":"0907nm","p_w_given_topic":0.027172},{"token":"1155nm","p_w_given_topic":0.025629},{"token":"0917nm","p_w_given_topic":0.02559},{"token":"0886nm","p_w_given_topic":0.025326},{"token":"0969nm","p_w_given_topic":0.023639},{"token":"0928nm","p_w_given_topic":0.021798},{"token":"1000nm","p_w_given_topic":0.020057},{"token":"0638nm","p_w_given_topic":0.017852},{"token":"0938nm","p_w_given_topic":0.017654},{"token":"1134nm","p_w_given_topic":0.017362},{"token":"1093nm","p_w_given_topic":0.017251},{"token":"1176nm","p_w_given_topic":0.017058},{"token":"0721nm","p_w_given_topic":0.016827},{"token":"0855nm","p_w_given_topic":0.016821},{"token":"1010nm","p_w_given_topic":0.016684},{"token":"1103nm","p_w_given_topic":0.015741},{"token":"0897nm","p_w_given_topic":0.01541},{"token":"0876nm","p_w_given_topic":0.014942},{"token":"0814nm","p_w_given_topic":0.014925},{"token":"0514nm","p_w_given_topic":0.014909},{"token":"0824nm","p_w_given_topic":0.014639},{"token":"0648nm","p_w_given_topic":0.014529},{"token":"0524nm","p_w_given_topic":0.014165},{"token":"0741nm","p_w_given_topic":0.013222},{"token":"0597nm","p_w_given_topic":0.012732},{"token":"1072nm","p_w_given_topic":0.012037},{"token":"0990nm","p_w_given_topic":0.011795},{"token":"0607nm","p_w_given_topic":0.011282},{"token":"0690nm","p_w_given_topic":0.011018},{"token":"1083nm","p_w_given_topic":0.010985}],[{"token":"0886nm","p_w_given_topic":0.022551},{"token":"1145nm","p_w_given_topic":0.020942},{"token":"0752nm","p_w_given_topic":0.020764},{"token":"0669nm","p_w_given_topic":0.019948},{"token":"0710nm","p_w_given_topic":0.019832},{"token":"0917nm","p_w_given_topic":0.01982},{"token":"0948nm","p_w_given_topic":0.01921},{"token":"1186nm","p_w_given_topic":0.018427},{"token":"1372nm","p_w_given_topic":0.017861},{"token":"0617nm","p_w_given_topic":0.017173},{"token":"0938nm","p_w_given_topic":0.016651},{"token":"1434nm","p_w_given_topic":0.016562},{"token":"0990nm","p_w_given_topic":0.016202},{"token":"0845nm","p_w_given_topic":0.016007},{"token":"0803nm","p_w_given_topic":0.015869},{"token":"0586nm","p_w_given_topic":0.01558},{"token":"0979nm","p_w_given_topic":0.015452},{"token":"0793nm","p_w_given_topic":0.015408},{"token":"0824nm","p_w_given_topic":0.013809},{"token":"0876nm","p_w_given_topic":0.013487},{"token":"1300nm","p_w_given_topic":0.012999},{"token":"0834nm","p_w_given_topic":0.012666},{"token":"1310nm","p_w_given_topic":0.012616},{"token":"0897nm","p_w_given_topic":0.012505},{"token":"0855nm","p_w_given_topic":0.011822},{"token":"1279nm","p_w_given_topic":0.011606},{"token":"0679nm","p_w_given_topic":0.011162},{"token":"0866nm","p_w_given_topic":0.011151},{"token":"1166nm","p_w_given_topic":0.011106},{"token":"0534nm","p_w_given_topic":0.011062}]],"perplexity":109.8705187274943,"reconstruction_err":null,"coherence":{"top_n":15,"c_v":0.446088,"c_npmi":-0.655092,"u_mass":-4.3e-05},"topic_distance_js":[[0.0,0.149849,0.164947,0.161469,0.164491,0.176927],[0.149849,0.0,0.157067,0.158053,0.161207,0.180147],[0.164947,0.157067,0.0,0.165028,0.157901,0.149052],[0.161469,0.158053,0.165028,0.0,0.171914,0.157722],[0.164491,0.161207,0.157901,0.171914,0.0,0.157927],[0.176927,0.180147,0.149052,0.157722,0.157927,0.0]],"topic_intertopic_2d_js":[[0.023033,0.236064],[-0.229528,-0.098948],[-0.024395,-0.25372],[0.185291,-0.13653],[-0.205813,0.158273],[0.251411,0.094862]],"K_live":null,"topic_correlation":[[[1.0,0.0019123295787721872,0.0551232248544693,0.05418364703655243,0.06176755949854851,0.024013645946979523],[0.0019123295787721872,1.0,0.015880847349762917,0.04599621891975403,0.04094957932829857,0.03873404487967491],[0.0551232248544693,0.015880847349762917,1.0,0.026699727401137352,0.04680459946393967,0.030346615239977837],[0.05418364703655243,0.04599621891975403,0.026699727401137352,1.0,0.018856508657336235,0.047351155430078506],[0.06176755949854851,0.04094957932829857,0.04680459946393967,0.018856508657336235,1.0,0.027554966509342194],[0.024013645946979523,0.03873404487967491,0.030346615239977837,0.047351155430078506,0.027554966509342194,1.0]],[[0.0,0.0,2.1019476964872256e-44,0.0,2.6223005988867953e-09,3.9255975179595425e-41],[0.0,0.0,0.0,0.0,2.1019476964872256e-44,0.0],[2.6223005988867953e-09,3.9255975179595425e-41,0.0,0.0,0.0,0.0],[2.1019476964872256e-44,0.0,2.6223005988867953e-09,3.9255975179595425e-41,0.0,0.0],[0.0,0.0,2.1019476964872256e-44,0.0,1.0547410056460649e-08,3.9255975179595425e-41],[0.0,0.0,0.0,0.0,2.1019476964872256e-44,0.0]]],"wavelengths_nm":[400.0,410.34,420.69,431.03,441.38,451.72,462.07,472.41,482.76,493.1,503.45,513.79,524.14,534.48,544.83,555.17,565.52,575.86,586.21,596.55,606.9,617.24,627.59,637.93,648.28,658.62,668.97,679.31,689.66,700.0,710.34,720.69,731.03,741.38,751.72,762.07,772.41,782.76,793.1,803.45,813.79,824.14,834.48,844.83,855.17,865.52,875.86,886.21,896.55,906.9,917.24,927.59,937.93,948.28,958.62,968.97,979.31,989.66,1000.0,1010.34,1020.69,1031.03,1041.38,1051.72,1062.07,1072.41,1082.76,1093.1,1103.45,1113.79,1124.14,1134.48,1144.83,1155.17,1165.52,1175.86,1186.21,1196.55,1206.9,1217.24,1227.59,1237.93,1248.28,1258.62,1268.97,1279.31,1289.66,1300.0,1310.34,1320.69,1331.03,1341.38,1351.72,1362.07,1372.41,1382.76,1393.1,1403.45,1413.79,1424.14,1434.48,1444.83,1455.17,1465.52,1475.86,1486.21,1496.55,1506.9,1517.24,1527.59,1537.93,1548.28,1558.62,1568.97,1579.31,1589.66,1600.0,1610.34,1620.69,1631.03,1641.38,1651.72,1662.07,1672.41,1682.76,1693.1,1703.45,1713.79,1724.14,1734.48,1744.83,1755.17,1765.52,1775.86,1786.21,1796.55,1806.9,1817.24,1827.59,1837.93,1848.28,1858.62,1868.97,1879.31,1889.66,1900.0,1910.34,1920.69,1931.03,1941.38,1951.72,1962.07,1972.41,1982.76,1993.1,2003.45,2013.79,2024.14,2034.48,2044.83,2055.17,2065.52,2075.86,2086.21,2096.55,2106.9,2117.24,2127.59,2137.93,2148.28,2158.62,2168.97,2179.31,2189.66,2200.0,2210.34,2220.69,2231.03,2241.38,2251.72,2262.07,2272.41,2282.76,2293.1,2303.45,2313.79,2324.14,2334.48,2344.83,2355.17,2365.52,2375.86,2386.21,2396.55,2406.9,2417.24,2427.59,2437.93,2448.28,2458.62,2468.97,2479.31,2489.66,2500.0],"generated_at":"2026-05-04T04:16:00Z","builder_version":"build_topic_model_variants v0.1"}