{"scene_id":"salinas-a-corrected","variant":"tomotopy_ctm","topic_count":6,"vocabulary_size":204,"document_count":1320,"topic_prevalence":[0.164814,0.168423,0.165883,0.166451,0.16962,0.164809],"top_words_per_topic":[[{"token":"1393nm","p_w_given_topic":0.022821},{"token":"1372nm","p_w_given_topic":0.021948},{"token":"0783nm","p_w_given_topic":0.021932},{"token":"0959nm","p_w_given_topic":0.01991},{"token":"0814nm","p_w_given_topic":0.019882},{"token":"0938nm","p_w_given_topic":0.019843},{"token":"1403nm","p_w_given_topic":0.019215},{"token":"0824nm","p_w_given_topic":0.01896},{"token":"0648nm","p_w_given_topic":0.018338},{"token":"1145nm","p_w_given_topic":0.016793},{"token":"0855nm","p_w_given_topic":0.01676},{"token":"0607nm","p_w_given_topic":0.016738},{"token":"0752nm","p_w_given_topic":0.014932},{"token":"0700nm","p_w_given_topic":0.014277},{"token":"0524nm","p_w_given_topic":0.014082},{"token":"0866nm","p_w_given_topic":0.013877},{"token":"1093nm","p_w_given_topic":0.013721},{"token":"0969nm","p_w_given_topic":0.013466},{"token":"0659nm","p_w_given_topic":0.013416},{"token":"0803nm","p_w_given_topic":0.013271},{"token":"0669nm","p_w_given_topic":0.013088},{"token":"0483nm","p_w_given_topic":0.013005},{"token":"0876nm","p_w_given_topic":0.012988},{"token":"1083nm","p_w_given_topic":0.012938},{"token":"0907nm","p_w_given_topic":0.012938},{"token":"0586nm","p_w_given_topic":0.012866},{"token":"0772nm","p_w_given_topic":0.012844},{"token":"0710nm","p_w_given_topic":0.012732},{"token":"1155nm","p_w_given_topic":0.012332},{"token":"0679nm","p_w_given_topic":0.011638}],[{"token":"0990nm","p_w_given_topic":0.027095},{"token":"0855nm","p_w_given_topic":0.024525},{"token":"0597nm","p_w_given_topic":0.024437},{"token":"1352nm","p_w_given_topic":0.023469},{"token":"0793nm","p_w_given_topic":0.022241},{"token":"1093nm","p_w_given_topic":0.02162},{"token":"1062nm","p_w_given_topic":0.021339},{"token":"0928nm","p_w_given_topic":0.018665},{"token":"0876nm","p_w_given_topic":0.01834},{"token":"0545nm","p_w_given_topic":0.01642},{"token":"0576nm","p_w_given_topic":0.016233},{"token":"1124nm","p_w_given_topic":0.016172},{"token":"0431nm","p_w_given_topic":0.016134},{"token":"0834nm","p_w_given_topic":0.015903},{"token":"1103nm","p_w_given_topic":0.015765},{"token":"0659nm","p_w_given_topic":0.015567},{"token":"0814nm","p_w_given_topic":0.015561},{"token":"0710nm","p_w_given_topic":0.01418},{"token":"0979nm","p_w_given_topic":0.014136},{"token":"1186nm","p_w_given_topic":0.013801},{"token":"1072nm","p_w_given_topic":0.013366},{"token":"1083nm","p_w_given_topic":0.01275},{"token":"0617nm","p_w_given_topic":0.012524},{"token":"0948nm","p_w_given_topic":0.012502},{"token":"0824nm","p_w_given_topic":0.01226},{"token":"1041nm","p_w_given_topic":0.012051},{"token":"0669nm","p_w_given_topic":0.011908},{"token":"0938nm","p_w_given_topic":0.01144},{"token":"0514nm","p_w_given_topic":0.011247},{"token":"0503nm","p_w_given_topic":0.011148}],[{"token":"0772nm","p_w_given_topic":0.02575},{"token":"0969nm","p_w_given_topic":0.024803},{"token":"1000nm","p_w_given_topic":0.021846},{"token":"0824nm","p_w_given_topic":0.018426},{"token":"0845nm","p_w_given_topic":0.017824},{"token":"1124nm","p_w_given_topic":0.017729},{"token":"1176nm","p_w_given_topic":0.017228},{"token":"0617nm","p_w_given_topic":0.016927},{"token":"0928nm","p_w_given_topic":0.016409},{"token":"1155nm","p_w_given_topic":0.015719},{"token":"0917nm","p_w_given_topic":0.015312},{"token":"0855nm","p_w_given_topic":0.014944},{"token":"1114nm","p_w_given_topic":0.014671},{"token":"0514nm","p_w_given_topic":0.01427},{"token":"0866nm","p_w_given_topic":0.013814},{"token":"0679nm","p_w_given_topic":0.012638},{"token":"0762nm","p_w_given_topic":0.012477},{"token":"0752nm","p_w_given_topic":0.012455},{"token":"0534nm","p_w_given_topic":0.012349},{"token":"0897nm","p_w_given_topic":0.012287},{"token":"1010nm","p_w_given_topic":0.012209},{"token":"0876nm","p_w_given_topic":0.011937},{"token":"0814nm","p_w_given_topic":0.011886},{"token":"0938nm","p_w_given_topic":0.011636},{"token":"1290nm","p_w_given_topic":0.011452},{"token":"1072nm","p_w_given_topic":0.011446},{"token":"0979nm","p_w_given_topic":0.011352},{"token":"0741nm","p_w_given_topic":0.011157},{"token":"1259nm","p_w_given_topic":0.011151},{"token":"0886nm","p_w_given_topic":0.010577}],[{"token":"0886nm","p_w_given_topic":0.034229},{"token":"0690nm","p_w_given_topic":0.028903},{"token":"0928nm","p_w_given_topic":0.023432},{"token":"0741nm","p_w_given_topic":0.022157},{"token":"0845nm","p_w_given_topic":0.02107},{"token":"1166nm","p_w_given_topic":0.020783},{"token":"0959nm","p_w_given_topic":0.02022},{"token":"1300nm","p_w_given_topic":0.020004},{"token":"1434nm","p_w_given_topic":0.018343},{"token":"0866nm","p_w_given_topic":0.017923},{"token":"1341nm","p_w_given_topic":0.017515},{"token":"1134nm","p_w_given_topic":0.016323},{"token":"0566nm","p_w_given_topic":0.016256},{"token":"0803nm","p_w_given_topic":0.015511},{"token":"1321nm","p_w_given_topic":0.015108},{"token":"0824nm","p_w_given_topic":0.014391},{"token":"1176nm","p_w_given_topic":0.014341},{"token":"0979nm","p_w_given_topic":0.013966},{"token":"1103nm","p_w_given_topic":0.013248},{"token":"0762nm","p_w_given_topic":0.01284},{"token":"0576nm","p_w_given_topic":0.01258},{"token":"0555nm","p_w_given_topic":0.012486},{"token":"0752nm","p_w_given_topic":0.012238},{"token":"1331nm","p_w_given_topic":0.012094},{"token":"1290nm","p_w_given_topic":0.011951},{"token":"0628nm","p_w_given_topic":0.011807},{"token":"0948nm","p_w_given_topic":0.011598},{"token":"0472nm","p_w_given_topic":0.010957},{"token":"1062nm","p_w_given_topic":0.010786},{"token":"1693nm","p_w_given_topic":0.01056}],[{"token":"0917nm","p_w_given_topic":0.031718},{"token":"0897nm","p_w_given_topic":0.024535},{"token":"0969nm","p_w_given_topic":0.023801},{"token":"1166nm","p_w_given_topic":0.02265},{"token":"0586nm","p_w_given_topic":0.021319},{"token":"0814nm","p_w_given_topic":0.020393},{"token":"1134nm","p_w_given_topic":0.019719},{"token":"0803nm","p_w_given_topic":0.019341},{"token":"0855nm","p_w_given_topic":0.019105},{"token":"1124nm","p_w_given_topic":0.019089},{"token":"1279nm","p_w_given_topic":0.019056},{"token":"0959nm","p_w_given_topic":0.017023},{"token":"0876nm","p_w_given_topic":0.016168},{"token":"0493nm","p_w_given_topic":0.016042},{"token":"1269nm","p_w_given_topic":0.015434},{"token":"0452nm","p_w_given_topic":0.015297},{"token":"1155nm","p_w_given_topic":0.015242},{"token":"0928nm","p_w_given_topic":0.015149},{"token":"1186nm","p_w_given_topic":0.014859},{"token":"0793nm","p_w_given_topic":0.014256},{"token":"1010nm","p_w_given_topic":0.01418},{"token":"0628nm","p_w_given_topic":0.013478},{"token":"0731nm","p_w_given_topic":0.013193},{"token":"0824nm","p_w_given_topic":0.012876},{"token":"0648nm","p_w_given_topic":0.012722},{"token":"1310nm","p_w_given_topic":0.012388},{"token":"0866nm","p_w_given_topic":0.012114},{"token":"1383nm","p_w_given_topic":0.011851},{"token":"1362nm","p_w_given_topic":0.011621},{"token":"1083nm","p_w_given_topic":0.011533}],[{"token":"1145nm","p_w_given_topic":0.026138},{"token":"0907nm","p_w_given_topic":0.024953},{"token":"0948nm","p_w_given_topic":0.024533},{"token":"0866nm","p_w_given_topic":0.022218},{"token":"0938nm","p_w_given_topic":0.020909},{"token":"0731nm","p_w_given_topic":0.019869},{"token":"0845nm","p_w_given_topic":0.01936},{"token":"0917nm","p_w_given_topic":0.01917},{"token":"0638nm","p_w_given_topic":0.01907},{"token":"0690nm","p_w_given_topic":0.01907},{"token":"0990nm","p_w_given_topic":0.016329},{"token":"0503nm","p_w_given_topic":0.01534},{"token":"1207nm","p_w_given_topic":0.015295},{"token":"0959nm","p_w_given_topic":0.015071},{"token":"1114nm","p_w_given_topic":0.014657},{"token":"0876nm","p_w_given_topic":0.014406},{"token":"0721nm","p_w_given_topic":0.014372},{"token":"1072nm","p_w_given_topic":0.013718},{"token":"1093nm","p_w_given_topic":0.012465},{"token":"1103nm","p_w_given_topic":0.012079},{"token":"0472nm","p_w_given_topic":0.012068},{"token":"0566nm","p_w_given_topic":0.011179},{"token":"0555nm","p_w_given_topic":0.011045},{"token":"0814nm","p_w_given_topic":0.010821},{"token":"0441nm","p_w_given_topic":0.010569},{"token":"0886nm","p_w_given_topic":0.010553},{"token":"1310nm","p_w_given_topic":0.010491},{"token":"0545nm","p_w_given_topic":0.010402},{"token":"1466nm","p_w_given_topic":0.010262},{"token":"1321nm","p_w_given_topic":0.0102}]],"perplexity":107.12833137602802,"reconstruction_err":null,"coherence":{"top_n":15,"c_v":0.430614,"c_npmi":-0.651235,"u_mass":-3.8e-05},"topic_distance_js":[[0.0,0.163773,0.167508,0.179754,0.176396,0.169499],[0.163773,0.0,0.169525,0.192743,0.165221,0.169073],[0.167508,0.169525,0.0,0.181185,0.163305,0.176954],[0.179754,0.192743,0.181185,0.0,0.188375,0.183935],[0.176396,0.165221,0.163305,0.188375,0.0,0.19199],[0.169499,0.169073,0.176954,0.183935,0.19199,0.0]],"topic_intertopic_2d_js":[[0.030166,0.226603],[-0.234787,-0.088106],[-0.041253,-0.256151],[0.213561,-0.164021],[-0.220757,0.168146],[0.253071,0.113529]],"K_live":null,"topic_correlation":[[[1.0,0.01057399157434702,0.024881834164261818,-0.038859449326992035,0.019809167832136154,0.037733886390924454],[0.01057399157434702,1.0,0.031710185110569,0.03592897579073906,0.010131102986633778,0.02953481674194336],[0.024881834164261818,0.031710185110569,1.0,0.03355532884597778,-0.0011877358192577958,0.017289238050580025],[-0.038859449326992035,0.03592897579073906,0.03355532884597778,1.0,0.025681691244244576,0.03278253600001335],[0.019809167832136154,0.010131102986633778,-0.0011877358192577958,0.025681691244244576,1.0,-0.007449640892446041],[0.037733886390924454,0.02953481674194336,0.017289238050580025,0.03278253600001335,-0.007449640892446041,1.0]],[[5.605193857299268e-45,3.6573889918877726e-43,5.605193857299268e-45,2.2701035122062037e-43,4.203895392974451e-45,1.1350517561031018e-43],[1.2191296639625909e-43,1.7095841264762768e-43,2.802596928649634e-45,5.9555184733804726e-43,4.203895392974451e-45,1.793662034335766e-43],[1.6815581571897805e-44,1.401298464324817e-45,1.401298464324817e-45,1.401298464324817e-45,1.401298464324817e-45,1.401298464324817e-45],[1.401298464324817e-45,3.60133705331478e-43,3.9796876386824805e-43,4.484155085839415e-43,7.81924543093248e-43,8.323712878089413e-43],[5.731310719088502e-43,2.718519020790145e-43,1.807675018979014e-43,1.9478048654114957e-43,1.9478048654114957e-43,2.0038568039844884e-43],[2.1159606811304738e-43,2.45227231256843e-43,2.7745709593631378e-43,3.6573889918877726e-43,3.839557792249999e-43,3.993700623325729e-43]]],"wavelengths_nm":[400.0,410.34,420.69,431.03,441.38,451.72,462.07,472.41,482.76,493.1,503.45,513.79,524.14,534.48,544.83,555.17,565.52,575.86,586.21,596.55,606.9,617.24,627.59,637.93,648.28,658.62,668.97,679.31,689.66,700.0,710.34,720.69,731.03,741.38,751.72,762.07,772.41,782.76,793.1,803.45,813.79,824.14,834.48,844.83,855.17,865.52,875.86,886.21,896.55,906.9,917.24,927.59,937.93,948.28,958.62,968.97,979.31,989.66,1000.0,1010.34,1020.69,1031.03,1041.38,1051.72,1062.07,1072.41,1082.76,1093.1,1103.45,1113.79,1124.14,1134.48,1144.83,1155.17,1165.52,1175.86,1186.21,1196.55,1206.9,1217.24,1227.59,1237.93,1248.28,1258.62,1268.97,1279.31,1289.66,1300.0,1310.34,1320.69,1331.03,1341.38,1351.72,1362.07,1372.41,1382.76,1393.1,1403.45,1413.79,1424.14,1434.48,1444.83,1455.17,1465.52,1475.86,1486.21,1496.55,1506.9,1517.24,1527.59,1537.93,1548.28,1558.62,1568.97,1579.31,1589.66,1600.0,1610.34,1620.69,1631.03,1641.38,1651.72,1662.07,1672.41,1682.76,1693.1,1703.45,1713.79,1724.14,1734.48,1744.83,1755.17,1765.52,1775.86,1786.21,1796.55,1806.9,1817.24,1827.59,1837.93,1848.28,1858.62,1868.97,1879.31,1889.66,1900.0,1910.34,1920.69,1931.03,1941.38,1951.72,1962.07,1972.41,1982.76,1993.1,2003.45,2013.79,2024.14,2034.48,2044.83,2055.17,2065.52,2075.86,2086.21,2096.55,2106.9,2117.24,2127.59,2137.93,2148.28,2158.62,2168.97,2179.31,2189.66,2200.0,2210.34,2220.69,2231.03,2241.38,2251.72,2262.07,2272.41,2282.76,2293.1,2303.45,2313.79,2324.14,2334.48,2344.83,2355.17,2365.52,2375.86,2386.21,2396.55,2406.9,2417.24,2427.59,2437.93,2448.28,2458.62,2468.97,2479.31,2489.66,2500.0],"generated_at":"2026-05-06T00:58:35Z","builder_version":"build_topic_model_variants v0.1"}