{"scene_id":"salinas-corrected","variant":"tomotopy_ctm","topic_count":12,"vocabulary_size":204,"document_count":3520,"topic_prevalence":[0.084238,0.08299,0.08356,0.083248,0.08236,0.084456,0.083338,0.082162,0.083288,0.083402,0.08337,0.083589],"top_words_per_topic":[[{"token":"0917nm","p_w_given_topic":0.031066},{"token":"0814nm","p_w_given_topic":0.027862},{"token":"1124nm","p_w_given_topic":0.023781},{"token":"1062nm","p_w_given_topic":0.023321},{"token":"0679nm","p_w_given_topic":0.022829},{"token":"0772nm","p_w_given_topic":0.02049},{"token":"0845nm","p_w_given_topic":0.020366},{"token":"0876nm","p_w_given_topic":0.020117},{"token":"0938nm","p_w_given_topic":0.019927},{"token":"0834nm","p_w_given_topic":0.018118},{"token":"0855nm","p_w_given_topic":0.017601},{"token":"0803nm","p_w_given_topic":0.017539},{"token":"0948nm","p_w_given_topic":0.017241},{"token":"0928nm","p_w_given_topic":0.016698},{"token":"1703nm","p_w_given_topic":0.016015},{"token":"0824nm","p_w_given_topic":0.01568},{"token":"0617nm","p_w_given_topic":0.015324},{"token":"1010nm","p_w_given_topic":0.015158},{"token":"0969nm","p_w_given_topic":0.015154},{"token":"1093nm","p_w_given_topic":0.014732},{"token":"0897nm","p_w_given_topic":0.014728},{"token":"0503nm","p_w_given_topic":0.013888},{"token":"0793nm","p_w_given_topic":0.013118},{"token":"1031nm","p_w_given_topic":0.012671},{"token":"0514nm","p_w_given_topic":0.011189},{"token":"0959nm","p_w_given_topic":0.01082},{"token":"0483nm","p_w_given_topic":0.010796},{"token":"0866nm","p_w_given_topic":0.010791},{"token":"1300nm","p_w_given_topic":0.010568},{"token":"0545nm","p_w_given_topic":0.010522}],[{"token":"0886nm","p_w_given_topic":0.034985},{"token":"0969nm","p_w_given_topic":0.023022},{"token":"0876nm","p_w_given_topic":0.021853},{"token":"0793nm","p_w_given_topic":0.019421},{"token":"1114nm","p_w_given_topic":0.018719},{"token":"0917nm","p_w_given_topic":0.018632},{"token":"0607nm","p_w_given_topic":0.01836},{"token":"0741nm","p_w_given_topic":0.017807},{"token":"0814nm","p_w_given_topic":0.017728},{"token":"0534nm","p_w_given_topic":0.016766},{"token":"0803nm","p_w_given_topic":0.016151},{"token":"0617nm","p_w_given_topic":0.015886},{"token":"0907nm","p_w_given_topic":0.015779},{"token":"0938nm","p_w_given_topic":0.015506},{"token":"0493nm","p_w_given_topic":0.014135},{"token":"0700nm","p_w_given_topic":0.014032},{"token":"0824nm","p_w_given_topic":0.013978},{"token":"0586nm","p_w_given_topic":0.013619},{"token":"1321nm","p_w_given_topic":0.013524},{"token":"0783nm","p_w_given_topic":0.013281},{"token":"0669nm","p_w_given_topic":0.013268},{"token":"1807nm","p_w_given_topic":0.012971},{"token":"1062nm","p_w_given_topic":0.012863},{"token":"0648nm","p_w_given_topic":0.012641},{"token":"0659nm","p_w_given_topic":0.012418},{"token":"1134nm","p_w_given_topic":0.012207},{"token":"1124nm","p_w_given_topic":0.01212},{"token":"1724nm","p_w_given_topic":0.01186},{"token":"1197nm","p_w_given_topic":0.011575},{"token":"0524nm","p_w_given_topic":0.011265}],[{"token":"0824nm","p_w_given_topic":0.029025},{"token":"0928nm","p_w_given_topic":0.024516},{"token":"0948nm","p_w_given_topic":0.020382},{"token":"1103nm","p_w_given_topic":0.020043},{"token":"0545nm","p_w_given_topic":0.019956},{"token":"0969nm","p_w_given_topic":0.018646},{"token":"0803nm","p_w_given_topic":0.017501},{"token":"1176nm","p_w_given_topic":0.017175},{"token":"0659nm","p_w_given_topic":0.016245},{"token":"0959nm","p_w_given_topic":0.015848},{"token":"0907nm","p_w_given_topic":0.015678},{"token":"0555nm","p_w_given_topic":0.01541},{"token":"1083nm","p_w_given_topic":0.015058},{"token":"0845nm","p_w_given_topic":0.014996},{"token":"0866nm","p_w_given_topic":0.014608},{"token":"1072nm","p_w_given_topic":0.014467},{"token":"0586nm","p_w_given_topic":0.014463},{"token":"0917nm","p_w_given_topic":0.014285},{"token":"1434nm","p_w_given_topic":0.014256},{"token":"0814nm","p_w_given_topic":0.014},{"token":"0886nm","p_w_given_topic":0.013525},{"token":"0503nm","p_w_given_topic":0.01345},{"token":"0772nm","p_w_given_topic":0.012859},{"token":"1052nm","p_w_given_topic":0.01283},{"token":"0721nm","p_w_given_topic":0.012471},{"token":"0938nm","p_w_given_topic":0.011669},{"token":"0731nm","p_w_given_topic":0.011565},{"token":"0638nm","p_w_given_topic":0.011499},{"token":"1166nm","p_w_given_topic":0.011032},{"token":"0493nm","p_w_given_topic":0.010954}],[{"token":"0938nm","p_w_given_topic":0.027912},{"token":"0452nm","p_w_given_topic":0.022871},{"token":"0990nm","p_w_given_topic":0.022107},{"token":"0928nm","p_w_given_topic":0.021384},{"token":"0566nm","p_w_given_topic":0.021108},{"token":"0597nm","p_w_given_topic":0.020125},{"token":"0762nm","p_w_given_topic":0.02008},{"token":"1186nm","p_w_given_topic":0.019196},{"token":"0607nm","p_w_given_topic":0.018102},{"token":"0897nm","p_w_given_topic":0.017743},{"token":"0576nm","p_w_given_topic":0.017115},{"token":"0907nm","p_w_given_topic":0.01688},{"token":"0845nm","p_w_given_topic":0.016797},{"token":"0638nm","p_w_given_topic":0.016698},{"token":"0979nm","p_w_given_topic":0.016091},{"token":"0803nm","p_w_given_topic":0.015868},{"token":"0783nm","p_w_given_topic":0.015744},{"token":"0917nm","p_w_given_topic":0.015571},{"token":"0617nm","p_w_given_topic":0.015298},{"token":"0793nm","p_w_given_topic":0.015001},{"token":"0483nm","p_w_given_topic":0.014555},{"token":"0628nm","p_w_given_topic":0.014324},{"token":"1010nm","p_w_given_topic":0.013965},{"token":"0679nm","p_w_given_topic":0.013651},{"token":"1279nm","p_w_given_topic":0.013225},{"token":"0855nm","p_w_given_topic":0.013011},{"token":"0886nm","p_w_given_topic":0.012858},{"token":"1083nm","p_w_given_topic":0.012606},{"token":"1403nm","p_w_given_topic":0.011978},{"token":"0876nm","p_w_given_topic":0.011128}],[{"token":"1093nm","p_w_given_topic":0.026971},{"token":"1103nm","p_w_given_topic":0.026863},{"token":"0772nm","p_w_given_topic":0.022195},{"token":"0886nm","p_w_given_topic":0.019273},{"token":"0876nm","p_w_given_topic":0.018902},{"token":"0731nm","p_w_given_topic":0.018819},{"token":"0907nm","p_w_given_topic":0.017522},{"token":"0979nm","p_w_given_topic":0.016935},{"token":"1166nm","p_w_given_topic":0.016885},{"token":"0762nm","p_w_given_topic":0.01676},{"token":"0866nm","p_w_given_topic":0.015476},{"token":"0700nm","p_w_given_topic":0.014692},{"token":"1052nm","p_w_given_topic":0.014601},{"token":"0597nm","p_w_given_topic":0.01385},{"token":"1155nm","p_w_given_topic":0.013842},{"token":"0690nm","p_w_given_topic":0.013509},{"token":"1124nm","p_w_given_topic":0.013425},{"token":"0741nm","p_w_given_topic":0.013375},{"token":"0959nm","p_w_given_topic":0.013242},{"token":"0824nm","p_w_given_topic":0.012963},{"token":"0721nm","p_w_given_topic":0.012838},{"token":"0969nm","p_w_given_topic":0.012596},{"token":"0669nm","p_w_given_topic":0.01205},{"token":"1134nm","p_w_given_topic":0.011733},{"token":"0607nm","p_w_given_topic":0.011671},{"token":"1010nm","p_w_given_topic":0.011591},{"token":"0814nm","p_w_given_topic":0.011583},{"token":"0628nm","p_w_given_topic":0.011508},{"token":"1072nm","p_w_given_topic":0.011204},{"token":"1031nm","p_w_given_topic":0.011137}],[{"token":"0907nm","p_w_given_topic":0.025189},{"token":"0566nm","p_w_given_topic":0.022527},{"token":"0866nm","p_w_given_topic":0.022511},{"token":"0834nm","p_w_given_topic":0.021355},{"token":"0979nm","p_w_given_topic":0.021297},{"token":"0803nm","p_w_given_topic":0.020043},{"token":"0855nm","p_w_given_topic":0.019676},{"token":"0824nm","p_w_given_topic":0.01892},{"token":"1145nm","p_w_given_topic":0.018854},{"token":"1279nm","p_w_given_topic":0.018549},{"token":"1372nm","p_w_given_topic":0.017352},{"token":"0928nm","p_w_given_topic":0.01713},{"token":"1352nm","p_w_given_topic":0.016912},{"token":"0586nm","p_w_given_topic":0.016784},{"token":"0959nm","p_w_given_topic":0.016451},{"token":"0876nm","p_w_given_topic":0.016139},{"token":"1176nm","p_w_given_topic":0.015978},{"token":"0845nm","p_w_given_topic":0.015703},{"token":"0628nm","p_w_given_topic":0.014065},{"token":"0576nm","p_w_given_topic":0.013617},{"token":"1310nm","p_w_given_topic":0.013399},{"token":"0524nm","p_w_given_topic":0.013358},{"token":"1331nm","p_w_given_topic":0.013057},{"token":"1134nm","p_w_given_topic":0.013057},{"token":"1083nm","p_w_given_topic":0.012848},{"token":"0793nm","p_w_given_topic":0.012835},{"token":"1641nm","p_w_given_topic":0.01235},{"token":"1155nm","p_w_given_topic":0.012152},{"token":"0814nm","p_w_given_topic":0.011399},{"token":"0969nm","p_w_given_topic":0.011399}],[{"token":"0990nm","p_w_given_topic":0.027269},{"token":"0690nm","p_w_given_topic":0.025084},{"token":"0897nm","p_w_given_topic":0.024639},{"token":"0948nm","p_w_given_topic":0.022433},{"token":"0855nm","p_w_given_topic":0.01858},{"token":"0731nm","p_w_given_topic":0.018469},{"token":"1010nm","p_w_given_topic":0.017609},{"token":"0514nm","p_w_given_topic":0.017341},{"token":"1114nm","p_w_given_topic":0.016979},{"token":"0783nm","p_w_given_topic":0.015588},{"token":"0441nm","p_w_given_topic":0.014518},{"token":"0938nm","p_w_given_topic":0.014398},{"token":"1403nm","p_w_given_topic":0.014209},{"token":"0803nm","p_w_given_topic":0.013386},{"token":"0700nm","p_w_given_topic":0.013361},{"token":"0555nm","p_w_given_topic":0.013299},{"token":"0617nm","p_w_given_topic":0.013102},{"token":"0824nm","p_w_given_topic":0.012653},{"token":"1321nm","p_w_given_topic":0.012628},{"token":"0545nm","p_w_given_topic":0.012583},{"token":"1000nm","p_w_given_topic":0.012439},{"token":"0741nm","p_w_given_topic":0.012233},{"token":"1352nm","p_w_given_topic":0.012081},{"token":"0752nm","p_w_given_topic":0.011785},{"token":"0576nm","p_w_given_topic":0.011743},{"token":"1300nm","p_w_given_topic":0.011743},{"token":"1072nm","p_w_given_topic":0.01141},{"token":"1166nm","p_w_given_topic":0.011369},{"token":"0959nm","p_w_given_topic":0.010949},{"token":"1197nm","p_w_given_topic":0.010895}],[{"token":"0866nm","p_w_given_topic":0.021413},{"token":"0855nm","p_w_given_topic":0.020848},{"token":"1145nm","p_w_given_topic":0.020773},{"token":"1786nm","p_w_given_topic":0.019797},{"token":"0659nm","p_w_given_topic":0.018419},{"token":"0710nm","p_w_given_topic":0.018381},{"token":"1393nm","p_w_given_topic":0.017887},{"token":"0917nm","p_w_given_topic":0.017717},{"token":"1166nm","p_w_given_topic":0.017572},{"token":"0948nm","p_w_given_topic":0.016928},{"token":"0772nm","p_w_given_topic":0.016858},{"token":"0721nm","p_w_given_topic":0.016571},{"token":"1000nm","p_w_given_topic":0.015135},{"token":"0628nm","p_w_given_topic":0.014939},{"token":"1062nm","p_w_given_topic":0.0144},{"token":"0979nm","p_w_given_topic":0.014192},{"token":"0576nm","p_w_given_topic":0.01418},{"token":"0845nm","p_w_given_topic":0.014047},{"token":"0483nm","p_w_given_topic":0.014047},{"token":"0534nm","p_w_given_topic":0.013935},{"token":"0907nm","p_w_given_topic":0.013279},{"token":"1155nm","p_w_given_topic":0.013212},{"token":"1186nm","p_w_given_topic":0.012926},{"token":"1083nm","p_w_given_topic":0.012357},{"token":"1124nm","p_w_given_topic":0.012224},{"token":"0669nm","p_w_given_topic":0.012141},{"token":"0472nm","p_w_given_topic":0.011493},{"token":"0814nm","p_w_given_topic":0.011344},{"token":"0928nm","p_w_given_topic":0.011157},{"token":"1755nm","p_w_given_topic":0.011107}],[{"token":"0855nm","p_w_given_topic":0.030111},{"token":"0969nm","p_w_given_topic":0.020237},{"token":"1124nm","p_w_given_topic":0.018406},{"token":"0710nm","p_w_given_topic":0.016167},{"token":"0928nm","p_w_given_topic":0.015998},{"token":"1259nm","p_w_given_topic":0.015485},{"token":"1290nm","p_w_given_topic":0.01532},{"token":"0876nm","p_w_given_topic":0.015213},{"token":"1052nm","p_w_given_topic":0.015101},{"token":"0721nm","p_w_given_topic":0.014518},{"token":"0866nm","p_w_given_topic":0.014477},{"token":"0990nm","p_w_given_topic":0.014047},{"token":"0959nm","p_w_given_topic":0.013816},{"token":"0845nm","p_w_given_topic":0.013696},{"token":"1083nm","p_w_given_topic":0.013399},{"token":"0472nm","p_w_given_topic":0.013275},{"token":"0814nm","p_w_given_topic":0.01311},{"token":"0493nm","p_w_given_topic":0.012953},{"token":"0938nm","p_w_given_topic":0.012651},{"token":"1114nm","p_w_given_topic":0.012651},{"token":"1455nm","p_w_given_topic":0.012643},{"token":"0886nm","p_w_given_topic":0.011924},{"token":"1766nm","p_w_given_topic":0.01187},{"token":"0834nm","p_w_given_topic":0.011862},{"token":"0824nm","p_w_given_topic":0.011837},{"token":"0545nm","p_w_given_topic":0.011759},{"token":"0679nm","p_w_given_topic":0.011511},{"token":"0752nm","p_w_given_topic":0.011445},{"token":"0586nm","p_w_given_topic":0.011428},{"token":"0907nm","p_w_given_topic":0.011312}],[{"token":"0783nm","p_w_given_topic":0.02773},{"token":"0959nm","p_w_given_topic":0.026008},{"token":"0928nm","p_w_given_topic":0.023991},{"token":"1269nm","p_w_given_topic":0.02162},{"token":"1166nm","p_w_given_topic":0.021616},{"token":"0555nm","p_w_given_topic":0.020027},{"token":"1114nm","p_w_given_topic":0.019803},{"token":"0886nm","p_w_given_topic":0.019433},{"token":"1000nm","p_w_given_topic":0.018592},{"token":"0638nm","p_w_given_topic":0.017224},{"token":"1010nm","p_w_given_topic":0.016604},{"token":"0938nm","p_w_given_topic":0.016151},{"token":"0866nm","p_w_given_topic":0.01613},{"token":"1145nm","p_w_given_topic":0.015876},{"token":"1362nm","p_w_given_topic":0.015049},{"token":"0803nm","p_w_given_topic":0.014495},{"token":"0979nm","p_w_given_topic":0.014475},{"token":"0659nm","p_w_given_topic":0.014071},{"token":"1134nm","p_w_given_topic":0.013996},{"token":"1093nm","p_w_given_topic":0.013946},{"token":"1103nm","p_w_given_topic":0.013614},{"token":"0845nm","p_w_given_topic":0.013439},{"token":"0648nm","p_w_given_topic":0.013393},{"token":"1414nm","p_w_given_topic":0.013135},{"token":"0669nm","p_w_given_topic":0.012769},{"token":"1310nm","p_w_given_topic":0.012403},{"token":"0545nm","p_w_given_topic":0.011892},{"token":"0897nm","p_w_given_topic":0.011368},{"token":"1383nm","p_w_given_topic":0.011355},{"token":"0721nm","p_w_given_topic":0.011189}],[{"token":"0959nm","p_w_given_topic":0.026979},{"token":"0845nm","p_w_given_topic":0.024176},{"token":"0597nm","p_w_given_topic":0.022744},{"token":"0814nm","p_w_given_topic":0.022398},{"token":"0462nm","p_w_given_topic":0.021176},{"token":"0876nm","p_w_given_topic":0.019793},{"token":"0669nm","p_w_given_topic":0.018587},{"token":"1341nm","p_w_given_topic":0.01734},{"token":"0793nm","p_w_given_topic":0.017044},{"token":"1186nm","p_w_given_topic":0.016764},{"token":"0969nm","p_w_given_topic":0.016764},{"token":"0659nm","p_w_given_topic":0.016607},{"token":"0855nm","p_w_given_topic":0.016607},{"token":"0514nm","p_w_given_topic":0.01613},{"token":"0897nm","p_w_given_topic":0.015405},{"token":"1424nm","p_w_given_topic":0.015047},{"token":"0503nm","p_w_given_topic":0.015006},{"token":"0866nm","p_w_given_topic":0.014656},{"token":"1000nm","p_w_given_topic":0.014294},{"token":"0917nm","p_w_given_topic":0.014167},{"token":"0700nm","p_w_given_topic":0.013743},{"token":"0948nm","p_w_given_topic":0.013627},{"token":"0886nm","p_w_given_topic":0.012784},{"token":"0990nm","p_w_given_topic":0.012701},{"token":"0752nm","p_w_given_topic":0.012483},{"token":"1072nm","p_w_given_topic":0.012306},{"token":"0607nm","p_w_given_topic":0.011981},{"token":"0628nm","p_w_given_topic":0.011697},{"token":"0690nm","p_w_given_topic":0.011553},{"token":"1114nm","p_w_given_topic":0.010438}],[{"token":"0824nm","p_w_given_topic":0.026255},{"token":"0648nm","p_w_given_topic":0.025782},{"token":"1134nm","p_w_given_topic":0.023322},{"token":"1683nm","p_w_given_topic":0.016998},{"token":"0917nm","p_w_given_topic":0.016932},{"token":"0876nm","p_w_given_topic":0.015359},{"token":"1083nm","p_w_given_topic":0.015064},{"token":"1176nm","p_w_given_topic":0.014772},{"token":"0938nm","p_w_given_topic":0.014398},{"token":"1155nm","p_w_given_topic":0.014374},{"token":"0586nm","p_w_given_topic":0.014263},{"token":"0948nm","p_w_given_topic":0.01398},{"token":"1124nm","p_w_given_topic":0.013914},{"token":"0814nm","p_w_given_topic":0.013815},{"token":"1197nm","p_w_given_topic":0.013425},{"token":"1352nm","p_w_given_topic":0.013273},{"token":"1424nm","p_w_given_topic":0.013236},{"token":"1145nm","p_w_given_topic":0.013138},{"token":"0752nm","p_w_given_topic":0.013076},{"token":"0866nm","p_w_given_topic":0.01301},{"token":"0483nm","p_w_given_topic":0.012653},{"token":"0845nm","p_w_given_topic":0.012255},{"token":"0566nm","p_w_given_topic":0.012201},{"token":"0441nm","p_w_given_topic":0.01193},{"token":"0990nm","p_w_given_topic":0.011491},{"token":"1114nm","p_w_given_topic":0.011405},{"token":"1269nm","p_w_given_topic":0.011322},{"token":"0979nm","p_w_given_topic":0.01117},{"token":"1072nm","p_w_given_topic":0.011092},{"token":"0545nm","p_w_given_topic":0.010982}]],"perplexity":110.84948387713918,"reconstruction_err":null,"coherence":{"top_n":15,"c_v":0.419468,"c_npmi":-0.646834,"u_mass":-8.5e-05},"topic_distance_js":[[0.0,0.140568,0.123787,0.145544,0.135368,0.149758,0.145466,0.14716,0.129966,0.148139,0.12566,0.152667],[0.140568,0.0,0.124315,0.156217,0.125712,0.137792,0.134077,0.158966,0.14168,0.133573,0.120043,0.119913],[0.123787,0.124315,0.0,0.157257,0.130297,0.117435,0.118141,0.149174,0.122213,0.113931,0.142605,0.130483],[0.145544,0.156217,0.157257,0.0,0.152272,0.145707,0.147837,0.166031,0.153816,0.146673,0.143637,0.149244],[0.135368,0.125712,0.130297,0.152272,0.0,0.137611,0.12679,0.133947,0.125451,0.125429,0.132109,0.133776],[0.149758,0.137792,0.117435,0.145707,0.137611,0.0,0.139206,0.146749,0.13823,0.124704,0.140081,0.123768],[0.145466,0.134077,0.118141,0.147837,0.12679,0.139206,0.0,0.160289,0.128833,0.119019,0.129344,0.143306],[0.14716,0.158966,0.149174,0.166031,0.133947,0.146749,0.160289,0.0,0.134267,0.16173,0.141376,0.148602],[0.129966,0.14168,0.122213,0.153816,0.125451,0.13823,0.128833,0.134267,0.0,0.139128,0.13604,0.116587],[0.148139,0.133573,0.113931,0.146673,0.125429,0.124704,0.119019,0.16173,0.139128,0.0,0.128572,0.130365],[0.12566,0.120043,0.142605,0.143637,0.132109,0.140081,0.129344,0.141376,0.13604,0.128572,0.0,0.131094],[0.152667,0.119913,0.130483,0.149244,0.133776,0.123768,0.143306,0.148602,0.116587,0.130365,0.131094,0.0]],"topic_intertopic_2d_js":[[-0.195262,0.1934],[-0.033572,0.237052],[0.091872,-0.222671],[-0.197212,-0.200004],[0.216148,0.099928],[-0.039026,-0.245011],[-0.24481,-0.048132],[0.151415,0.247982],[0.257061,-0.061579],[-0.162382,0.035352],[0.017198,0.069209],[0.138568,-0.105525]],"K_live":null,"topic_correlation":[[[1.0,0.02798519842326641,0.054424893110990524,-0.01311947125941515,0.04387027025222778,-0.0028250233735889196,0.021791627630591393,0.02528110146522522,0.017488742247223854,0.08329795300960541,0.012597482651472092,0.03784092143177986],[0.02798519842326641,1.0,0.031010596081614494,0.012234058231115341,0.029550466686487198,0.00526096997782588,0.020617738366127014,0.017944861203432083,0.042725902050733566,0.05070669203996658,0.01767641305923462,0.02069697715342045],[0.054424893110990524,0.031010596081614494,1.0,0.05163969472050667,0.030777152627706528,-0.013244746252894402,0.026764972135424614,0.035296451300382614,0.03819981589913368,0.039181049913167953,0.029785562306642532,0.032813433557748795],[-0.01311947125941515,0.012234058231115341,0.05163969472050667,1.0,0.012914629653096199,0.015130270272493362,0.015619797632098198,0.04792073741555214,0.09659265726804733,0.03838403522968292,-0.0037318305112421513,0.01054146233946085],[0.04387027025222778,0.029550466686487198,0.030777152627706528,0.012914629653096199,1.0,0.046643175184726715,0.007868683896958828,0.027539025992155075,0.006745328661054373,0.048704080283641815,0.030293205752968788,0.03962695226073265],[-0.0028250233735889196,0.00526096997782588,-0.013244746252894402,0.015130270272493362,0.046643175184726715,1.0,0.028544601052999496,0.004556742962449789,0.034047048538923264,0.017586208879947662,0.015572210773825645,0.021844176575541496],[0.021791627630591393,0.020617738366127014,0.026764972135424614,0.015619797632098198,0.007868683896958828,0.028544601052999496,1.0,0.0282977856695652,0.04970724880695343,0.034481123089790344,0.0036995101254433393,0.04370655119419098],[0.02528110146522522,0.017944861203432083,0.035296451300382614,0.04792073741555214,0.027539025992155075,0.004556742962449789,0.0282977856695652,1.0,0.08968541026115417,0.034846752882003784,0.0013395381392911077,0.01185864582657814],[0.017488742247223854,0.042725902050733566,0.03819981589913368,0.09659265726804733,0.006745328661054373,0.034047048538923264,0.04970724880695343,0.08968541026115417,1.0,0.17310713231563568,0.02769690379500389,0.005194142460823059],[0.08329795300960541,0.05070669203996658,0.039181049913167953,0.03838403522968292,0.048704080283641815,0.017586208879947662,0.034481123089790344,0.034846752882003784,0.17310713231563568,1.0,0.03168275207281113,0.027128877118229866],[0.012597482651472092,0.01767641305923462,0.029785562306642532,-0.0037318305112421513,0.030293205752968788,0.015572210773825645,0.0036995101254433393,0.0013395381392911077,0.02769690379500389,0.03168275207281113,1.0,-0.014093808829784393],[0.03784092143177986,0.02069697715342045,0.032813433557748795,0.01054146233946085,0.03962695226073265,0.021844176575541496,0.04370655119419098,0.01185864582657814,0.005194142460823059,0.027128877118229866,-0.014093808829784393,1.0]],[[-6.000595890796382e-37,7.623063645927005e-43,-6.000595890796382e-37,7.623063645927005e-43,-6.000595890796382e-37,7.623063645927005e-43,-5.997948445633702e-37,7.623063645927005e-43,-5.997948445633702e-37,7.623063645927005e-43,-5.997948445633702e-37,7.623063645927005e-43],[-5.997948445633702e-37,7.623063645927005e-43,-5.997948445633702e-37,7.623063645927005e-43,-5.999110738631952e-37,7.623063645927005e-43,-5.999110738631952e-37,7.623063645927005e-43,-5.999110738631952e-37,7.623063645927005e-43,-5.999110738631952e-37,7.623063645927005e-43],[-5.999110738631952e-37,7.623063645927005e-43,-5.9996488372422526e-37,7.623063645927005e-43,-5.9996488372422526e-37,7.623063645927005e-43,-5.9996488372422526e-37,7.623063645927005e-43,-5.9996488372422526e-37,7.623063645927005e-43,-5.9996488372422526e-37,7.623063645927005e-43],[-6.001263133073155e-37,7.623063645927005e-43,-6.001263133073155e-37,7.623063645927005e-43,-6.001263133073155e-37,7.623063645927005e-43,-6.001263133073155e-37,7.623063645927005e-43,-6.001263133073155e-37,7.623063645927005e-43,-5.998421972410767e-37,7.623063645927005e-43],[-5.998421972410767e-37,7.623063645927005e-43,-5.998421972410767e-37,7.623063645927005e-43,-5.998421972410767e-37,7.623063645927005e-43,-5.998421972410767e-37,7.623063645927005e-43,-6.00089722601815e-37,7.623063645927005e-43,-6.00089722601815e-37,7.623063645927005e-43],[-6.00089722601815e-37,7.623063645927005e-43,-6.00089722601815e-37,7.623063645927005e-43,-6.000251507685789e-37,7.623063645927005e-43,-6.000251507685789e-37,7.623063645927005e-43,-6.000251507685789e-37,7.623063645927005e-43,-6.000251507685789e-37,7.623063645927005e-43],[-6.000617414740794e-37,7.623063645927005e-43,-6.000617414740794e-37,7.623063645927005e-43,-6.000617414740794e-37,7.623063645927005e-43,-6.000617414740794e-37,7.623063645927005e-43,-5.997238155468105e-37,7.623063645927005e-43,-5.997238155468105e-37,7.623063645927005e-43],[-5.997238155468105e-37,7.623063645927005e-43,-5.997238155468105e-37,7.623063645927005e-43,-5.997561014634286e-37,7.623063645927005e-43,-5.997561014634286e-37,7.623063645927005e-43,-5.997561014634286e-37,7.623063645927005e-43,-5.997561014634286e-37,7.623063645927005e-43],[-5.998378924521943e-37,7.623063645927005e-43,-5.998378924521943e-37,7.623063645927005e-43,-5.998378924521943e-37,7.623063645927005e-43,-5.998378924521943e-37,7.623063645927005e-43,-6.001392276739627e-37,7.623063645927005e-43,-6.001392276739627e-37,7.623063645927005e-43],[-6.001392276739627e-37,7.623063645927005e-43,-6.001392276739627e-37,7.623063645927005e-43,-6.000638938685206e-37,7.623063645927005e-43,-6.000638938685206e-37,7.623063645927005e-43,-6.000638938685206e-37,7.623063645927005e-43,-6.000638938685206e-37,7.623063645927005e-43],[-6.001887327461104e-37,7.623063645927005e-43,-6.001887327461104e-37,7.623063645927005e-43,-6.001887327461104e-37,7.623063645927005e-43,-6.001887327461104e-37,7.623063645927005e-43,-5.997281203356929e-37,7.623063645927005e-43,-5.997281203356929e-37,7.623063645927005e-43],[-5.997281203356929e-37,7.623063645927005e-43,-5.997281203356929e-37,7.623063645927005e-43,-6.000251507685789e-37,7.623063645927005e-43,-6.000251507685789e-37,7.623063645927005e-43,-6.000251507685789e-37,7.623063645927005e-43,-6.000251507685789e-37,2.9394981834203115e-39]]],"wavelengths_nm":[400.0,410.34,420.69,431.03,441.38,451.72,462.07,472.41,482.76,493.1,503.45,513.79,524.14,534.48,544.83,555.17,565.52,575.86,586.21,596.55,606.9,617.24,627.59,637.93,648.28,658.62,668.97,679.31,689.66,700.0,710.34,720.69,731.03,741.38,751.72,762.07,772.41,782.76,793.1,803.45,813.79,824.14,834.48,844.83,855.17,865.52,875.86,886.21,896.55,906.9,917.24,927.59,937.93,948.28,958.62,968.97,979.31,989.66,1000.0,1010.34,1020.69,1031.03,1041.38,1051.72,1062.07,1072.41,1082.76,1093.1,1103.45,1113.79,1124.14,1134.48,1144.83,1155.17,1165.52,1175.86,1186.21,1196.55,1206.9,1217.24,1227.59,1237.93,1248.28,1258.62,1268.97,1279.31,1289.66,1300.0,1310.34,1320.69,1331.03,1341.38,1351.72,1362.07,1372.41,1382.76,1393.1,1403.45,1413.79,1424.14,1434.48,1444.83,1455.17,1465.52,1475.86,1486.21,1496.55,1506.9,1517.24,1527.59,1537.93,1548.28,1558.62,1568.97,1579.31,1589.66,1600.0,1610.34,1620.69,1631.03,1641.38,1651.72,1662.07,1672.41,1682.76,1693.1,1703.45,1713.79,1724.14,1734.48,1744.83,1755.17,1765.52,1775.86,1786.21,1796.55,1806.9,1817.24,1827.59,1837.93,1848.28,1858.62,1868.97,1879.31,1889.66,1900.0,1910.34,1920.69,1931.03,1941.38,1951.72,1962.07,1972.41,1982.76,1993.1,2003.45,2013.79,2024.14,2034.48,2044.83,2055.17,2065.52,2075.86,2086.21,2096.55,2106.9,2117.24,2127.59,2137.93,2148.28,2158.62,2168.97,2179.31,2189.66,2200.0,2210.34,2220.69,2231.03,2241.38,2251.72,2262.07,2272.41,2282.76,2293.1,2303.45,2313.79,2324.14,2334.48,2344.83,2355.17,2365.52,2375.86,2386.21,2396.55,2406.9,2417.24,2427.59,2437.93,2448.28,2458.62,2468.97,2479.31,2489.66,2500.0],"generated_at":"2026-05-04T04:15:34Z","builder_version":"build_topic_model_variants v0.1"}