{"subset_code":"GEOMET","mask_id":"swir","mask_label":"SWIR-only (1100-2500 nm)","mask_description":"Shortwave-infrared only. On HIDSAG swir_low this keeps the full spectrum (no-op).","modality":"swir_low","topic_count":6,"document_count":146,"vocabulary_size":250,"n_bands_full":268,"n_bands_kept":250,"kept_band_indices":[18,19,20,21,22,23,24,25,26,27,28,29,30,31,32,33,34,35,36,37,38,39,40,41,42,43,44,45,46,47,48,49,50,51,52,53,54,55,56,57,58,59,60,61,62,63,64,65,66,67,68,69,70,71,72,73,74,75,76,77,78,79,80,81,82,83,84,85,86,87,88,89,90,91,92,93,94,95,96,97,98,99,100,101,102,103,104,105,106,107,108,109,110,111,112,113,114,115,116,117,118,119,120,121,122,123,124,125,126,127,128,129,130,131,132,133,134,135,136,137,138,139,140,141,142,143,144,145,146,147,148,149,150,151,152,153,154,155,156,157,158,159,160,161,162,163,164,165,166,167,168,169,170,171,172,173,174,175,176,177,178,179,180,181,182,183,184,185,186,187,188,189,190,191,192,193,194,195,196,197,198,199,200,201,202,203,204,205,206,207,208,209,210,211,212,213,214,215,216,217,218,219,220,221,222,223,224,225,226,227,228,229,230,231,232,233,234,235,236,237,238,239,240,241,242,243,244,245,246,247,248,249,250,251,252,253,254,255,256,257,258,259,260,261,262,263,264,265,266,267],"wavelengths_nm_kept_first_last":[1102.06,2499.26],"wavelengths_nm_kept":[1102.06,1107.72,1113.37,1119.03,1124.69,1130.34,1136.0,1141.65,1147.31,1152.97,1158.62,1164.28,1169.93,1175.59,1181.24,1186.89,1192.55,1198.2,1203.86,1209.51,1215.16,1220.81,1226.47,1232.12,1237.77,1243.42,1249.08,1254.73,1260.38,1266.03,1271.68,1277.33,1282.98,1288.63,1294.28,1299.93,1305.58,1311.23,1316.88,1322.53,1328.18,1333.83,1339.47,1345.12,1350.77,1356.42,1362.06,1367.71,1373.36,1379.0,1384.65,1390.29,1395.94,1401.58,1407.23,1412.87,1418.52,1424.16,1429.8,1435.45,1441.09,1446.73,1452.37,1458.01,1463.66,1469.3,1474.94,1480.58,1486.22,1491.86,1497.5,1503.14,1508.78,1514.42,1520.05,1525.69,1531.33,1536.97,1542.6,1548.24,1553.87,1559.51,1565.15,1570.78,1576.42,1582.05,1587.68,1593.32,1598.95,1604.58,1610.22,1615.85,1621.48,1627.11,1632.74,1638.37,1644.0,1649.63,1655.26,1660.89,1666.52,1672.15,1677.77,1683.4,1689.03,1694.65,1700.28,1705.91,1711.53,1717.16,1722.78,1728.4,1734.03,1739.65,1745.27,1750.89,1756.52,1762.14,1767.76,1773.38,1779.0,1784.62,1790.24,1795.85,1801.47,1807.09,1812.71,1818.32,1823.94,1829.56,1835.17,1840.79,1846.4,1852.01,1857.63,1863.24,1868.85,1874.46,1880.07,1885.68,1891.3,1896.9,1902.51,1908.12,1913.73,1919.34,1924.95,1930.55,1936.16,1941.76,1947.37,1952.97,1958.58,1964.18,1969.78,1975.39,1980.99,1986.59,1992.19,1997.79,2003.39,2008.99,2014.59,2020.19,2025.78,2031.38,2036.98,2042.57,2048.17,2053.76,2059.36,2064.95,2070.54,2076.14,2081.73,2087.32,2092.91,2098.5,2104.09,2109.68,2115.27,2120.85,2126.44,2132.03,2137.61,2143.2,2148.78,2154.37,2159.95,2165.53,2171.11,2176.7,2182.28,2187.86,2193.44,2199.01,2204.59,2210.17,2215.75,2221.32,2226.9,2232.47,2238.05,2243.62,2249.2,2254.77,2260.34,2265.91,2271.48,2277.05,2282.62,2288.19,2293.76,2299.32,2304.89,2310.46,2316.02,2321.58,2327.15,2332.71,2338.27,2343.84,2349.4,2354.96,2360.52,2366.07,2371.63,2377.19,2382.75,2388.3,2393.86,2399.41,2404.97,2410.52,2416.07,2421.62,2427.17,2432.72,2438.27,2443.82,2449.37,2454.92,2460.46,2466.01,2471.55,2477.1,2482.64,2488.18,2493.72,2499.26],"topic_prevalence":[0.153647,0.144005,0.247361,0.151649,0.137598,0.16574],"topic_distance_cosine":[[0.0,0.054189,0.028994,0.025581,0.022821,0.038546],[0.054189,0.0,0.091495,0.042741,0.072357,0.032903],[0.028994,0.091495,0.0,0.038231,0.024272,0.060592],[0.025581,0.042741,0.038231,0.0,0.031151,0.032384],[0.022821,0.072357,0.024272,0.031151,0.0,0.050012],[0.038546,0.032903,0.060592,0.032384,0.050012,0.0]],"top_words_per_topic_lambda_05":[["swir_1830nm","swir_1334nm","swir_1858nm","swir_1492nm","swir_2003nm","swir_1125nm","swir_1520nm","swir_1300nm","swir_1396nm","swir_2205nm","swir_1328nm","swir_2349nm","swir_2015nm","swir_1170nm","swir_1959nm"],["swir_2472nm","swir_2494nm","swir_2416nm","swir_2488nm","swir_2333nm","swir_2294nm","swir_2366nm","swir_2499nm","swir_2344nm","swir_2377nm","swir_2327nm","swir_2316nm","swir_2466nm","swir_2444nm","swir_2388nm"],["swir_1255nm","swir_1317nm","swir_1159nm","swir_1153nm","swir_1204nm","swir_1402nm","swir_1221nm","swir_1193nm","swir_1187nm","swir_1390nm","swir_1226nm","swir_1210nm","swir_1424nm","swir_1113nm","swir_1419nm"],["swir_2199nm","swir_1717nm","swir_1621nm","swir_1706nm","swir_1582nm","swir_2115nm","swir_2366nm","swir_1339nm","swir_2031nm","swir_2043nm","swir_1801nm","swir_2221nm","swir_1903nm","swir_2132nm","swir_2299nm"],["swir_1306nm","swir_1481nm","swir_1717nm","swir_1136nm","swir_1650nm","swir_2227nm","swir_1430nm","swir_1633nm","swir_1452nm","swir_1762nm","swir_1130nm","swir_1260nm","swir_1159nm","swir_1813nm","swir_1102nm"],["swir_2449nm","swir_2427nm","swir_2260nm","swir_2160nm","swir_2048nm","swir_2411nm","swir_2455nm","swir_2188nm","swir_2193nm","swir_1942nm","swir_2394nm","swir_2383nm","swir_2054nm","swir_2422nm","swir_2322nm"]],"p_covariate_given_topic_dominant":[[{"covariate":"unknown","count":1,"p":1.0}],[{"covariate":"unknown","count":23,"p":1.0}],[{"covariate":"unknown","count":106,"p":1.0}],[{"covariate":"unknown","count":1,"p":1.0}],[],[{"covariate":"unknown","count":15,"p":1.0}]],"docs_per_topic_dominant":[1,23,106,1,0,15],"perplexity_train":259.6205284124301,"mean_confidence":0.29775938391685486,"doc_names":["GMET-0001__m0__01","GMET-0002__m0__01","GMET-0003__m0__01","GMET-0004__m0__01","GMET-0005__m0__01","GMET-0006__m0__01","GMET-0007__m0__01","GMET-0008__m0__01","GMET-0009__m0__01","GMET-0010__m0__01","GMET-0011__m0__01","GMET-0012__m0__01","GMET-0013__m0__01","GMET-0014__m0__01","GMET-0015__m0__01","GMET-0016__m0__01","GMET-0017__m0__01","GMET-0018__m0__01","GMET-0019__m0__01","GMET-0020__m0__01","GMET-0021__m0__01","GMET-0022__m0__01","GMET-0023__m0__01","GMET-0024__m0__01","GMET-0025__m0__01","GMET-0026__m0__01","GMET-0027__m0__01","GMET-0028__m0__01","GMET-0029__m0__01","GMET-0030__m0__01","GMET-0031__m0__01","GMET-0032__m0__01","GMET-0033__m0__01","GMET-0034__m0__01","GMET-0035__m0__01","GMET-0036__m0__01","GMET-0037__m0__01","GMET-0038__m0__01","GMET-0039__m0__01","GMET-0040__m0__01","GMET-0041__m0__01","GMET-0042__m0__01","GMET-0043__m0__01","GMET-0044__m0__01","GMET-0045__m0__01","GMET-0046__m0__01","GMET-0047__m0__01","GMET-0048__m0__01","GMET-0049__m0__01","GMET-0050__m0__01","GMET-0051__m0__01","GMET-0052__m0__01","GMET-0053__m0__01","GMET-0054__m0__01","GMET-0055__m0__01","GMET-0056__m0__01","GMET-0057__m0__01","GMET-0058__m0__01","GMET-0059__m0__01","GMET-0060__m0__01","GMET-0061__m0__01","GMET-0062__m0__01","GMET-0063__m0__01","GMET-0064__m0__01","GMET-0065__m0__01","GMET-0066__m0__01","GMET-0067__m0__01","GMET-0068__m0__01","GMET-0069__m0__01","GMET-0070__m0__01","GMET-0071__m0__01","GMET-0072__m0__01","GMET-0073__m0__01","GMET-0074__m0__01","GMET-0075__m0__01","GMET-0076__m0__01","GMET-0077__m0__01","GMET-0078__m0__01","GMET-0079__m0__01","GMET-0080__m0__01","GMET-0081__m0__01","GMET-0082__m0__01","GMET-0083__m0__01","GMET-0084__m0__01","GMET-0085__m0__01","GMET-0086__m0__01","GMET-0087__m0__01","GMET-0088__m0__01","GMET-0089__m0__01","GMET-0090__m0__01","GMET-0091__m0__01","GMET-0092__m0__01","GMET-0093__m0__01","GMET-0094__m0__01","GMET-0095__m0__01","GMET-0096__m0__01","GMET-0097__m0__01","GMET-0098__m0__01","GMET-0099__m0__01","GMET-0100__m0__01","GMET-0101__m0__01","GMET-0102__m0__01","GMET-0103__m0__01","GMET-0104__m0__01","GMET-0105__m0__01","GMET-0106__m0__01","GMET-0107__m0__01","GMET-0108__m0__01","GMET-0109__m0__01","GMET-0110__m0__01","GMET-0111__m0__01","GMET-0112__m0__01","GMET-0113__m0__01","GMET-0114__m0__01","GMET-0115__m0__01","GMET-0116__m0__01","GMET-0117__m0__01","GMET-0118__m0__01","GMET-0119__m0__01","GMET-0120__m0__01","GMET-0121__m0__01","GMET-0122__m0__01","GMET-0123__m0__01","GMET-0124__m0__01","GMET-0125__m0__01","GMET-0126__m0__01","GMET-0127__m0__01","GMET-0128__m0__01","GMET-0129__m0__01","GMET-0130__m0__01","GMET-0131__m0__01","GMET-0132__m0__01","GMET-0133__m0__01","GMET-0134__m0__01","GMET-0135__m0__01","GMET-0136__m0__01","GMET-0137__m0__01","GMET-0138__m0__01","GMET-0139__m0__01","GMET-0140__m0__01","GMET-0141__m0__01","GMET-0142__m0__01","GMET-0143__m0__01","GMET-0144__m0__01","GMET-0145__m0__01","GMET-0146__m0__01"],"sample_names":["GMET-0001","GMET-0002","GMET-0003","GMET-0004","GMET-0005","GMET-0006","GMET-0007","GMET-0008","GMET-0009","GMET-0010","GMET-0011","GMET-0012","GMET-0013","GMET-0014","GMET-0015","GMET-0016","GMET-0017","GMET-0018","GMET-0019","GMET-0020","GMET-0021","GMET-0022","GMET-0023","GMET-0024","GMET-0025","GMET-0026","GMET-0027","GMET-0028","GMET-0029","GMET-0030","GMET-0031","GMET-0032","GMET-0033","GMET-0034","GMET-0035","GMET-0036","GMET-0037","GMET-0038","GMET-0039","GMET-0040","GMET-0041","GMET-0042","GMET-0043","GMET-0044","GMET-0045","GMET-0046","GMET-0047","GMET-0048","GMET-0049","GMET-0050","GMET-0051","GMET-0052","GMET-0053","GMET-0054","GMET-0055","GMET-0056","GMET-0057","GMET-0058","GMET-0059","GMET-0060","GMET-0061","GMET-0062","GMET-0063","GMET-0064","GMET-0065","GMET-0066","GMET-0067","GMET-0068","GMET-0069","GMET-0070","GMET-0071","GMET-0072","GMET-0073","GMET-0074","GMET-0075","GMET-0076","GMET-0077","GMET-0078","GMET-0079","GMET-0080","GMET-0081","GMET-0082","GMET-0083","GMET-0084","GMET-0085","GMET-0086","GMET-0087","GMET-0088","GMET-0089","GMET-0090","GMET-0091","GMET-0092","GMET-0093","GMET-0094","GMET-0095","GMET-0096","GMET-0097","GMET-0098","GMET-0099","GMET-0100","GMET-0101","GMET-0102","GMET-0103","GMET-0104","GMET-0105","GMET-0106","GMET-0107","GMET-0108","GMET-0109","GMET-0110","GMET-0111","GMET-0112","GMET-0113","GMET-0114","GMET-0115","GMET-0116","GMET-0117","GMET-0118","GMET-0119","GMET-0120","GMET-0121","GMET-0122","GMET-0123","GMET-0124","GMET-0125","GMET-0126","GMET-0127","GMET-0128","GMET-0129","GMET-0130","GMET-0131","GMET-0132","GMET-0133","GMET-0134","GMET-0135","GMET-0136","GMET-0137","GMET-0138","GMET-0139","GMET-0140","GMET-0141","GMET-0142","GMET-0143","GMET-0144","GMET-0145","GMET-0146"],"covariates":["unknown","unknown","unknown","unknown","unknown","unknown","unknown","unknown","unknown","unknown","unknown","unknown","unknown","unknown","unknown","unknown","unknown","unknown","unknown","unknown","unknown","unknown","unknown","unknown","unknown","unknown","unknown","unknown","unknown","unknown","unknown","unknown","unknown","unknown","unknown","unknown","unknown","unknown","unknown","unknown","unknown","unknown","unknown","unknown","unknown","unknown","unknown","unknown","unknown","unknown","unknown","unknown","unknown","unknown","unknown","unknown","unknown","unknown","unknown","unknown","unknown","unknown","unknown","unknown","unknown","unknown","unknown","unknown","unknown","unknown","unknown","unknown","unknown","unknown","unknown","unknown","unknown","unknown","unknown","unknown","unknown","unknown","unknown","unknown","unknown","unknown","unknown","unknown","unknown","unknown","unknown","unknown","unknown","unknown","unknown","unknown","unknown","unknown","unknown","unknown","unknown","unknown","unknown","unknown","unknown","unknown","unknown","unknown","unknown","unknown","unknown","unknown","unknown","unknown","unknown","unknown","unknown","unknown","unknown","unknown","unknown","unknown","unknown","unknown","unknown","unknown","unknown","unknown","unknown","unknown","unknown","unknown","unknown","unknown","unknown","unknown","unknown","unknown","unknown","unknown","unknown","unknown","unknown","unknown","unknown","unknown"],"theta_per_doc":[[0.1621,0.1888,0.1987,0.155,0.1258,0.1696],[0.1742,0.1167,0.2483,0.1525,0.1393,0.1692],[0.1708,0.1052,0.2622,0.158,0.1485,0.1553],[0.1708,0.1051,0.2624,0.158,0.1484,0.1553],[0.1708,0.1051,0.2624,0.158,0.1484,0.1553],[0.1708,0.105,0.2625,0.158,0.1484,0.1553],[0.1579,0.1545,0.1954,0.1624,0.1206,0.2091],[0.1717,0.1068,0.2594,0.1603,0.147,0.1548],[0.1708,0.1052,0.2622,0.158,0.1485,0.1553],[0.1511,0.1669,0.1975,0.1744,0.1419,0.1681],[0.1708,0.1049,0.2627,0.158,0.1483,0.1553],[0.1708,0.105,0.2625,0.158,0.1484,0.1553],[0.1491,0.1849,0.1591,0.1648,0.1106,0.2316],[0.1484,0.221,0.1196,0.1792,0.1097,0.222],[0.0415,0.4352,0.0091,0.1035,0.0165,0.3942],[0.1566,0.179,0.1885,0.1648,0.1239,0.1873],[0.1571,0.1749,0.1902,0.1646,0.125,0.1882],[0.1708,0.1052,0.2622,0.158,0.1485,0.1553],[0.1419,0.203,0.1369,0.16,0.0984,0.2597],[0.1302,0.2698,0.1122,0.1734,0.0893,0.2251],[0.1667,0.1398,0.2235,0.165,0.1342,0.1708],[0.177,0.1303,0.2605,0.1495,0.1431,0.1396],[0.172,0.1041,0.2654,0.1567,0.1488,0.153],[0.1708,0.1051,0.2623,0.158,0.1485,0.1553],[0.1741,0.1138,0.2512,0.1564,0.1418,0.1626],[0.1639,0.1549,0.1979,0.1683,0.1292,0.1859],[0.146,0.1479,0.1768,0.1804,0.1304,0.2185],[0.15,0.1737,0.1844,0.1881,0.1176,0.1861],[0.1708,0.1049,0.2627,0.158,0.1483,0.1553],[0.1665,0.0699,0.3003,0.1669,0.1843,0.1121],[0.1662,0.1283,0.2047,0.1761,0.1398,0.1849],[0.1358,0.18,0.1467,0.1878,0.1107,0.2389],[0.1393,0.1611,0.1543,0.1838,0.1242,0.2372],[0.1678,0.1162,0.2412,0.1664,0.139,0.1695],[0.1568,0.1365,0.1852,0.1807,0.1384,0.2025],[0.1708,0.1049,0.2627,0.158,0.1483,0.1553],[0.1708,0.105,0.2625,0.158,0.1484,0.1553],[0.1678,0.1094,0.2569,0.1612,0.1436,0.161],[0.1708,0.1051,0.2624,0.158,0.1484,0.1553],[0.1664,0.1208,0.2328,0.1697,0.135,0.1754],[0.1583,0.2162,0.1643,0.1573,0.104,0.2],[0.1708,0.1049,0.2627,0.158,0.1483,0.1553],[0.1719,0.0879,0.3091,0.1505,0.1568,0.1237],[0.1329,0.2942,0.1102,0.1605,0.088,0.2141],[0.143,0.243,0.1401,0.1632,0.1049,0.2058],[0.1592,0.2045,0.1746,0.1594,0.1105,0.1918],[0.1862,0.2292,0.219,0.126,0.1033,0.1363],[0.0018,0.6377,0.0007,0.0167,0.0008,0.3424],[0.002,0.6229,0.0007,0.021,0.0009,0.3525],[0.1017,0.3074,0.0609,0.1707,0.0712,0.2881],[0.1032,0.2959,0.0685,0.1748,0.0757,0.2819],[0.1746,0.1467,0.2177,0.1432,0.1228,0.195],[0.1288,0.2946,0.0813,0.1566,0.0823,0.2564],[0.13,0.2922,0.0817,0.1609,0.0836,0.2516],[0.1161,0.3196,0.0718,0.1452,0.0688,0.2785],[0.0986,0.3425,0.0568,0.1523,0.0624,0.2874],[0.1628,0.0981,0.2506,0.1676,0.1349,0.186],[0.1432,0.0184,0.447,0.1268,0.1972,0.0674],[0.159,0.0292,0.3903,0.1389,0.1983,0.0843],[0.1635,0.0905,0.2792,0.1601,0.1505,0.1562],[0.1671,0.0626,0.3272,0.1501,0.1744,0.1186],[0.1494,0.0299,0.3999,0.1388,0.1993,0.0827],[0.1743,0.0595,0.3666,0.1313,0.1584,0.11],[0.1678,0.1066,0.2539,0.1585,0.1478,0.1654],[0.0035,0.5362,0.001,0.0385,0.0013,0.4194],[0.1502,0.1518,0.1504,0.1947,0.1313,0.2216],[0.1701,0.0433,0.342,0.1517,0.2087,0.0843],[0.1539,0.0205,0.4877,0.1016,0.1997,0.0364],[0.1673,0.1133,0.2382,0.1829,0.1401,0.1581],[0.1773,0.0402,0.3957,0.1275,0.1739,0.0854],[0.1625,0.0304,0.4296,0.1236,0.1863,0.0676],[0.1608,0.0431,0.3519,0.1492,0.1871,0.1078],[0.167,0.0368,0.3937,0.1316,0.1835,0.0874],[0.119,0.1406,0.1302,0.2208,0.1201,0.2693],[0.0965,0.2623,0.0675,0.1739,0.073,0.3268],[0.121,0.2151,0.109,0.1783,0.0959,0.2807],[0.1675,0.03,0.4387,0.1163,0.1828,0.0647],[0.1708,0.1049,0.2627,0.158,0.1483,0.1553],[0.1662,0.0466,0.3689,0.1411,0.1701,0.1071],[0.1607,0.1459,0.2157,0.1717,0.1285,0.1774],[0.1641,0.1362,0.2443,0.1609,0.1309,0.1637],[0.1708,0.1051,0.2623,0.158,0.1485,0.1553],[0.1667,0.1239,0.2689,0.1541,0.1324,0.154],[0.1708,0.105,0.2625,0.158,0.1484,0.1553],[0.1708,0.1051,0.2624,0.158,0.1484,0.1553],[0.1767,0.1803,0.2076,0.1353,0.1206,0.1796],[0.17,0.1178,0.2617,0.1551,0.1333,0.1621],[0.0111,0.9428,0.0102,0.0118,0.0107,0.0134],[0.1278,0.2853,0.0801,0.1591,0.08,0.2677],[0.1188,0.3227,0.0867,0.1698,0.0718,0.2301],[0.1578,0.0328,0.4232,0.1343,0.1732,0.0787],[0.1506,0.0407,0.3539,0.1568,0.1816,0.1164],[0.1603,0.029,0.3927,0.1344,0.1909,0.0927],[0.1708,0.1049,0.2627,0.158,0.1483,0.1553],[0.1684,0.0992,0.2708,0.1607,0.1479,0.1528],[0.1708,0.1044,0.2635,0.1579,0.148,0.1554],[0.13,0.2922,0.0817,0.1609,0.0836,0.2516],[0.1708,0.1049,0.2627,0.158,0.1483,0.1553],[0.1771,0.1425,0.2308,0.1473,0.1288,0.1735],[0.1668,0.1573,0.208,0.1663,0.1286,0.173],[0.1652,0.0909,0.284,0.1591,0.1511,0.1497],[0.1708,0.1044,0.2635,0.1579,0.148,0.1554],[0.1532,0.0107,0.4728,0.1055,0.227,0.0308],[0.1776,0.1184,0.2741,0.1529,0.14,0.137],[0.1765,0.1345,0.2581,0.1518,0.1365,0.1426],[0.1648,0.1465,0.2197,0.1635,0.135,0.1706],[0.1752,0.1457,0.2287,0.1557,0.1317,0.1629],[0.1664,0.1662,0.2147,0.1539,0.1239,0.1749],[0.1597,0.148,0.2168,0.1709,0.1259,0.1787],[0.1543,0.1971,0.178,0.1677,0.1183,0.1845],[0.1708,0.105,0.2624,0.158,0.1484,0.1553],[0.1555,0.034,0.3667,0.1506,0.2097,0.0834],[0.1613,0.0483,0.3534,0.1468,0.1887,0.1015],[0.1652,0.1088,0.2547,0.1618,0.1452,0.1644],[0.1473,0.1901,0.1582,0.1865,0.1238,0.1941],[0.1608,0.1474,0.2192,0.1703,0.1451,0.1572],[0.168,0.1522,0.2119,0.1571,0.1242,0.1866],[0.1646,0.1982,0.1781,0.1568,0.1131,0.1891],[0.1316,0.2235,0.1199,0.1583,0.0889,0.2778],[0.1509,0.2161,0.1402,0.1672,0.1117,0.2139],[0.1672,0.1233,0.2452,0.1691,0.1402,0.155],[0.1704,0.0527,0.3265,0.1563,0.1668,0.1274],[0.1655,0.0398,0.391,0.1343,0.1715,0.0979],[0.1589,0.0877,0.2435,0.2016,0.1611,0.1472],[0.1617,0.0981,0.2491,0.1696,0.1443,0.1772],[0.1649,0.0573,0.3288,0.151,0.1817,0.1163],[0.1709,0.1034,0.265,0.1578,0.1475,0.1554],[0.1708,0.1044,0.2635,0.1579,0.148,0.1554],[0.1654,0.0187,0.5466,0.0765,0.1623,0.0305],[0.1405,0.0064,0.5826,0.0758,0.1799,0.0149],[0.1496,0.0549,0.3272,0.1797,0.1993,0.0893],[0.1708,0.1047,0.263,0.1579,0.1482,0.1553],[0.1684,0.1002,0.2676,0.16,0.151,0.1528],[0.1557,0.0765,0.2975,0.1618,0.1521,0.1565],[0.1667,0.1667,0.1667,0.1667,0.1667,0.1667],[0.1156,0.0025,0.5877,0.0735,0.1967,0.0239],[0.1251,0.0045,0.5735,0.0704,0.2131,0.0135],[0.1641,0.0371,0.385,0.1354,0.1842,0.0942],[0.1708,0.1044,0.2635,0.1579,0.148,0.1554],[0.1708,0.1044,0.2635,0.1579,0.148,0.1554],[0.1534,0.0212,0.4695,0.1172,0.1795,0.0592],[0.1708,0.1044,0.2635,0.1579,0.148,0.1554],[0.161,0.0383,0.3767,0.1405,0.1789,0.1045],[0.1682,0.0489,0.3596,0.1486,0.1724,0.1023],[0.1658,0.109,0.2554,0.1629,0.1409,0.166],[0.1487,0.1886,0.1548,0.1608,0.1055,0.2416]],"lda_config":{"method":"sklearn.LatentDirichletAllocation online","max_iter":60,"doc_topic_prior":0.45,"topic_word_prior":0.2,"random_state":42,"wordification":"band-frequency","quantization_scale":12},"generated_at":"2026-05-14T01:09:04Z","builder_version":"build_band_masked_topic_models_hidsag v0.1"}