{"scene_id":"kennedy-space-center","variant":"tomotopy_hdp","topic_count":19,"vocabulary_size":176,"document_count":2686,"topic_prevalence":[0.024803,0.023792,0.176418,0.026255,0.010051,0.01565,0.266959,0.039096,0.112269,0.075964,0.062878,0.053207,0.000372,0.072408,0.026724,0.005367,0.004685,0.000494,0.002606],"top_words_per_topic":[[{"token":"1288nm","p_w_given_topic":0.016432},{"token":"1276nm","p_w_given_topic":0.016314},{"token":"1264nm","p_w_given_topic":0.016176},{"token":"1252nm","p_w_given_topic":0.015761},{"token":"1240nm","p_w_given_topic":0.015071},{"token":"1228nm","p_w_given_topic":0.015012},{"token":"1216nm","p_w_given_topic":0.014677},{"token":"1300nm","p_w_given_topic":0.014618},{"token":"1204nm","p_w_given_topic":0.014401},{"token":"1192nm","p_w_given_topic":0.013493},{"token":"1180nm","p_w_given_topic":0.013316},{"token":"1168nm","p_w_given_topic":0.012823},{"token":"1312nm","p_w_given_topic":0.012744},{"token":"1552nm","p_w_given_topic":0.011935},{"token":"1144nm","p_w_given_topic":0.011896},{"token":"1324nm","p_w_given_topic":0.011679},{"token":"1060nm","p_w_given_topic":0.01162},{"token":"1156nm","p_w_given_topic":0.01162},{"token":"1540nm","p_w_given_topic":0.011462},{"token":"1132nm","p_w_given_topic":0.011364},{"token":"1456nm","p_w_given_topic":0.011344},{"token":"1504nm","p_w_given_topic":0.011344},{"token":"1048nm","p_w_given_topic":0.011245},{"token":"1444nm","p_w_given_topic":0.011245},{"token":"1468nm","p_w_given_topic":0.011225},{"token":"1072nm","p_w_given_topic":0.010949},{"token":"1528nm","p_w_given_topic":0.010752},{"token":"1036nm","p_w_given_topic":0.010654},{"token":"1432nm","p_w_given_topic":0.010575},{"token":"1348nm","p_w_given_topic":0.010456}],[{"token":"1288nm","p_w_given_topic":0.013583},{"token":"1276nm","p_w_given_topic":0.013134},{"token":"1300nm","p_w_given_topic":0.012478},{"token":"1252nm","p_w_given_topic":0.012271},{"token":"1264nm","p_w_given_topic":0.012185},{"token":"1240nm","p_w_given_topic":0.011702},{"token":"1216nm","p_w_given_topic":0.011667},{"token":"1204nm","p_w_given_topic":0.011616},{"token":"1552nm","p_w_given_topic":0.011478},{"token":"1228nm","p_w_given_topic":0.011443},{"token":"1192nm","p_w_given_topic":0.011115},{"token":"1312nm","p_w_given_topic":0.011081},{"token":"1180nm","p_w_given_topic":0.011081},{"token":"1324nm","p_w_given_topic":0.010839},{"token":"1540nm","p_w_given_topic":0.010822},{"token":"1156nm","p_w_given_topic":0.010425},{"token":"1456nm","p_w_given_topic":0.010391},{"token":"1468nm","p_w_given_topic":0.010339},{"token":"1060nm","p_w_given_topic":0.010322},{"token":"1036nm","p_w_given_topic":0.010287},{"token":"1168nm","p_w_given_topic":0.01027},{"token":"1348nm","p_w_given_topic":0.010166},{"token":"1024nm","p_w_given_topic":0.010046},{"token":"1144nm","p_w_given_topic":0.010028},{"token":"1504nm","p_w_given_topic":0.009994},{"token":"1048nm","p_w_given_topic":0.009925},{"token":"1444nm","p_w_given_topic":0.009907},{"token":"1072nm","p_w_given_topic":0.009856},{"token":"1420nm","p_w_given_topic":0.009856},{"token":"1528nm","p_w_given_topic":0.009821}],[{"token":"1276nm","p_w_given_topic":0.01479},{"token":"1288nm","p_w_given_topic":0.014676},{"token":"1252nm","p_w_given_topic":0.013578},{"token":"1264nm","p_w_given_topic":0.01357},{"token":"1300nm","p_w_given_topic":0.013531},{"token":"1240nm","p_w_given_topic":0.013526},{"token":"1228nm","p_w_given_topic":0.013418},{"token":"1216nm","p_w_given_topic":0.013418},{"token":"1204nm","p_w_given_topic":0.013395},{"token":"1192nm","p_w_given_topic":0.012626},{"token":"1156nm","p_w_given_topic":0.012443},{"token":"1312nm","p_w_given_topic":0.012369},{"token":"1552nm","p_w_given_topic":0.012314},{"token":"1180nm","p_w_given_topic":0.012312},{"token":"1060nm","p_w_given_topic":0.012268},{"token":"1168nm","p_w_given_topic":0.012245},{"token":"1144nm","p_w_given_topic":0.012131},{"token":"1024nm","p_w_given_topic":0.012113},{"token":"1324nm","p_w_given_topic":0.012111},{"token":"1036nm","p_w_given_topic":0.012093},{"token":"1048nm","p_w_given_topic":0.012059},{"token":"1012nm","p_w_given_topic":0.011796},{"token":"1540nm","p_w_given_topic":0.0116},{"token":"1000nm","p_w_given_topic":0.011598},{"token":"0988nm","p_w_given_topic":0.011379},{"token":"0976nm","p_w_given_topic":0.011335},{"token":"0964nm","p_w_given_topic":0.01133},{"token":"1348nm","p_w_given_topic":0.011288},{"token":"1072nm","p_w_given_topic":0.01119},{"token":"1132nm","p_w_given_topic":0.011188}],[{"token":"1252nm","p_w_given_topic":0.017577},{"token":"1288nm","p_w_given_topic":0.017115},{"token":"1240nm","p_w_given_topic":0.016981},{"token":"1276nm","p_w_given_topic":0.016807},{"token":"1264nm","p_w_given_topic":0.016807},{"token":"1216nm","p_w_given_topic":0.016191},{"token":"1228nm","p_w_given_topic":0.015768},{"token":"1204nm","p_w_given_topic":0.015653},{"token":"1300nm","p_w_given_topic":0.015364},{"token":"1192nm","p_w_given_topic":0.014652},{"token":"1060nm","p_w_given_topic":0.013728},{"token":"1180nm","p_w_given_topic":0.013708},{"token":"1168nm","p_w_given_topic":0.013324},{"token":"1036nm","p_w_given_topic":0.013189},{"token":"1048nm","p_w_given_topic":0.01317},{"token":"1312nm","p_w_given_topic":0.012515},{"token":"1024nm","p_w_given_topic":0.012303},{"token":"1072nm","p_w_given_topic":0.012284},{"token":"1156nm","p_w_given_topic":0.012226},{"token":"1012nm","p_w_given_topic":0.011533},{"token":"1144nm","p_w_given_topic":0.011379},{"token":"1324nm","p_w_given_topic":0.011341},{"token":"1000nm","p_w_given_topic":0.011264},{"token":"1084nm","p_w_given_topic":0.011072},{"token":"1132nm","p_w_given_topic":0.010552},{"token":"1120nm","p_w_given_topic":0.010359},{"token":"0964nm","p_w_given_topic":0.01034},{"token":"0988nm","p_w_given_topic":0.010244},{"token":"1552nm","p_w_given_topic":0.009897},{"token":"0952nm","p_w_given_topic":0.009859}],[{"token":"1288nm","p_w_given_topic":0.012273},{"token":"1276nm","p_w_given_topic":0.011386},{"token":"1300nm","p_w_given_topic":0.01127},{"token":"1252nm","p_w_given_topic":0.011116},{"token":"1264nm","p_w_given_topic":0.011},{"token":"1240nm","p_w_given_topic":0.010769},{"token":"1192nm","p_w_given_topic":0.010422},{"token":"1552nm","p_w_given_topic":0.010383},{"token":"1312nm","p_w_given_topic":0.010306},{"token":"1012nm","p_w_given_topic":0.010229},{"token":"1048nm","p_w_given_topic":0.01019},{"token":"1216nm","p_w_given_topic":0.010152},{"token":"1000nm","p_w_given_topic":0.010075},{"token":"0988nm","p_w_given_topic":0.010036},{"token":"1228nm","p_w_given_topic":0.010036},{"token":"1060nm","p_w_given_topic":0.009998},{"token":"1204nm","p_w_given_topic":0.009959},{"token":"1036nm","p_w_given_topic":0.009959},{"token":"1180nm","p_w_given_topic":0.009959},{"token":"1024nm","p_w_given_topic":0.00992},{"token":"1324nm","p_w_given_topic":0.009805},{"token":"0952nm","p_w_given_topic":0.009805},{"token":"0964nm","p_w_given_topic":0.009728},{"token":"1540nm","p_w_given_topic":0.009728},{"token":"0904nm","p_w_given_topic":0.009612},{"token":"0928nm","p_w_given_topic":0.009496},{"token":"0976nm","p_w_given_topic":0.009458},{"token":"0916nm","p_w_given_topic":0.009458},{"token":"0940nm","p_w_given_topic":0.009419},{"token":"1348nm","p_w_given_topic":0.009342}],[{"token":"1288nm","p_w_given_topic":0.011044},{"token":"1276nm","p_w_given_topic":0.011044},{"token":"1264nm","p_w_given_topic":0.010928},{"token":"1252nm","p_w_given_topic":0.010836},{"token":"1300nm","p_w_given_topic":0.010743},{"token":"1228nm","p_w_given_topic":0.010256},{"token":"1240nm","p_w_given_topic":0.010186},{"token":"1216nm","p_w_given_topic":0.009815},{"token":"1312nm","p_w_given_topic":0.009722},{"token":"1192nm","p_w_given_topic":0.009514},{"token":"1204nm","p_w_given_topic":0.009444},{"token":"1552nm","p_w_given_topic":0.009444},{"token":"1036nm","p_w_given_topic":0.009282},{"token":"1024nm","p_w_given_topic":0.009258},{"token":"1324nm","p_w_given_topic":0.009143},{"token":"1060nm","p_w_given_topic":0.009119},{"token":"1072nm","p_w_given_topic":0.00905},{"token":"1012nm","p_w_given_topic":0.009027},{"token":"0988nm","p_w_given_topic":0.009003},{"token":"1048nm","p_w_given_topic":0.009003},{"token":"1540nm","p_w_given_topic":0.008957},{"token":"1180nm","p_w_given_topic":0.008841},{"token":"1000nm","p_w_given_topic":0.008771},{"token":"0964nm","p_w_given_topic":0.008632},{"token":"1348nm","p_w_given_topic":0.008609},{"token":"0976nm","p_w_given_topic":0.008563},{"token":"1456nm","p_w_given_topic":0.00847},{"token":"1504nm","p_w_given_topic":0.008447},{"token":"1168nm","p_w_given_topic":0.008308},{"token":"0952nm","p_w_given_topic":0.008284}],[{"token":"1288nm","p_w_given_topic":0.015258},{"token":"1276nm","p_w_given_topic":0.015258},{"token":"1300nm","p_w_given_topic":0.014014},{"token":"1216nm","p_w_given_topic":0.014011},{"token":"1228nm","p_w_given_topic":0.014004},{"token":"1240nm","p_w_given_topic":0.013998},{"token":"1252nm","p_w_given_topic":0.013995},{"token":"1264nm","p_w_given_topic":0.013951},{"token":"1204nm","p_w_given_topic":0.013922},{"token":"1192nm","p_w_given_topic":0.013241},{"token":"1180nm","p_w_given_topic":0.012899},{"token":"1036nm","p_w_given_topic":0.012756},{"token":"1168nm","p_w_given_topic":0.012728},{"token":"1060nm","p_w_given_topic":0.012721},{"token":"1312nm","p_w_given_topic":0.012677},{"token":"1024nm","p_w_given_topic":0.012672},{"token":"1156nm","p_w_given_topic":0.012618},{"token":"1048nm","p_w_given_topic":0.012602},{"token":"1552nm","p_w_given_topic":0.012547},{"token":"1144nm","p_w_given_topic":0.012547},{"token":"1012nm","p_w_given_topic":0.012454},{"token":"1324nm","p_w_given_topic":0.012381},{"token":"1000nm","p_w_given_topic":0.012273},{"token":"0988nm","p_w_given_topic":0.012042},{"token":"0976nm","p_w_given_topic":0.012035},{"token":"0964nm","p_w_given_topic":0.011925},{"token":"1072nm","p_w_given_topic":0.011784},{"token":"0952nm","p_w_given_topic":0.011716},{"token":"1132nm","p_w_given_topic":0.011674},{"token":"1540nm","p_w_given_topic":0.011639}],[{"token":"1552nm","p_w_given_topic":0.010949},{"token":"1288nm","p_w_given_topic":0.010599},{"token":"1300nm","p_w_given_topic":0.010161},{"token":"1276nm","p_w_given_topic":0.010047},{"token":"1540nm","p_w_given_topic":0.009776},{"token":"1264nm","p_w_given_topic":0.009478},{"token":"1252nm","p_w_given_topic":0.009312},{"token":"1828nm","p_w_given_topic":0.009303},{"token":"1456nm","p_w_given_topic":0.009285},{"token":"1432nm","p_w_given_topic":0.009276},{"token":"1852nm","p_w_given_topic":0.009259},{"token":"1816nm","p_w_given_topic":0.00925},{"token":"1804nm","p_w_given_topic":0.009206},{"token":"1444nm","p_w_given_topic":0.009163},{"token":"1840nm","p_w_given_topic":0.009136},{"token":"1348nm","p_w_given_topic":0.009136},{"token":"1876nm","p_w_given_topic":0.00911},{"token":"1864nm","p_w_given_topic":0.009084},{"token":"1312nm","p_w_given_topic":0.009075},{"token":"1768nm","p_w_given_topic":0.009049},{"token":"1468nm","p_w_given_topic":0.009049},{"token":"1504nm","p_w_given_topic":0.009031},{"token":"1420nm","p_w_given_topic":0.009014},{"token":"1528nm","p_w_given_topic":0.009005},{"token":"1396nm","p_w_given_topic":0.008926},{"token":"1792nm","p_w_given_topic":0.008909},{"token":"1780nm","p_w_given_topic":0.008909},{"token":"1408nm","p_w_given_topic":0.008865},{"token":"1888nm","p_w_given_topic":0.008856},{"token":"1216nm","p_w_given_topic":0.008786}],[{"token":"1288nm","p_w_given_topic":0.011253},{"token":"1552nm","p_w_given_topic":0.011053},{"token":"1276nm","p_w_given_topic":0.01084},{"token":"1300nm","p_w_given_topic":0.010579},{"token":"1264nm","p_w_given_topic":0.010388},{"token":"1252nm","p_w_given_topic":0.010264},{"token":"1540nm","p_w_given_topic":0.010188},{"token":"1312nm","p_w_given_topic":0.009787},{"token":"1504nm","p_w_given_topic":0.009584},{"token":"1216nm","p_w_given_topic":0.009536},{"token":"1528nm","p_w_given_topic":0.009479},{"token":"1240nm","p_w_given_topic":0.009473},{"token":"1228nm","p_w_given_topic":0.009463},{"token":"1468nm","p_w_given_topic":0.009454},{"token":"1456nm","p_w_given_topic":0.009447},{"token":"1348nm","p_w_given_topic":0.009384},{"token":"1204nm","p_w_given_topic":0.009365},{"token":"1192nm","p_w_given_topic":0.009358},{"token":"1180nm","p_w_given_topic":0.009333},{"token":"1444nm","p_w_given_topic":0.009272},{"token":"1324nm","p_w_given_topic":0.009218},{"token":"1432nm","p_w_given_topic":0.009193},{"token":"1420nm","p_w_given_topic":0.009161},{"token":"1168nm","p_w_given_topic":0.009123},{"token":"1360nm","p_w_given_topic":0.009088},{"token":"1372nm","p_w_given_topic":0.008942},{"token":"1396nm","p_w_given_topic":0.008786},{"token":"1384nm","p_w_given_topic":0.008764},{"token":"1408nm","p_w_given_topic":0.008725},{"token":"1480nm","p_w_given_topic":0.008662}],[{"token":"1276nm","p_w_given_topic":0.01366},{"token":"1288nm","p_w_given_topic":0.013638},{"token":"1300nm","p_w_given_topic":0.012712},{"token":"1264nm","p_w_given_topic":0.012507},{"token":"1228nm","p_w_given_topic":0.012485},{"token":"1240nm","p_w_given_topic":0.012463},{"token":"1252nm","p_w_given_topic":0.012451},{"token":"1204nm","p_w_given_topic":0.012402},{"token":"1216nm","p_w_given_topic":0.012363},{"token":"1192nm","p_w_given_topic":0.012163},{"token":"1036nm","p_w_given_topic":0.011947},{"token":"1024nm","p_w_given_topic":0.011664},{"token":"1060nm","p_w_given_topic":0.011587},{"token":"1180nm","p_w_given_topic":0.011576},{"token":"1012nm","p_w_given_topic":0.01147},{"token":"1048nm","p_w_given_topic":0.011404},{"token":"1312nm","p_w_given_topic":0.011393},{"token":"1168nm","p_w_given_topic":0.011371},{"token":"1000nm","p_w_given_topic":0.011249},{"token":"1552nm","p_w_given_topic":0.011243},{"token":"0976nm","p_w_given_topic":0.011226},{"token":"0988nm","p_w_given_topic":0.011215},{"token":"0964nm","p_w_given_topic":0.011177},{"token":"1156nm","p_w_given_topic":0.011154},{"token":"1324nm","p_w_given_topic":0.01106},{"token":"1072nm","p_w_given_topic":0.011043},{"token":"0952nm","p_w_given_topic":0.011027},{"token":"1144nm","p_w_given_topic":0.010994},{"token":"0916nm","p_w_given_topic":0.010855},{"token":"1348nm","p_w_given_topic":0.01075}],[{"token":"1288nm","p_w_given_topic":0.011887},{"token":"1276nm","p_w_given_topic":0.011863},{"token":"1300nm","p_w_given_topic":0.011384},{"token":"1552nm","p_w_given_topic":0.011252},{"token":"1264nm","p_w_given_topic":0.011018},{"token":"1252nm","p_w_given_topic":0.010958},{"token":"1540nm","p_w_given_topic":0.010419},{"token":"1312nm","p_w_given_topic":0.010317},{"token":"1216nm","p_w_given_topic":0.010269},{"token":"1240nm","p_w_given_topic":0.010245},{"token":"1228nm","p_w_given_topic":0.010239},{"token":"1324nm","p_w_given_topic":0.010071},{"token":"1192nm","p_w_given_topic":0.010053},{"token":"1180nm","p_w_given_topic":0.010029},{"token":"1204nm","p_w_given_topic":0.009945},{"token":"1456nm","p_w_given_topic":0.009897},{"token":"1348nm","p_w_given_topic":0.009885},{"token":"1168nm","p_w_given_topic":0.009873},{"token":"1504nm","p_w_given_topic":0.009849},{"token":"1444nm","p_w_given_topic":0.009837},{"token":"1468nm","p_w_given_topic":0.009657},{"token":"1432nm","p_w_given_topic":0.009633},{"token":"1528nm","p_w_given_topic":0.009579},{"token":"1156nm","p_w_given_topic":0.009376},{"token":"1420nm","p_w_given_topic":0.009346},{"token":"1036nm","p_w_given_topic":0.009316},{"token":"1060nm","p_w_given_topic":0.009268},{"token":"1372nm","p_w_given_topic":0.009244},{"token":"1360nm","p_w_given_topic":0.009214},{"token":"1396nm","p_w_given_topic":0.009208}],[{"token":"0580nm","p_w_given_topic":0.01182},{"token":"0592nm","p_w_given_topic":0.011806},{"token":"0616nm","p_w_given_topic":0.011694},{"token":"0568nm","p_w_given_topic":0.011687},{"token":"0556nm","p_w_given_topic":0.011603},{"token":"0604nm","p_w_given_topic":0.011317},{"token":"0628nm","p_w_given_topic":0.010954},{"token":"0640nm","p_w_given_topic":0.010912},{"token":"0520nm","p_w_given_topic":0.010863},{"token":"0544nm","p_w_given_topic":0.010849},{"token":"0508nm","p_w_given_topic":0.010276},{"token":"0652nm","p_w_given_topic":0.010171},{"token":"0532nm","p_w_given_topic":0.010123},{"token":"0688nm","p_w_given_topic":0.009983},{"token":"0664nm","p_w_given_topic":0.009885},{"token":"0676nm","p_w_given_topic":0.009745},{"token":"0496nm","p_w_given_topic":0.009731},{"token":"0700nm","p_w_given_topic":0.009494},{"token":"0484nm","p_w_given_topic":0.009431},{"token":"0712nm","p_w_given_topic":0.009208},{"token":"0724nm","p_w_given_topic":0.008719},{"token":"0760nm","p_w_given_topic":0.008586},{"token":"0736nm","p_w_given_topic":0.008551},{"token":"0748nm","p_w_given_topic":0.008272},{"token":"0772nm","p_w_given_topic":0.00823},{"token":"0472nm","p_w_given_topic":0.008132},{"token":"0784nm","p_w_given_topic":0.007908},{"token":"0460nm","p_w_given_topic":0.007699},{"token":"0796nm","p_w_given_topic":0.00758},{"token":"0412nm","p_w_given_topic":0.007489}],[{"token":"1984nm","p_w_given_topic":0.258475},{"token":"2500nm","p_w_given_topic":0.004237},{"token":"2476nm","p_w_given_topic":0.004237},{"token":"2488nm","p_w_given_topic":0.004237},{"token":"2452nm","p_w_given_topic":0.004237},{"token":"2440nm","p_w_given_topic":0.004237},{"token":"2428nm","p_w_given_topic":0.004237},{"token":"2464nm","p_w_given_topic":0.004237},{"token":"2404nm","p_w_given_topic":0.004237},{"token":"2392nm","p_w_given_topic":0.004237},{"token":"2380nm","p_w_given_topic":0.004237},{"token":"2368nm","p_w_given_topic":0.004237},{"token":"2356nm","p_w_given_topic":0.004237},{"token":"2344nm","p_w_given_topic":0.004237},{"token":"2332nm","p_w_given_topic":0.004237},{"token":"2416nm","p_w_given_topic":0.004237},{"token":"2320nm","p_w_given_topic":0.004237},{"token":"2308nm","p_w_given_topic":0.004237},{"token":"2284nm","p_w_given_topic":0.004237},{"token":"2296nm","p_w_given_topic":0.004237},{"token":"2260nm","p_w_given_topic":0.004237},{"token":"2248nm","p_w_given_topic":0.004237},{"token":"2236nm","p_w_given_topic":0.004237},{"token":"2272nm","p_w_given_topic":0.004237},{"token":"2212nm","p_w_given_topic":0.004237},{"token":"2200nm","p_w_given_topic":0.004237},{"token":"2188nm","p_w_given_topic":0.004237},{"token":"2176nm","p_w_given_topic":0.004237},{"token":"2164nm","p_w_given_topic":0.004237},{"token":"2152nm","p_w_given_topic":0.004237}],[{"token":"1552nm","p_w_given_topic":0.010009},{"token":"1816nm","p_w_given_topic":0.009826},{"token":"1804nm","p_w_given_topic":0.009786},{"token":"1780nm","p_w_given_topic":0.009772},{"token":"1828nm","p_w_given_topic":0.009625},{"token":"1792nm","p_w_given_topic":0.009536},{"token":"1852nm","p_w_given_topic":0.009527},{"token":"1840nm","p_w_given_topic":0.009474},{"token":"1768nm","p_w_given_topic":0.009447},{"token":"1864nm","p_w_given_topic":0.009268},{"token":"1540nm","p_w_given_topic":0.00917},{"token":"1924nm","p_w_given_topic":0.009134},{"token":"1936nm","p_w_given_topic":0.00909},{"token":"1756nm","p_w_given_topic":0.009059},{"token":"1960nm","p_w_given_topic":0.009027},{"token":"1744nm","p_w_given_topic":0.008947},{"token":"1876nm","p_w_given_topic":0.008916},{"token":"1888nm","p_w_given_topic":0.008898},{"token":"1912nm","p_w_given_topic":0.008831},{"token":"1732nm","p_w_given_topic":0.008715},{"token":"1900nm","p_w_given_topic":0.008675},{"token":"1288nm","p_w_given_topic":0.008661},{"token":"1948nm","p_w_given_topic":0.008581},{"token":"1456nm","p_w_given_topic":0.008474},{"token":"1720nm","p_w_given_topic":0.008434},{"token":"1468nm","p_w_given_topic":0.008416},{"token":"1528nm","p_w_given_topic":0.008416},{"token":"1696nm","p_w_given_topic":0.008403},{"token":"1444nm","p_w_given_topic":0.008398},{"token":"1504nm","p_w_given_topic":0.008349}],[{"token":"0616nm","p_w_given_topic":0.016466},{"token":"0604nm","p_w_given_topic":0.016035},{"token":"0580nm","p_w_given_topic":0.015981},{"token":"0592nm","p_w_given_topic":0.015765},{"token":"0568nm","p_w_given_topic":0.014867},{"token":"0628nm","p_w_given_topic":0.014759},{"token":"0556nm","p_w_given_topic":0.014687},{"token":"0544nm","p_w_given_topic":0.013842},{"token":"0640nm","p_w_given_topic":0.013663},{"token":"0520nm","p_w_given_topic":0.013357},{"token":"0652nm","p_w_given_topic":0.012962},{"token":"0508nm","p_w_given_topic":0.012854},{"token":"0664nm","p_w_given_topic":0.0128},{"token":"0532nm","p_w_given_topic":0.012656},{"token":"0496nm","p_w_given_topic":0.012458},{"token":"0688nm","p_w_given_topic":0.012207},{"token":"0676nm","p_w_given_topic":0.012027},{"token":"0484nm","p_w_given_topic":0.011775},{"token":"0700nm","p_w_given_topic":0.010967},{"token":"0712nm","p_w_given_topic":0.01023},{"token":"0412nm","p_w_given_topic":0.010068},{"token":"0472nm","p_w_given_topic":0.01005},{"token":"0724nm","p_w_given_topic":0.009852},{"token":"0760nm","p_w_given_topic":0.009834},{"token":"0460nm","p_w_given_topic":0.009745},{"token":"0736nm","p_w_given_topic":0.009583},{"token":"0772nm","p_w_given_topic":0.009313},{"token":"0748nm","p_w_given_topic":0.009044},{"token":"0448nm","p_w_given_topic":0.008738},{"token":"0784nm","p_w_given_topic":0.008702}],[{"token":"1984nm","p_w_given_topic":0.835835},{"token":"2500nm","p_w_given_topic":0.000938},{"token":"2476nm","p_w_given_topic":0.000938},{"token":"2488nm","p_w_given_topic":0.000938},{"token":"2452nm","p_w_given_topic":0.000938},{"token":"2440nm","p_w_given_topic":0.000938},{"token":"2428nm","p_w_given_topic":0.000938},{"token":"2464nm","p_w_given_topic":0.000938},{"token":"2404nm","p_w_given_topic":0.000938},{"token":"2392nm","p_w_given_topic":0.000938},{"token":"2380nm","p_w_given_topic":0.000938},{"token":"2368nm","p_w_given_topic":0.000938},{"token":"2356nm","p_w_given_topic":0.000938},{"token":"2344nm","p_w_given_topic":0.000938},{"token":"2332nm","p_w_given_topic":0.000938},{"token":"2416nm","p_w_given_topic":0.000938},{"token":"2320nm","p_w_given_topic":0.000938},{"token":"2308nm","p_w_given_topic":0.000938},{"token":"2284nm","p_w_given_topic":0.000938},{"token":"2296nm","p_w_given_topic":0.000938},{"token":"2260nm","p_w_given_topic":0.000938},{"token":"2248nm","p_w_given_topic":0.000938},{"token":"2236nm","p_w_given_topic":0.000938},{"token":"2272nm","p_w_given_topic":0.000938},{"token":"2212nm","p_w_given_topic":0.000938},{"token":"2200nm","p_w_given_topic":0.000938},{"token":"2188nm","p_w_given_topic":0.000938},{"token":"2176nm","p_w_given_topic":0.000938},{"token":"2164nm","p_w_given_topic":0.000938},{"token":"2152nm","p_w_given_topic":0.000938}],[{"token":"2500nm","p_w_given_topic":0.285291},{"token":"2476nm","p_w_given_topic":0.249703},{"token":"1984nm","p_w_given_topic":0.148873},{"token":"2488nm","p_w_given_topic":0.03618},{"token":"2428nm","p_w_given_topic":0.03618},{"token":"2404nm","p_w_given_topic":0.03618},{"token":"2056nm","p_w_given_topic":0.03618},{"token":"2452nm","p_w_given_topic":0.03618},{"token":"1996nm","p_w_given_topic":0.03618},{"token":"2416nm","p_w_given_topic":0.000593},{"token":"2380nm","p_w_given_topic":0.000593},{"token":"2368nm","p_w_given_topic":0.000593},{"token":"2356nm","p_w_given_topic":0.000593},{"token":"2392nm","p_w_given_topic":0.000593},{"token":"2440nm","p_w_given_topic":0.000593},{"token":"2464nm","p_w_given_topic":0.000593},{"token":"2320nm","p_w_given_topic":0.000593},{"token":"2332nm","p_w_given_topic":0.000593},{"token":"2344nm","p_w_given_topic":0.000593},{"token":"2308nm","p_w_given_topic":0.000593},{"token":"2260nm","p_w_given_topic":0.000593},{"token":"2296nm","p_w_given_topic":0.000593},{"token":"2284nm","p_w_given_topic":0.000593},{"token":"2272nm","p_w_given_topic":0.000593},{"token":"2212nm","p_w_given_topic":0.000593},{"token":"2200nm","p_w_given_topic":0.000593},{"token":"2188nm","p_w_given_topic":0.000593},{"token":"2176nm","p_w_given_topic":0.000593},{"token":"2164nm","p_w_given_topic":0.000593},{"token":"2248nm","p_w_given_topic":0.000593}],[{"token":"0592nm","p_w_given_topic":0.025792},{"token":"0712nm","p_w_given_topic":0.024239},{"token":"0628nm","p_w_given_topic":0.024239},{"token":"0520nm","p_w_given_topic":0.023462},{"token":"0640nm","p_w_given_topic":0.022685},{"token":"0604nm","p_w_given_topic":0.021908},{"token":"0568nm","p_w_given_topic":0.021908},{"token":"0556nm","p_w_given_topic":0.021131},{"token":"0664nm","p_w_given_topic":0.020354},{"token":"0412nm","p_w_given_topic":0.019577},{"token":"0688nm","p_w_given_topic":0.019577},{"token":"0508nm","p_w_given_topic":0.0188},{"token":"0616nm","p_w_given_topic":0.0188},{"token":"0532nm","p_w_given_topic":0.0188},{"token":"0580nm","p_w_given_topic":0.0188},{"token":"0772nm","p_w_given_topic":0.0188},{"token":"0448nm","p_w_given_topic":0.018024},{"token":"0748nm","p_w_given_topic":0.018024},{"token":"0484nm","p_w_given_topic":0.018024},{"token":"0544nm","p_w_given_topic":0.018024},{"token":"0724nm","p_w_given_topic":0.018024},{"token":"0676nm","p_w_given_topic":0.017247},{"token":"0964nm","p_w_given_topic":0.017247},{"token":"0892nm","p_w_given_topic":0.017247},{"token":"0784nm","p_w_given_topic":0.01647},{"token":"0436nm","p_w_given_topic":0.01647},{"token":"0940nm","p_w_given_topic":0.01647},{"token":"0880nm","p_w_given_topic":0.01647},{"token":"0760nm","p_w_given_topic":0.015693},{"token":"0976nm","p_w_given_topic":0.015693}],[{"token":"0400nm","p_w_given_topic":0.431818},{"token":"2500nm","p_w_given_topic":0.072967},{"token":"2440nm","p_w_given_topic":0.072967},{"token":"2488nm","p_w_given_topic":0.072967},{"token":"2092nm","p_w_given_topic":0.072967},{"token":"1984nm","p_w_given_topic":0.072967},{"token":"2464nm","p_w_given_topic":0.001196},{"token":"2452nm","p_w_given_topic":0.001196},{"token":"2404nm","p_w_given_topic":0.001196},{"token":"2392nm","p_w_given_topic":0.001196},{"token":"2380nm","p_w_given_topic":0.001196},{"token":"2368nm","p_w_given_topic":0.001196},{"token":"2356nm","p_w_given_topic":0.001196},{"token":"2344nm","p_w_given_topic":0.001196},{"token":"2428nm","p_w_given_topic":0.001196},{"token":"2476nm","p_w_given_topic":0.001196},{"token":"2320nm","p_w_given_topic":0.001196},{"token":"2332nm","p_w_given_topic":0.001196},{"token":"2308nm","p_w_given_topic":0.001196},{"token":"2296nm","p_w_given_topic":0.001196},{"token":"2260nm","p_w_given_topic":0.001196},{"token":"2248nm","p_w_given_topic":0.001196},{"token":"2284nm","p_w_given_topic":0.001196},{"token":"2272nm","p_w_given_topic":0.001196},{"token":"2212nm","p_w_given_topic":0.001196},{"token":"2200nm","p_w_given_topic":0.001196},{"token":"2188nm","p_w_given_topic":0.001196},{"token":"2176nm","p_w_given_topic":0.001196},{"token":"2164nm","p_w_given_topic":0.001196},{"token":"2152nm","p_w_given_topic":0.001196}]],"perplexity":171.92309857624466,"reconstruction_err":null,"npmi_coherence":0.793504,"topic_distance_js":[[0.0,0.005388,0.006964,0.008534,0.008601,0.015982,0.01048,0.021385,0.016466,0.00522,0.011392,0.07222,0.152503,0.050674,0.098653,0.472952,0.510927,0.293967,0.425906],[0.005388,0.0,0.006318,0.022097,0.004827,0.016013,0.011621,0.012598,0.004664,0.003816,0.001793,0.068491,0.139471,0.028475,0.097756,0.466817,0.49854,0.305512,0.415731],[0.006964,0.006318,0.0,0.019807,0.015339,0.030991,0.001479,0.033128,0.020167,0.001934,0.013353,0.09928,0.170199,0.056079,0.130685,0.479858,0.517476,0.326332,0.434792],[0.008534,0.022097,0.019807,0.0,0.016848,0.017823,0.021744,0.041053,0.039605,0.015913,0.032507,0.066417,0.160574,0.085895,0.086609,0.475798,0.51905,0.240607,0.431447],[0.008601,0.004827,0.015339,0.016848,0.0,0.005106,0.021959,0.010242,0.007894,0.009258,0.006076,0.042778,0.123278,0.032494,0.066763,0.458912,0.493454,0.253606,0.407761],[0.015982,0.016013,0.030991,0.017823,0.005106,0.0,0.038653,0.010745,0.017879,0.021578,0.017093,0.02479,0.11803,0.042559,0.042686,0.459191,0.498189,0.215083,0.405442],[0.01048,0.011621,0.001479,0.021744,0.021959,0.038653,0.0,0.042851,0.028681,0.004255,0.0205,0.111751,0.184478,0.068676,0.143523,0.487242,0.528364,0.333456,0.446062],[0.021385,0.012598,0.033128,0.041053,0.010242,0.010745,0.042851,0.0,0.006346,0.025403,0.008358,0.041787,0.119794,0.015622,0.065946,0.461592,0.494081,0.281411,0.406734],[0.016466,0.004664,0.020167,0.039605,0.007894,0.017879,0.028681,0.006346,0.0,0.015611,0.000791,0.058512,0.122908,0.010697,0.08741,0.458832,0.481936,0.308319,0.402857],[0.00522,0.003816,0.001934,0.015913,0.009258,0.021578,0.004255,0.025403,0.015611,0.0,0.009773,0.081877,0.157213,0.0498,0.111261,0.474809,0.513144,0.301241,0.428427],[0.011392,0.001793,0.013353,0.032507,0.006076,0.017093,0.0205,0.008358,0.000791,0.009773,0.0,0.063128,0.12985,0.016589,0.092592,0.462446,0.489233,0.309248,0.408743],[0.07222,0.068491,0.09928,0.066417,0.042778,0.02479,0.111751,0.041787,0.058512,0.081877,0.063128,0.0,0.108824,0.069397,0.003807,0.455253,0.481621,0.143024,0.394492],[0.152503,0.139471,0.170199,0.160574,0.123278,0.11803,0.184478,0.119794,0.122908,0.157213,0.12985,0.108824,0.0,0.118095,0.118512,0.17971,0.346697,0.271436,0.317599],[0.050674,0.028475,0.056079,0.085895,0.032494,0.042559,0.068676,0.015622,0.010697,0.0498,0.016589,0.069397,0.118095,0.0,0.098608,0.454341,0.461937,0.342532,0.391847],[0.098653,0.097756,0.130685,0.086609,0.066763,0.042686,0.143523,0.065946,0.08741,0.111261,0.092592,0.003807,0.118512,0.098608,0.0,0.456379,0.482419,0.117241,0.397847],[0.472952,0.466817,0.479858,0.475798,0.458912,0.459191,0.487242,0.461592,0.458832,0.474809,0.462446,0.455253,0.17971,0.454341,0.456379,0.0,0.379295,0.514932,0.428336],[0.510927,0.49854,0.517476,0.51905,0.493454,0.498189,0.528364,0.494081,0.481936,0.513144,0.489233,0.481621,0.346697,0.461937,0.482419,0.379295,0.0,0.547545,0.381752],[0.293967,0.305512,0.326332,0.240607,0.253606,0.215083,0.333456,0.281411,0.308319,0.301241,0.309248,0.143024,0.271436,0.342532,0.117241,0.514932,0.547545,0.0,0.464997],[0.425906,0.415731,0.434792,0.431447,0.407761,0.405442,0.446062,0.406734,0.402857,0.428427,0.408743,0.394492,0.317599,0.391847,0.397847,0.428336,0.381752,0.464997,0.0]],"topic_intertopic_2d_js":[[0.165253,-0.073403],[0.146541,-0.014489],[0.211588,-0.022396],[0.15582,-0.146171],[0.101658,-0.057759],[0.060922,-0.095943],[0.235745,-0.032308],[0.054183,-0.012473],[0.103558,0.020734],[0.185949,-0.037463],[0.123118,0.009278],[-0.060175,-0.151163],[-0.193,0.116721],[0.059643,0.094916],[-0.08863,-0.194334],[-0.414616,0.397182],[-0.60743,0.037675],[-0.241207,-0.396901],[0.001082,0.558298]],"K_live":19,"topic_correlation":null,"wavelengths_nm":[400.0,412.0,424.0,436.0,448.0,460.0,472.0,484.0,496.0,508.0,520.0,532.0,544.0,556.0,568.0,580.0,592.0,604.0,616.0,628.0,640.0,652.0,664.0,676.0,688.0,700.0,712.0,724.0,736.0,748.0,760.0,772.0,784.0,796.0,808.0,820.0,832.0,844.0,856.0,868.0,880.0,892.0,904.0,916.0,928.0,940.0,952.0,964.0,976.0,988.0,1000.0,1012.0,1024.0,1036.0,1048.0,1060.0,1072.0,1084.0,1096.0,1108.0,1120.0,1132.0,1144.0,1156.0,1168.0,1180.0,1192.0,1204.0,1216.0,1228.0,1240.0,1252.0,1264.0,1276.0,1288.0,1300.0,1312.0,1324.0,1336.0,1348.0,1360.0,1372.0,1384.0,1396.0,1408.0,1420.0,1432.0,1444.0,1456.0,1468.0,1480.0,1492.0,1504.0,1516.0,1528.0,1540.0,1552.0,1564.0,1576.0,1588.0,1600.0,1612.0,1624.0,1636.0,1648.0,1660.0,1672.0,1684.0,1696.0,1708.0,1720.0,1732.0,1744.0,1756.0,1768.0,1780.0,1792.0,1804.0,1816.0,1828.0,1840.0,1852.0,1864.0,1876.0,1888.0,1900.0,1912.0,1924.0,1936.0,1948.0,1960.0,1972.0,1984.0,1996.0,2008.0,2020.0,2032.0,2044.0,2056.0,2068.0,2080.0,2092.0,2104.0,2116.0,2128.0,2140.0,2152.0,2164.0,2176.0,2188.0,2200.0,2212.0,2224.0,2236.0,2248.0,2260.0,2272.0,2284.0,2296.0,2308.0,2320.0,2332.0,2344.0,2356.0,2368.0,2380.0,2392.0,2404.0,2416.0,2428.0,2440.0,2452.0,2464.0,2476.0,2488.0,2500.0],"generated_at":"2026-05-03T12:38:51Z","builder_version":"build_topic_model_variants v0.1"}