{"scene_id":"kennedy-space-center","variant":"tomotopy_hdp","topic_count":17,"vocabulary_size":176,"document_count":2686,"topic_prevalence":[0.064727,0.057697,0.014416,0.025064,0.009958,0.020801,0.225716,0.02122,0.124559,0.222843,0.000372,0.016681,0.077921,0.034532,0.010797,0.070464,0.002234],"top_words_per_topic":[[{"token":"1276nm","p_w_given_topic":0.013508},{"token":"1288nm","p_w_given_topic":0.013431},{"token":"1300nm","p_w_given_topic":0.012493},{"token":"1228nm","p_w_given_topic":0.012421},{"token":"1252nm","p_w_given_topic":0.012376},{"token":"1240nm","p_w_given_topic":0.012331},{"token":"1264nm","p_w_given_topic":0.012286},{"token":"1204nm","p_w_given_topic":0.012279},{"token":"1216nm","p_w_given_topic":0.01224},{"token":"1192nm","p_w_given_topic":0.012085},{"token":"1036nm","p_w_given_topic":0.011807},{"token":"1024nm","p_w_given_topic":0.011755},{"token":"1060nm","p_w_given_topic":0.011619},{"token":"1180nm","p_w_given_topic":0.011509},{"token":"1312nm","p_w_given_topic":0.011471},{"token":"0964nm","p_w_given_topic":0.011393},{"token":"1012nm","p_w_given_topic":0.011386},{"token":"1048nm","p_w_given_topic":0.01138},{"token":"0976nm","p_w_given_topic":0.011173},{"token":"1552nm","p_w_given_topic":0.011173},{"token":"1168nm","p_w_given_topic":0.011173},{"token":"0988nm","p_w_given_topic":0.011167},{"token":"1000nm","p_w_given_topic":0.011102},{"token":"1324nm","p_w_given_topic":0.011095},{"token":"1156nm","p_w_given_topic":0.011089},{"token":"1072nm","p_w_given_topic":0.011076},{"token":"0952nm","p_w_given_topic":0.011063},{"token":"1144nm","p_w_given_topic":0.011044},{"token":"0916nm","p_w_given_topic":0.011011},{"token":"0904nm","p_w_given_topic":0.010875}],[{"token":"1288nm","p_w_given_topic":0.012156},{"token":"1276nm","p_w_given_topic":0.012024},{"token":"1300nm","p_w_given_topic":0.011523},{"token":"1552nm","p_w_given_topic":0.011397},{"token":"1252nm","p_w_given_topic":0.011166},{"token":"1264nm","p_w_given_topic":0.011087},{"token":"1540nm","p_w_given_topic":0.010632},{"token":"1228nm","p_w_given_topic":0.010559},{"token":"1240nm","p_w_given_topic":0.01046},{"token":"1216nm","p_w_given_topic":0.010421},{"token":"1312nm","p_w_given_topic":0.010302},{"token":"1192nm","p_w_given_topic":0.010256},{"token":"1204nm","p_w_given_topic":0.01021},{"token":"1180nm","p_w_given_topic":0.010144},{"token":"1468nm","p_w_given_topic":0.010124},{"token":"1456nm","p_w_given_topic":0.010091},{"token":"1504nm","p_w_given_topic":0.010064},{"token":"1348nm","p_w_given_topic":0.010045},{"token":"1168nm","p_w_given_topic":0.010018},{"token":"1324nm","p_w_given_topic":0.009926},{"token":"1444nm","p_w_given_topic":0.00986},{"token":"1528nm","p_w_given_topic":0.009807},{"token":"1156nm","p_w_given_topic":0.009642},{"token":"1432nm","p_w_given_topic":0.009629},{"token":"1420nm","p_w_given_topic":0.009484},{"token":"1360nm","p_w_given_topic":0.009411},{"token":"1024nm","p_w_given_topic":0.009279},{"token":"1060nm","p_w_given_topic":0.009259},{"token":"1048nm","p_w_given_topic":0.009233},{"token":"1372nm","p_w_given_topic":0.009213}],[{"token":"1276nm","p_w_given_topic":0.015405},{"token":"1288nm","p_w_given_topic":0.015047},{"token":"1264nm","p_w_given_topic":0.014787},{"token":"1252nm","p_w_given_topic":0.014331},{"token":"1228nm","p_w_given_topic":0.013777},{"token":"1216nm","p_w_given_topic":0.013647},{"token":"1240nm","p_w_given_topic":0.013615},{"token":"1300nm","p_w_given_topic":0.013484},{"token":"1204nm","p_w_given_topic":0.013289},{"token":"1180nm","p_w_given_topic":0.012312},{"token":"1552nm","p_w_given_topic":0.012084},{"token":"1192nm","p_w_given_topic":0.011987},{"token":"1312nm","p_w_given_topic":0.011954},{"token":"1540nm","p_w_given_topic":0.011433},{"token":"1168nm","p_w_given_topic":0.011433},{"token":"1156nm","p_w_given_topic":0.011303},{"token":"1444nm","p_w_given_topic":0.011238},{"token":"1468nm","p_w_given_topic":0.011205},{"token":"1324nm","p_w_given_topic":0.011173},{"token":"1456nm","p_w_given_topic":0.01114},{"token":"1144nm","p_w_given_topic":0.011108},{"token":"1348nm","p_w_given_topic":0.011075},{"token":"1060nm","p_w_given_topic":0.010652},{"token":"1504nm","p_w_given_topic":0.010652},{"token":"1432nm","p_w_given_topic":0.010522},{"token":"1528nm","p_w_given_topic":0.010489},{"token":"1420nm","p_w_given_topic":0.010457},{"token":"1384nm","p_w_given_topic":0.010359},{"token":"1396nm","p_w_given_topic":0.010294},{"token":"1036nm","p_w_given_topic":0.010261}],[{"token":"1264nm","p_w_given_topic":0.016865},{"token":"1276nm","p_w_given_topic":0.016845},{"token":"1288nm","p_w_given_topic":0.016645},{"token":"1252nm","p_w_given_topic":0.016285},{"token":"1240nm","p_w_given_topic":0.015506},{"token":"1216nm","p_w_given_topic":0.015326},{"token":"1228nm","p_w_given_topic":0.015306},{"token":"1300nm","p_w_given_topic":0.015167},{"token":"1204nm","p_w_given_topic":0.014887},{"token":"1192nm","p_w_given_topic":0.014088},{"token":"1180nm","p_w_given_topic":0.013529},{"token":"1168nm","p_w_given_topic":0.012809},{"token":"1312nm","p_w_given_topic":0.01243},{"token":"1060nm","p_w_given_topic":0.01217},{"token":"1156nm","p_w_given_topic":0.01209},{"token":"1048nm","p_w_given_topic":0.01185},{"token":"1144nm","p_w_given_topic":0.01183},{"token":"1552nm","p_w_given_topic":0.011631},{"token":"1324nm","p_w_given_topic":0.011611},{"token":"1036nm","p_w_given_topic":0.011491},{"token":"1132nm","p_w_given_topic":0.011131},{"token":"1540nm","p_w_given_topic":0.011031},{"token":"1072nm","p_w_given_topic":0.010951},{"token":"1468nm","p_w_given_topic":0.010832},{"token":"1444nm","p_w_given_topic":0.010832},{"token":"1456nm","p_w_given_topic":0.010752},{"token":"1504nm","p_w_given_topic":0.010672},{"token":"1120nm","p_w_given_topic":0.010592},{"token":"1024nm","p_w_given_topic":0.010452},{"token":"1084nm","p_w_given_topic":0.010312}],[{"token":"1288nm","p_w_given_topic":0.012525},{"token":"1300nm","p_w_given_topic":0.012211},{"token":"1276nm","p_w_given_topic":0.011856},{"token":"1252nm","p_w_given_topic":0.011384},{"token":"1264nm","p_w_given_topic":0.011187},{"token":"1312nm","p_w_given_topic":0.010872},{"token":"1552nm","p_w_given_topic":0.010754},{"token":"1240nm","p_w_given_topic":0.010715},{"token":"1204nm","p_w_given_topic":0.010557},{"token":"1192nm","p_w_given_topic":0.0104},{"token":"1228nm","p_w_given_topic":0.010282},{"token":"1216nm","p_w_given_topic":0.010282},{"token":"1180nm","p_w_given_topic":0.010242},{"token":"1060nm","p_w_given_topic":0.010085},{"token":"1024nm","p_w_given_topic":0.010006},{"token":"1012nm","p_w_given_topic":0.009967},{"token":"0976nm","p_w_given_topic":0.009967},{"token":"1000nm","p_w_given_topic":0.009888},{"token":"0964nm","p_w_given_topic":0.009888},{"token":"1048nm","p_w_given_topic":0.009849},{"token":"1540nm","p_w_given_topic":0.009809},{"token":"1324nm","p_w_given_topic":0.009809},{"token":"0952nm","p_w_given_topic":0.009731},{"token":"0988nm","p_w_given_topic":0.009691},{"token":"1036nm","p_w_given_topic":0.009613},{"token":"1072nm","p_w_given_topic":0.009534},{"token":"1348nm","p_w_given_topic":0.009416},{"token":"1156nm","p_w_given_topic":0.009416},{"token":"0928nm","p_w_given_topic":0.009376},{"token":"1168nm","p_w_given_topic":0.009337}],[{"token":"1252nm","p_w_given_topic":0.016575},{"token":"1264nm","p_w_given_topic":0.016506},{"token":"1288nm","p_w_given_topic":0.016367},{"token":"1276nm","p_w_given_topic":0.015904},{"token":"1228nm","p_w_given_topic":0.015487},{"token":"1240nm","p_w_given_topic":0.015325},{"token":"1216nm","p_w_given_topic":0.015279},{"token":"1300nm","p_w_given_topic":0.014469},{"token":"1204nm","p_w_given_topic":0.01433},{"token":"1192nm","p_w_given_topic":0.013798},{"token":"1048nm","p_w_given_topic":0.013266},{"token":"1060nm","p_w_given_topic":0.013057},{"token":"1180nm","p_w_given_topic":0.013011},{"token":"1036nm","p_w_given_topic":0.012872},{"token":"1072nm","p_w_given_topic":0.012109},{"token":"1312nm","p_w_given_topic":0.01197},{"token":"1024nm","p_w_given_topic":0.011947},{"token":"1168nm","p_w_given_topic":0.011947},{"token":"1012nm","p_w_given_topic":0.011785},{"token":"1000nm","p_w_given_topic":0.011137},{"token":"1156nm","p_w_given_topic":0.010905},{"token":"1324nm","p_w_given_topic":0.010674},{"token":"1084nm","p_w_given_topic":0.010558},{"token":"0988nm","p_w_given_topic":0.01028},{"token":"0964nm","p_w_given_topic":0.01028},{"token":"1144nm","p_w_given_topic":0.010234},{"token":"0916nm","p_w_given_topic":0.010188},{"token":"0904nm","p_w_given_topic":0.010188},{"token":"0976nm","p_w_given_topic":0.010095},{"token":"0880nm","p_w_given_topic":0.010026}],[{"token":"1276nm","p_w_given_topic":0.01542},{"token":"1288nm","p_w_given_topic":0.015272},{"token":"1252nm","p_w_given_topic":0.014125},{"token":"1216nm","p_w_given_topic":0.014102},{"token":"1240nm","p_w_given_topic":0.014096},{"token":"1264nm","p_w_given_topic":0.014075},{"token":"1300nm","p_w_given_topic":0.014059},{"token":"1204nm","p_w_given_topic":0.014011},{"token":"1228nm","p_w_given_topic":0.013975},{"token":"1192nm","p_w_given_topic":0.013449},{"token":"1180nm","p_w_given_topic":0.012962},{"token":"1036nm","p_w_given_topic":0.012918},{"token":"1156nm","p_w_given_topic":0.012839},{"token":"1060nm","p_w_given_topic":0.012808},{"token":"1312nm","p_w_given_topic":0.012751},{"token":"1048nm","p_w_given_topic":0.012751},{"token":"1024nm","p_w_given_topic":0.01271},{"token":"1168nm","p_w_given_topic":0.012687},{"token":"1144nm","p_w_given_topic":0.012672},{"token":"1012nm","p_w_given_topic":0.01261},{"token":"1552nm","p_w_given_topic":0.012575},{"token":"1000nm","p_w_given_topic":0.012473},{"token":"1324nm","p_w_given_topic":0.012423},{"token":"0976nm","p_w_given_topic":0.012229},{"token":"0988nm","p_w_given_topic":0.012154},{"token":"0964nm","p_w_given_topic":0.01205},{"token":"0952nm","p_w_given_topic":0.011873},{"token":"1072nm","p_w_given_topic":0.011788},{"token":"1132nm","p_w_given_topic":0.011767},{"token":"1120nm","p_w_given_topic":0.011594}],[{"token":"1288nm","p_w_given_topic":0.011382},{"token":"1276nm","p_w_given_topic":0.011214},{"token":"1300nm","p_w_given_topic":0.011079},{"token":"1264nm","p_w_given_topic":0.010439},{"token":"1252nm","p_w_given_topic":0.010271},{"token":"1552nm","p_w_given_topic":0.010237},{"token":"1312nm","p_w_given_topic":0.010002},{"token":"1216nm","p_w_given_topic":0.009901},{"token":"1240nm","p_w_given_topic":0.009817},{"token":"1228nm","p_w_given_topic":0.009547},{"token":"1540nm","p_w_given_topic":0.009497},{"token":"1204nm","p_w_given_topic":0.009396},{"token":"1180nm","p_w_given_topic":0.009177},{"token":"1192nm","p_w_given_topic":0.009143},{"token":"1024nm","p_w_given_topic":0.00884},{"token":"1456nm","p_w_given_topic":0.008824},{"token":"1468nm","p_w_given_topic":0.008773},{"token":"1048nm","p_w_given_topic":0.008706},{"token":"1348nm","p_w_given_topic":0.008706},{"token":"1060nm","p_w_given_topic":0.008706},{"token":"1036nm","p_w_given_topic":0.008672},{"token":"1324nm","p_w_given_topic":0.008672},{"token":"1504nm","p_w_given_topic":0.008672},{"token":"1072nm","p_w_given_topic":0.008672},{"token":"1432nm","p_w_given_topic":0.008571},{"token":"1168nm","p_w_given_topic":0.008554},{"token":"1012nm","p_w_given_topic":0.008554},{"token":"1444nm","p_w_given_topic":0.008436},{"token":"1144nm","p_w_given_topic":0.008268},{"token":"1156nm","p_w_given_topic":0.008251}],[{"token":"1288nm","p_w_given_topic":0.011214},{"token":"1552nm","p_w_given_topic":0.010971},{"token":"1276nm","p_w_given_topic":0.010793},{"token":"1300nm","p_w_given_topic":0.010662},{"token":"1264nm","p_w_given_topic":0.01027},{"token":"1252nm","p_w_given_topic":0.010244},{"token":"1540nm","p_w_given_topic":0.010124},{"token":"1312nm","p_w_given_topic":0.00982},{"token":"1240nm","p_w_given_topic":0.009557},{"token":"1504nm","p_w_given_topic":0.009529},{"token":"1456nm","p_w_given_topic":0.009466},{"token":"1216nm","p_w_given_topic":0.009454},{"token":"1348nm","p_w_given_topic":0.009443},{"token":"1228nm","p_w_given_topic":0.009426},{"token":"1324nm","p_w_given_topic":0.009411},{"token":"1444nm","p_w_given_topic":0.009406},{"token":"1468nm","p_w_given_topic":0.009391},{"token":"1204nm","p_w_given_topic":0.009388},{"token":"1180nm","p_w_given_topic":0.009368},{"token":"1192nm","p_w_given_topic":0.009366},{"token":"1528nm","p_w_given_topic":0.00936},{"token":"1432nm","p_w_given_topic":0.009251},{"token":"1168nm","p_w_given_topic":0.009125},{"token":"1420nm","p_w_given_topic":0.009122},{"token":"1360nm","p_w_given_topic":0.009102},{"token":"1372nm","p_w_given_topic":0.008873},{"token":"1396nm","p_w_given_topic":0.008822},{"token":"1480nm","p_w_given_topic":0.008699},{"token":"1384nm","p_w_given_topic":0.008699},{"token":"1156nm","p_w_given_topic":0.008607}],[{"token":"1288nm","p_w_given_topic":0.01482},{"token":"1276nm","p_w_given_topic":0.014719},{"token":"1264nm","p_w_given_topic":0.01361},{"token":"1252nm","p_w_given_topic":0.013515},{"token":"1300nm","p_w_given_topic":0.013507},{"token":"1216nm","p_w_given_topic":0.013498},{"token":"1240nm","p_w_given_topic":0.013494},{"token":"1204nm","p_w_given_topic":0.013403},{"token":"1228nm","p_w_given_topic":0.013401},{"token":"1192nm","p_w_given_topic":0.012614},{"token":"1552nm","p_w_given_topic":0.012351},{"token":"1168nm","p_w_given_topic":0.012345},{"token":"1180nm","p_w_given_topic":0.012321},{"token":"1312nm","p_w_given_topic":0.012294},{"token":"1060nm","p_w_given_topic":0.012266},{"token":"1036nm","p_w_given_topic":0.012217},{"token":"1156nm","p_w_given_topic":0.012185},{"token":"1324nm","p_w_given_topic":0.012168},{"token":"1024nm","p_w_given_topic":0.012164},{"token":"1144nm","p_w_given_topic":0.012162},{"token":"1048nm","p_w_given_topic":0.01212},{"token":"1012nm","p_w_given_topic":0.011784},{"token":"1000nm","p_w_given_topic":0.011636},{"token":"1540nm","p_w_given_topic":0.011579},{"token":"0976nm","p_w_given_topic":0.011396},{"token":"0988nm","p_w_given_topic":0.011339},{"token":"0964nm","p_w_given_topic":0.0113},{"token":"1348nm","p_w_given_topic":0.011288},{"token":"1072nm","p_w_given_topic":0.011188},{"token":"1132nm","p_w_given_topic":0.01118}],[{"token":"0616nm","p_w_given_topic":0.011357},{"token":"0568nm","p_w_given_topic":0.011357},{"token":"0592nm","p_w_given_topic":0.011357},{"token":"0580nm","p_w_given_topic":0.011357},{"token":"0556nm","p_w_given_topic":0.011357},{"token":"0604nm","p_w_given_topic":0.010426},{"token":"0628nm","p_w_given_topic":0.010426},{"token":"0640nm","p_w_given_topic":0.010426},{"token":"0544nm","p_w_given_topic":0.010426},{"token":"0520nm","p_w_given_topic":0.010426},{"token":"0508nm","p_w_given_topic":0.010426},{"token":"0664nm","p_w_given_topic":0.009495},{"token":"0676nm","p_w_given_topic":0.009495},{"token":"0652nm","p_w_given_topic":0.009495},{"token":"0700nm","p_w_given_topic":0.009495},{"token":"0688nm","p_w_given_topic":0.009495},{"token":"0484nm","p_w_given_topic":0.009495},{"token":"0496nm","p_w_given_topic":0.009495},{"token":"0532nm","p_w_given_topic":0.009495},{"token":"0712nm","p_w_given_topic":0.008565},{"token":"0724nm","p_w_given_topic":0.008565},{"token":"0772nm","p_w_given_topic":0.008565},{"token":"0760nm","p_w_given_topic":0.008565},{"token":"0736nm","p_w_given_topic":0.008565},{"token":"0460nm","p_w_given_topic":0.007634},{"token":"0784nm","p_w_given_topic":0.007634},{"token":"0472nm","p_w_given_topic":0.007634},{"token":"0796nm","p_w_given_topic":0.007634},{"token":"0748nm","p_w_given_topic":0.007634},{"token":"1276nm","p_w_given_topic":0.006703}],[{"token":"1276nm","p_w_given_topic":0.013217},{"token":"1288nm","p_w_given_topic":0.013095},{"token":"1264nm","p_w_given_topic":0.012217},{"token":"1300nm","p_w_given_topic":0.012193},{"token":"1252nm","p_w_given_topic":0.012071},{"token":"1228nm","p_w_given_topic":0.012047},{"token":"1240nm","p_w_given_topic":0.011657},{"token":"1216nm","p_w_given_topic":0.011657},{"token":"1552nm","p_w_given_topic":0.011364},{"token":"1204nm","p_w_given_topic":0.01134},{"token":"1192nm","p_w_given_topic":0.011242},{"token":"1312nm","p_w_given_topic":0.011023},{"token":"1180nm","p_w_given_topic":0.010974},{"token":"1324nm","p_w_given_topic":0.010852},{"token":"1348nm","p_w_given_topic":0.010828},{"token":"1036nm","p_w_given_topic":0.010804},{"token":"1540nm","p_w_given_topic":0.010755},{"token":"1168nm","p_w_given_topic":0.010706},{"token":"1060nm","p_w_given_topic":0.010487},{"token":"1156nm","p_w_given_topic":0.010487},{"token":"1456nm","p_w_given_topic":0.010389},{"token":"1048nm","p_w_given_topic":0.010267},{"token":"1012nm","p_w_given_topic":0.010267},{"token":"1024nm","p_w_given_topic":0.010243},{"token":"1072nm","p_w_given_topic":0.01017},{"token":"1468nm","p_w_given_topic":0.010097},{"token":"1504nm","p_w_given_topic":0.010072},{"token":"1144nm","p_w_given_topic":0.010072},{"token":"0964nm","p_w_given_topic":0.010048},{"token":"0988nm","p_w_given_topic":0.010048}],[{"token":"0616nm","p_w_given_topic":0.013388},{"token":"0592nm","p_w_given_topic":0.013362},{"token":"0580nm","p_w_given_topic":0.013341},{"token":"0568nm","p_w_given_topic":0.012983},{"token":"0604nm","p_w_given_topic":0.012926},{"token":"0556nm","p_w_given_topic":0.012838},{"token":"0628nm","p_w_given_topic":0.012318},{"token":"0640nm","p_w_given_topic":0.011976},{"token":"0544nm","p_w_given_topic":0.011955},{"token":"0520nm","p_w_given_topic":0.011856},{"token":"0508nm","p_w_given_topic":0.01128},{"token":"0532nm","p_w_given_topic":0.011192},{"token":"0652nm","p_w_given_topic":0.011192},{"token":"0664nm","p_w_given_topic":0.011},{"token":"0688nm","p_w_given_topic":0.010927},{"token":"0676nm","p_w_given_topic":0.01074},{"token":"0496nm","p_w_given_topic":0.01074},{"token":"0484nm","p_w_given_topic":0.010454},{"token":"0700nm","p_w_given_topic":0.0102},{"token":"0712nm","p_w_given_topic":0.009826},{"token":"0724nm","p_w_given_topic":0.00926},{"token":"0760nm","p_w_given_topic":0.009172},{"token":"0736nm","p_w_given_topic":0.009068},{"token":"0472nm","p_w_given_topic":0.008954},{"token":"0748nm","p_w_given_topic":0.008746},{"token":"0772nm","p_w_given_topic":0.008694},{"token":"0460nm","p_w_given_topic":0.008481},{"token":"0412nm","p_w_given_topic":0.008424},{"token":"0784nm","p_w_given_topic":0.008382},{"token":"0448nm","p_w_given_topic":0.007723}],[{"token":"1552nm","p_w_given_topic":0.010811},{"token":"1288nm","p_w_given_topic":0.01024},{"token":"1300nm","p_w_given_topic":0.010043},{"token":"1540nm","p_w_given_topic":0.009964},{"token":"1276nm","p_w_given_topic":0.009925},{"token":"1456nm","p_w_given_topic":0.009492},{"token":"1504nm","p_w_given_topic":0.009393},{"token":"1264nm","p_w_given_topic":0.009384},{"token":"1840nm","p_w_given_topic":0.009324},{"token":"1816nm","p_w_given_topic":0.009305},{"token":"1804nm","p_w_given_topic":0.009275},{"token":"1828nm","p_w_given_topic":0.009265},{"token":"1852nm","p_w_given_topic":0.009256},{"token":"1348nm","p_w_given_topic":0.009246},{"token":"1420nm","p_w_given_topic":0.009177},{"token":"1768nm","p_w_given_topic":0.009157},{"token":"1444nm","p_w_given_topic":0.009157},{"token":"1468nm","p_w_given_topic":0.009147},{"token":"1528nm","p_w_given_topic":0.009147},{"token":"1252nm","p_w_given_topic":0.009118},{"token":"1792nm","p_w_given_topic":0.009059},{"token":"1312nm","p_w_given_topic":0.009039},{"token":"1780nm","p_w_given_topic":0.009029},{"token":"1864nm","p_w_given_topic":0.009009},{"token":"1432nm","p_w_given_topic":0.009},{"token":"1876nm","p_w_given_topic":0.008911},{"token":"1888nm","p_w_given_topic":0.008872},{"token":"1396nm","p_w_given_topic":0.008822},{"token":"1756nm","p_w_given_topic":0.008744},{"token":"1372nm","p_w_given_topic":0.008714}],[{"token":"1984nm","p_w_given_topic":0.429496},{"token":"2500nm","p_w_given_topic":0.184264},{"token":"2476nm","p_w_given_topic":0.143392},{"token":"2488nm","p_w_given_topic":0.041213},{"token":"2428nm","p_w_given_topic":0.020777},{"token":"2440nm","p_w_given_topic":0.020777},{"token":"2404nm","p_w_given_topic":0.020777},{"token":"2452nm","p_w_given_topic":0.020777},{"token":"1996nm","p_w_given_topic":0.020777},{"token":"2092nm","p_w_given_topic":0.020777},{"token":"2056nm","p_w_given_topic":0.020777},{"token":"2368nm","p_w_given_topic":0.000341},{"token":"2416nm","p_w_given_topic":0.000341},{"token":"2392nm","p_w_given_topic":0.000341},{"token":"2380nm","p_w_given_topic":0.000341},{"token":"2464nm","p_w_given_topic":0.000341},{"token":"2320nm","p_w_given_topic":0.000341},{"token":"2332nm","p_w_given_topic":0.000341},{"token":"2344nm","p_w_given_topic":0.000341},{"token":"2356nm","p_w_given_topic":0.000341},{"token":"2308nm","p_w_given_topic":0.000341},{"token":"2296nm","p_w_given_topic":0.000341},{"token":"2284nm","p_w_given_topic":0.000341},{"token":"2272nm","p_w_given_topic":0.000341},{"token":"2212nm","p_w_given_topic":0.000341},{"token":"2200nm","p_w_given_topic":0.000341},{"token":"2188nm","p_w_given_topic":0.000341},{"token":"2176nm","p_w_given_topic":0.000341},{"token":"2260nm","p_w_given_topic":0.000341},{"token":"2248nm","p_w_given_topic":0.000341}],[{"token":"1552nm","p_w_given_topic":0.010041},{"token":"1792nm","p_w_given_topic":0.009793},{"token":"1816nm","p_w_given_topic":0.009757},{"token":"1780nm","p_w_given_topic":0.009725},{"token":"1804nm","p_w_given_topic":0.009702},{"token":"1828nm","p_w_given_topic":0.009628},{"token":"1840nm","p_w_given_topic":0.009523},{"token":"1768nm","p_w_given_topic":0.009436},{"token":"1852nm","p_w_given_topic":0.009408},{"token":"1540nm","p_w_given_topic":0.009302},{"token":"1936nm","p_w_given_topic":0.009211},{"token":"1864nm","p_w_given_topic":0.009114},{"token":"1756nm","p_w_given_topic":0.009078},{"token":"1924nm","p_w_given_topic":0.009036},{"token":"1960nm","p_w_given_topic":0.008995},{"token":"1876nm","p_w_given_topic":0.008968},{"token":"1888nm","p_w_given_topic":0.008912},{"token":"1744nm","p_w_given_topic":0.008857},{"token":"1912nm","p_w_given_topic":0.008825},{"token":"1288nm","p_w_given_topic":0.008807},{"token":"1732nm","p_w_given_topic":0.008646},{"token":"1948nm","p_w_given_topic":0.008619},{"token":"1900nm","p_w_given_topic":0.008564},{"token":"1528nm","p_w_given_topic":0.00855},{"token":"1456nm","p_w_given_topic":0.008486},{"token":"1720nm","p_w_given_topic":0.008472},{"token":"1444nm","p_w_given_topic":0.00844},{"token":"1696nm","p_w_given_topic":0.008403},{"token":"1504nm","p_w_given_topic":0.008398},{"token":"1468nm","p_w_given_topic":0.008394}],[{"token":"0400nm","p_w_given_topic":0.673507},{"token":"2500nm","p_w_given_topic":0.001866},{"token":"2476nm","p_w_given_topic":0.001866},{"token":"2488nm","p_w_given_topic":0.001866},{"token":"2452nm","p_w_given_topic":0.001866},{"token":"2440nm","p_w_given_topic":0.001866},{"token":"2428nm","p_w_given_topic":0.001866},{"token":"2464nm","p_w_given_topic":0.001866},{"token":"2404nm","p_w_given_topic":0.001866},{"token":"2392nm","p_w_given_topic":0.001866},{"token":"2380nm","p_w_given_topic":0.001866},{"token":"2368nm","p_w_given_topic":0.001866},{"token":"2356nm","p_w_given_topic":0.001866},{"token":"2344nm","p_w_given_topic":0.001866},{"token":"2332nm","p_w_given_topic":0.001866},{"token":"2416nm","p_w_given_topic":0.001866},{"token":"2308nm","p_w_given_topic":0.001866},{"token":"2296nm","p_w_given_topic":0.001866},{"token":"2284nm","p_w_given_topic":0.001866},{"token":"2272nm","p_w_given_topic":0.001866},{"token":"2260nm","p_w_given_topic":0.001866},{"token":"2248nm","p_w_given_topic":0.001866},{"token":"2236nm","p_w_given_topic":0.001866},{"token":"2224nm","p_w_given_topic":0.001866},{"token":"2212nm","p_w_given_topic":0.001866},{"token":"2200nm","p_w_given_topic":0.001866},{"token":"2188nm","p_w_given_topic":0.001866},{"token":"2176nm","p_w_given_topic":0.001866},{"token":"2164nm","p_w_given_topic":0.001866},{"token":"2152nm","p_w_given_topic":0.001866}]],"perplexity":171.59711024336872,"reconstruction_err":null,"npmi_coherence":0.883209,"topic_distance_js":[[0.0,0.008827,0.00521,0.005886,0.007527,0.022357,0.005077,0.018939,0.015068,0.002225,0.075911,0.002446,0.09262,0.025603,0.559544,0.049102,0.358594],[0.008827,0.0,0.003777,0.013771,0.004569,0.037637,0.020425,0.012363,0.001019,0.0124,0.061706,0.002366,0.076271,0.008484,0.537898,0.017601,0.344713],[0.00521,0.003777,0.0,0.004271,0.005221,0.024339,0.012976,0.012794,0.007548,0.00708,0.067451,0.002082,0.082428,0.014465,0.548347,0.033698,0.350864],[0.005886,0.013771,0.004271,0.0,0.008299,0.010439,0.011297,0.014871,0.020086,0.007791,0.06683,0.007431,0.08146,0.026028,0.56162,0.057458,0.356378],[0.007527,0.004569,0.005221,0.008299,0.0,0.019903,0.020777,0.004766,0.006431,0.013318,0.043772,0.004153,0.056738,0.010496,0.543352,0.030868,0.33935],[0.022357,0.037637,0.024339,0.010439,0.019903,0.0,0.03112,0.020496,0.044617,0.028307,0.051981,0.028151,0.062503,0.04596,0.564304,0.09117,0.354255],[0.005077,0.020425,0.012976,0.011297,0.020777,0.03112,0.0,0.037274,0.029831,0.001733,0.106968,0.009964,0.126564,0.045153,0.574862,0.070662,0.377695],[0.018939,0.012363,0.012794,0.014871,0.004766,0.020496,0.037274,0.0,0.012341,0.02808,0.027074,0.014186,0.036536,0.006891,0.547391,0.033862,0.333946],[0.015068,0.001019,0.007548,0.020086,0.006431,0.044617,0.029831,0.012341,0.0,0.020005,0.056409,0.006166,0.069846,0.005875,0.530261,0.010887,0.340313],[0.002225,0.0124,0.00708,0.007791,0.013318,0.028307,0.001733,0.02808,0.020005,0.0,0.093667,0.004549,0.112147,0.03369,0.5638,0.056096,0.36773],[0.075911,0.061706,0.067451,0.06683,0.043772,0.051981,0.106968,0.027074,0.056409,0.093667,0.0,0.068489,0.003329,0.042405,0.537687,0.069628,0.329216],[0.002446,0.002366,0.002082,0.007431,0.004153,0.028151,0.009964,0.014186,0.006166,0.004549,0.068489,0.0,0.084549,0.015521,0.5489,0.031927,0.35143],[0.09262,0.076271,0.082428,0.08146,0.056738,0.062503,0.126564,0.036536,0.069846,0.112147,0.003329,0.084549,0.0,0.052988,0.531362,0.080738,0.328453],[0.025603,0.008484,0.014465,0.026028,0.010496,0.04596,0.045153,0.006891,0.005875,0.03369,0.042405,0.015521,0.052988,0.0,0.541835,0.013995,0.335814],[0.559544,0.537898,0.548347,0.56162,0.543352,0.564304,0.574862,0.547391,0.530261,0.5638,0.537687,0.5489,0.531362,0.541835,0.0,0.50807,0.571237],[0.049102,0.017601,0.033698,0.057458,0.030868,0.09117,0.070662,0.033862,0.010887,0.056096,0.069628,0.031927,0.080738,0.013995,0.50807,0.0,0.339217],[0.358594,0.344713,0.350864,0.356378,0.33935,0.354255,0.377695,0.333946,0.340313,0.36773,0.329216,0.35143,0.328453,0.335814,0.571237,0.339217,0.0]],"topic_intertopic_2d_js":[[0.057098,0.11108],[0.004012,0.042304],[0.04207,0.070966],[0.103793,0.090378],[0.061411,0.029615],[0.182021,0.046825],[0.060175,0.168371],[0.082712,-0.020852],[-0.007926,0.015818],[0.046028,0.139809],[0.146803,-0.151464],[0.025902,0.080956],[0.179784,-0.164964],[0.016039,-0.038023],[-0.430561,-0.52339],[-0.066188,-0.067597],[-0.503172,0.170168]],"K_live":17,"topic_correlation":null,"wavelengths_nm":[400.0,412.0,424.0,436.0,448.0,460.0,472.0,484.0,496.0,508.0,520.0,532.0,544.0,556.0,568.0,580.0,592.0,604.0,616.0,628.0,640.0,652.0,664.0,676.0,688.0,700.0,712.0,724.0,736.0,748.0,760.0,772.0,784.0,796.0,808.0,820.0,832.0,844.0,856.0,868.0,880.0,892.0,904.0,916.0,928.0,940.0,952.0,964.0,976.0,988.0,1000.0,1012.0,1024.0,1036.0,1048.0,1060.0,1072.0,1084.0,1096.0,1108.0,1120.0,1132.0,1144.0,1156.0,1168.0,1180.0,1192.0,1204.0,1216.0,1228.0,1240.0,1252.0,1264.0,1276.0,1288.0,1300.0,1312.0,1324.0,1336.0,1348.0,1360.0,1372.0,1384.0,1396.0,1408.0,1420.0,1432.0,1444.0,1456.0,1468.0,1480.0,1492.0,1504.0,1516.0,1528.0,1540.0,1552.0,1564.0,1576.0,1588.0,1600.0,1612.0,1624.0,1636.0,1648.0,1660.0,1672.0,1684.0,1696.0,1708.0,1720.0,1732.0,1744.0,1756.0,1768.0,1780.0,1792.0,1804.0,1816.0,1828.0,1840.0,1852.0,1864.0,1876.0,1888.0,1900.0,1912.0,1924.0,1936.0,1948.0,1960.0,1972.0,1984.0,1996.0,2008.0,2020.0,2032.0,2044.0,2056.0,2068.0,2080.0,2092.0,2104.0,2116.0,2128.0,2140.0,2152.0,2164.0,2176.0,2188.0,2200.0,2212.0,2224.0,2236.0,2248.0,2260.0,2272.0,2284.0,2296.0,2308.0,2320.0,2332.0,2344.0,2356.0,2368.0,2380.0,2392.0,2404.0,2416.0,2428.0,2440.0,2452.0,2464.0,2476.0,2488.0,2500.0],"generated_at":"2026-05-03T13:00:03Z","builder_version":"build_topic_model_variants v0.1"}