{"scene_id":"pavia-university","variant":"tomotopy_hdp","topic_count":19,"vocabulary_size":103,"document_count":1980,"topic_prevalence":[0.017023,0.059731,0.04133,0.036843,0.077103,0.031782,0.127892,0.157639,0.10695,0.111152,0.028601,0.104769,0.040009,0.04025,0.014963,0.002712,0.000108,0.00101,0.000133],"top_words_per_topic":[[{"token":"0839nm","p_w_given_topic":0.015702},{"token":"0843nm","p_w_given_topic":0.015255},{"token":"0847nm","p_w_given_topic":0.014853},{"token":"0835nm","p_w_given_topic":0.014853},{"token":"0430nm","p_w_given_topic":0.014808},{"token":"0809nm","p_w_given_topic":0.014763},{"token":"0780nm","p_w_given_topic":0.014405},{"token":"0830nm","p_w_given_topic":0.014316},{"token":"0852nm","p_w_given_topic":0.014227},{"token":"0788nm","p_w_given_topic":0.014048},{"token":"0767nm","p_w_given_topic":0.014048},{"token":"0784nm","p_w_given_topic":0.014048},{"token":"0805nm","p_w_given_topic":0.014048},{"token":"0822nm","p_w_given_topic":0.013958},{"token":"0814nm","p_w_given_topic":0.013914},{"token":"0860nm","p_w_given_topic":0.013914},{"token":"0826nm","p_w_given_topic":0.013779},{"token":"0793nm","p_w_given_topic":0.013735},{"token":"0856nm","p_w_given_topic":0.01369},{"token":"0801nm","p_w_given_topic":0.013556},{"token":"0818nm","p_w_given_topic":0.013288},{"token":"0776nm","p_w_given_topic":0.013288},{"token":"0797nm","p_w_given_topic":0.013243},{"token":"0771nm","p_w_given_topic":0.013243},{"token":"0763nm","p_w_given_topic":0.013109},{"token":"0434nm","p_w_given_topic":0.013064},{"token":"0759nm","p_w_given_topic":0.01293},{"token":"0755nm","p_w_given_topic":0.012483},{"token":"0742nm","p_w_given_topic":0.012349},{"token":"0746nm","p_w_given_topic":0.012259}],[{"token":"0675nm","p_w_given_topic":0.012009},{"token":"0691nm","p_w_given_topic":0.01199},{"token":"0725nm","p_w_given_topic":0.011869},{"token":"0696nm","p_w_given_topic":0.011841},{"token":"0670nm","p_w_given_topic":0.011813},{"token":"0717nm","p_w_given_topic":0.011775},{"token":"0679nm","p_w_given_topic":0.011775},{"token":"0687nm","p_w_given_topic":0.011757},{"token":"0645nm","p_w_given_topic":0.011728},{"token":"0653nm","p_w_given_topic":0.0117},{"token":"0632nm","p_w_given_topic":0.011691},{"token":"0755nm","p_w_given_topic":0.011644},{"token":"0721nm","p_w_given_topic":0.011635},{"token":"0628nm","p_w_given_topic":0.011635},{"token":"0624nm","p_w_given_topic":0.011635},{"token":"0649nm","p_w_given_topic":0.011626},{"token":"0658nm","p_w_given_topic":0.011616},{"token":"0615nm","p_w_given_topic":0.011607},{"token":"0641nm","p_w_given_topic":0.011607},{"token":"0662nm","p_w_given_topic":0.011607},{"token":"0759nm","p_w_given_topic":0.011598},{"token":"0594nm","p_w_given_topic":0.01157},{"token":"0712nm","p_w_given_topic":0.01156},{"token":"0683nm","p_w_given_topic":0.011551},{"token":"0666nm","p_w_given_topic":0.011542},{"token":"0620nm","p_w_given_topic":0.011523},{"token":"0771nm","p_w_given_topic":0.011523},{"token":"0729nm","p_w_given_topic":0.011504},{"token":"0750nm","p_w_given_topic":0.011439},{"token":"0700nm","p_w_given_topic":0.011439}],[{"token":"0430nm","p_w_given_topic":0.038554},{"token":"0434nm","p_w_given_topic":0.03105},{"token":"0438nm","p_w_given_topic":0.023744},{"token":"0839nm","p_w_given_topic":0.022677},{"token":"0843nm","p_w_given_topic":0.022243},{"token":"0847nm","p_w_given_topic":0.021927},{"token":"0835nm","p_w_given_topic":0.021848},{"token":"0780nm","p_w_given_topic":0.021769},{"token":"0784nm","p_w_given_topic":0.021216},{"token":"0852nm","p_w_given_topic":0.021176},{"token":"0830nm","p_w_given_topic":0.021137},{"token":"0856nm","p_w_given_topic":0.021058},{"token":"0860nm","p_w_given_topic":0.020584},{"token":"0822nm","p_w_given_topic":0.020466},{"token":"0826nm","p_w_given_topic":0.020308},{"token":"0818nm","p_w_given_topic":0.019715},{"token":"0443nm","p_w_given_topic":0.019518},{"token":"0814nm","p_w_given_topic":0.019518},{"token":"0805nm","p_w_given_topic":0.018886},{"token":"0788nm","p_w_given_topic":0.018767},{"token":"0809nm","p_w_given_topic":0.018609},{"token":"0776nm","p_w_given_topic":0.018214},{"token":"0797nm","p_w_given_topic":0.017859},{"token":"0793nm","p_w_given_topic":0.017859},{"token":"0447nm","p_w_given_topic":0.01774},{"token":"0801nm","p_w_given_topic":0.017622},{"token":"0451nm","p_w_given_topic":0.017306},{"token":"0771nm","p_w_given_topic":0.016674},{"token":"0767nm","p_w_given_topic":0.016042},{"token":"0763nm","p_w_given_topic":0.015213}],[{"token":"0826nm","p_w_given_topic":0.019002},{"token":"0860nm","p_w_given_topic":0.018875},{"token":"0843nm","p_w_given_topic":0.018686},{"token":"0847nm","p_w_given_topic":0.018665},{"token":"0856nm","p_w_given_topic":0.018644},{"token":"0835nm","p_w_given_topic":0.018475},{"token":"0830nm","p_w_given_topic":0.018454},{"token":"0839nm","p_w_given_topic":0.018433},{"token":"0814nm","p_w_given_topic":0.018306},{"token":"0818nm","p_w_given_topic":0.018264},{"token":"0822nm","p_w_given_topic":0.018159},{"token":"0797nm","p_w_given_topic":0.018137},{"token":"0805nm","p_w_given_topic":0.018011},{"token":"0852nm","p_w_given_topic":0.01799},{"token":"0801nm","p_w_given_topic":0.01799},{"token":"0809nm","p_w_given_topic":0.017948},{"token":"0776nm","p_w_given_topic":0.017631},{"token":"0788nm","p_w_given_topic":0.017442},{"token":"0767nm","p_w_given_topic":0.017378},{"token":"0793nm","p_w_given_topic":0.017357},{"token":"0780nm","p_w_given_topic":0.017336},{"token":"0784nm","p_w_given_topic":0.017231},{"token":"0771nm","p_w_given_topic":0.017083},{"token":"0763nm","p_w_given_topic":0.016704},{"token":"0759nm","p_w_given_topic":0.016683},{"token":"0755nm","p_w_given_topic":0.016683},{"token":"0750nm","p_w_given_topic":0.015945},{"token":"0746nm","p_w_given_topic":0.01586},{"token":"0742nm","p_w_given_topic":0.01449},{"token":"0738nm","p_w_given_topic":0.014363}],[{"token":"0771nm","p_w_given_topic":0.011255},{"token":"0683nm","p_w_given_topic":0.011201},{"token":"0691nm","p_w_given_topic":0.011092},{"token":"0687nm","p_w_given_topic":0.011064},{"token":"0675nm","p_w_given_topic":0.01103},{"token":"0670nm","p_w_given_topic":0.01099},{"token":"0721nm","p_w_given_topic":0.010969},{"token":"0788nm","p_w_given_topic":0.010962},{"token":"0784nm","p_w_given_topic":0.010955},{"token":"0700nm","p_w_given_topic":0.010949},{"token":"0696nm","p_w_given_topic":0.010942},{"token":"0717nm","p_w_given_topic":0.010942},{"token":"0767nm","p_w_given_topic":0.010928},{"token":"0708nm","p_w_given_topic":0.010915},{"token":"0763nm","p_w_given_topic":0.010915},{"token":"0759nm","p_w_given_topic":0.010887},{"token":"0679nm","p_w_given_topic":0.010887},{"token":"0653nm","p_w_given_topic":0.01086},{"token":"0658nm","p_w_given_topic":0.010853},{"token":"0712nm","p_w_given_topic":0.010833},{"token":"0776nm","p_w_given_topic":0.010826},{"token":"0624nm","p_w_given_topic":0.010792},{"token":"0632nm","p_w_given_topic":0.010778},{"token":"0755nm","p_w_given_topic":0.010758},{"token":"0725nm","p_w_given_topic":0.010751},{"token":"0704nm","p_w_given_topic":0.010744},{"token":"0645nm","p_w_given_topic":0.010724},{"token":"0750nm","p_w_given_topic":0.010717},{"token":"0793nm","p_w_given_topic":0.010717},{"token":"0649nm","p_w_given_topic":0.01071}],[{"token":"0771nm","p_w_given_topic":0.011938},{"token":"0767nm","p_w_given_topic":0.011846},{"token":"0729nm","p_w_given_topic":0.011718},{"token":"0780nm","p_w_given_topic":0.011645},{"token":"0725nm","p_w_given_topic":0.011609},{"token":"0721nm","p_w_given_topic":0.01159},{"token":"0759nm","p_w_given_topic":0.011572},{"token":"0755nm","p_w_given_topic":0.011554},{"token":"0687nm","p_w_given_topic":0.011554},{"token":"0784nm","p_w_given_topic":0.011517},{"token":"0763nm","p_w_given_topic":0.011481},{"token":"0805nm","p_w_given_topic":0.011462},{"token":"0809nm","p_w_given_topic":0.011444},{"token":"0700nm","p_w_given_topic":0.011444},{"token":"0776nm","p_w_given_topic":0.011426},{"token":"0818nm","p_w_given_topic":0.011426},{"token":"0746nm","p_w_given_topic":0.011408},{"token":"0788nm","p_w_given_topic":0.011371},{"token":"0717nm","p_w_given_topic":0.011371},{"token":"0814nm","p_w_given_topic":0.011371},{"token":"0750nm","p_w_given_topic":0.011335},{"token":"0734nm","p_w_given_topic":0.011316},{"token":"0704nm","p_w_given_topic":0.011298},{"token":"0691nm","p_w_given_topic":0.011298},{"token":"0708nm","p_w_given_topic":0.011298},{"token":"0712nm","p_w_given_topic":0.01128},{"token":"0830nm","p_w_given_topic":0.01128},{"token":"0653nm","p_w_given_topic":0.01128},{"token":"0683nm","p_w_given_topic":0.011261},{"token":"0793nm","p_w_given_topic":0.011261}],[{"token":"0784nm","p_w_given_topic":0.013181},{"token":"0788nm","p_w_given_topic":0.013112},{"token":"0755nm","p_w_given_topic":0.012938},{"token":"0793nm","p_w_given_topic":0.012805},{"token":"0750nm","p_w_given_topic":0.012787},{"token":"0767nm","p_w_given_topic":0.012764},{"token":"0746nm","p_w_given_topic":0.012755},{"token":"0763nm","p_w_given_topic":0.012755},{"token":"0759nm","p_w_given_topic":0.012714},{"token":"0809nm","p_w_given_topic":0.012585},{"token":"0814nm","p_w_given_topic":0.012571},{"token":"0721nm","p_w_given_topic":0.012562},{"token":"0797nm","p_w_given_topic":0.012549},{"token":"0771nm","p_w_given_topic":0.012443},{"token":"0717nm","p_w_given_topic":0.01242},{"token":"0725nm","p_w_given_topic":0.012379},{"token":"0822nm","p_w_given_topic":0.012292},{"token":"0826nm","p_w_given_topic":0.012246},{"token":"0818nm","p_w_given_topic":0.012205},{"token":"0801nm","p_w_given_topic":0.0122},{"token":"0729nm","p_w_given_topic":0.012182},{"token":"0780nm","p_w_given_topic":0.012177},{"token":"0805nm","p_w_given_topic":0.012173},{"token":"0708nm","p_w_given_topic":0.012136},{"token":"0742nm","p_w_given_topic":0.012122},{"token":"0712nm","p_w_given_topic":0.012113},{"token":"0738nm","p_w_given_topic":0.012067},{"token":"0734nm","p_w_given_topic":0.012017},{"token":"0843nm","p_w_given_topic":0.011939},{"token":"0860nm","p_w_given_topic":0.011925}],[{"token":"0826nm","p_w_given_topic":0.031562},{"token":"0822nm","p_w_given_topic":0.031502},{"token":"0805nm","p_w_given_topic":0.031434},{"token":"0801nm","p_w_given_topic":0.031328},{"token":"0814nm","p_w_given_topic":0.031305},{"token":"0809nm","p_w_given_topic":0.031275},{"token":"0797nm","p_w_given_topic":0.031222},{"token":"0818nm","p_w_given_topic":0.031199},{"token":"0830nm","p_w_given_topic":0.031055},{"token":"0793nm","p_w_given_topic":0.030797},{"token":"0835nm","p_w_given_topic":0.030729},{"token":"0860nm","p_w_given_topic":0.03054},{"token":"0788nm","p_w_given_topic":0.030457},{"token":"0839nm","p_w_given_topic":0.030449},{"token":"0847nm","p_w_given_topic":0.030275},{"token":"0843nm","p_w_given_topic":0.030116},{"token":"0776nm","p_w_given_topic":0.03007},{"token":"0856nm","p_w_given_topic":0.03001},{"token":"0852nm","p_w_given_topic":0.029964},{"token":"0771nm","p_w_given_topic":0.029873},{"token":"0784nm","p_w_given_topic":0.029851},{"token":"0780nm","p_w_given_topic":0.029078},{"token":"0767nm","p_w_given_topic":0.029018},{"token":"0763nm","p_w_given_topic":0.027919},{"token":"0759nm","p_w_given_topic":0.026677},{"token":"0755nm","p_w_given_topic":0.024859},{"token":"0750nm","p_w_given_topic":0.022951},{"token":"0746nm","p_w_given_topic":0.020383},{"token":"0742nm","p_w_given_topic":0.018353},{"token":"0738nm","p_w_given_topic":0.015581}],[{"token":"0750nm","p_w_given_topic":0.014054},{"token":"0788nm","p_w_given_topic":0.01403},{"token":"0746nm","p_w_given_topic":0.013969},{"token":"0784nm","p_w_given_topic":0.013872},{"token":"0755nm","p_w_given_topic":0.013872},{"token":"0793nm","p_w_given_topic":0.013756},{"token":"0759nm","p_w_given_topic":0.013622},{"token":"0721nm","p_w_given_topic":0.01361},{"token":"0814nm","p_w_given_topic":0.013549},{"token":"0717nm","p_w_given_topic":0.013525},{"token":"0767nm","p_w_given_topic":0.013525},{"token":"0742nm","p_w_given_topic":0.013507},{"token":"0763nm","p_w_given_topic":0.013464},{"token":"0725nm","p_w_given_topic":0.013464},{"token":"0738nm","p_w_given_topic":0.013276},{"token":"0809nm","p_w_given_topic":0.01327},{"token":"0797nm","p_w_given_topic":0.013239},{"token":"0712nm","p_w_given_topic":0.013203},{"token":"0805nm","p_w_given_topic":0.013069},{"token":"0729nm","p_w_given_topic":0.013045},{"token":"0708nm","p_w_given_topic":0.013032},{"token":"0801nm","p_w_given_topic":0.013026},{"token":"0818nm","p_w_given_topic":0.01302},{"token":"0771nm","p_w_given_topic":0.012984},{"token":"0734nm","p_w_given_topic":0.012844},{"token":"0826nm","p_w_given_topic":0.012789},{"token":"0691nm","p_w_given_topic":0.012728},{"token":"0675nm","p_w_given_topic":0.012728},{"token":"0822nm","p_w_given_topic":0.012722},{"token":"0780nm","p_w_given_topic":0.012722}],[{"token":"0502nm","p_w_given_topic":0.026063},{"token":"0497nm","p_w_given_topic":0.026005},{"token":"0506nm","p_w_given_topic":0.025985},{"token":"0510nm","p_w_given_topic":0.025888},{"token":"0514nm","p_w_given_topic":0.025761},{"token":"0493nm","p_w_given_topic":0.025468},{"token":"0489nm","p_w_given_topic":0.025312},{"token":"0519nm","p_w_given_topic":0.025234},{"token":"0523nm","p_w_given_topic":0.024843},{"token":"0485nm","p_w_given_topic":0.024794},{"token":"0527nm","p_w_given_topic":0.024443},{"token":"0535nm","p_w_given_topic":0.024345},{"token":"0531nm","p_w_given_topic":0.024287},{"token":"0481nm","p_w_given_topic":0.024033},{"token":"0540nm","p_w_given_topic":0.023926},{"token":"0476nm","p_w_given_topic":0.023233},{"token":"0544nm","p_w_given_topic":0.023213},{"token":"0472nm","p_w_given_topic":0.022403},{"token":"0548nm","p_w_given_topic":0.022237},{"token":"0552nm","p_w_given_topic":0.021739},{"token":"0556nm","p_w_given_topic":0.021329},{"token":"0468nm","p_w_given_topic":0.021066},{"token":"0561nm","p_w_given_topic":0.020402},{"token":"0464nm","p_w_given_topic":0.019797},{"token":"0565nm","p_w_given_topic":0.019524},{"token":"0569nm","p_w_given_topic":0.018791},{"token":"0460nm","p_w_given_topic":0.018479},{"token":"0455nm","p_w_given_topic":0.017737},{"token":"0573nm","p_w_given_topic":0.01764},{"token":"0578nm","p_w_given_topic":0.016966}],[{"token":"0430nm","p_w_given_topic":0.027237},{"token":"0847nm","p_w_given_topic":0.023423},{"token":"0839nm","p_w_given_topic":0.023379},{"token":"0852nm","p_w_given_topic":0.022979},{"token":"0843nm","p_w_given_topic":0.022758},{"token":"0780nm","p_w_given_topic":0.022625},{"token":"0856nm","p_w_given_topic":0.022492},{"token":"0835nm","p_w_given_topic":0.02196},{"token":"0860nm","p_w_given_topic":0.021871},{"token":"0784nm","p_w_given_topic":0.021693},{"token":"0830nm","p_w_given_topic":0.020718},{"token":"0822nm","p_w_given_topic":0.020629},{"token":"0818nm","p_w_given_topic":0.020407},{"token":"0814nm","p_w_given_topic":0.02023},{"token":"0826nm","p_w_given_topic":0.020008},{"token":"0809nm","p_w_given_topic":0.019521},{"token":"0776nm","p_w_given_topic":0.019299},{"token":"0788nm","p_w_given_topic":0.019121},{"token":"0805nm","p_w_given_topic":0.018944},{"token":"0434nm","p_w_given_topic":0.018589},{"token":"0801nm","p_w_given_topic":0.018545},{"token":"0793nm","p_w_given_topic":0.018412},{"token":"0797nm","p_w_given_topic":0.018146},{"token":"0443nm","p_w_given_topic":0.018013},{"token":"0447nm","p_w_given_topic":0.017791},{"token":"0438nm","p_w_given_topic":0.017392},{"token":"0771nm","p_w_given_topic":0.017215},{"token":"0451nm","p_w_given_topic":0.01717},{"token":"0767nm","p_w_given_topic":0.016416},{"token":"0455nm","p_w_given_topic":0.01615}],[{"token":"0856nm","p_w_given_topic":0.023033},{"token":"0830nm","p_w_given_topic":0.022979},{"token":"0860nm","p_w_given_topic":0.022961},{"token":"0835nm","p_w_given_topic":0.022943},{"token":"0843nm","p_w_given_topic":0.022933},{"token":"0818nm","p_w_given_topic":0.022924},{"token":"0822nm","p_w_given_topic":0.022897},{"token":"0826nm","p_w_given_topic":0.022843},{"token":"0809nm","p_w_given_topic":0.022788},{"token":"0839nm","p_w_given_topic":0.022697},{"token":"0847nm","p_w_given_topic":0.022652},{"token":"0814nm","p_w_given_topic":0.022561},{"token":"0852nm","p_w_given_topic":0.022543},{"token":"0805nm","p_w_given_topic":0.02238},{"token":"0793nm","p_w_given_topic":0.022271},{"token":"0801nm","p_w_given_topic":0.022243},{"token":"0797nm","p_w_given_topic":0.022053},{"token":"0788nm","p_w_given_topic":0.022026},{"token":"0784nm","p_w_given_topic":0.02159},{"token":"0771nm","p_w_given_topic":0.021563},{"token":"0776nm","p_w_given_topic":0.021481},{"token":"0767nm","p_w_given_topic":0.021381},{"token":"0780nm","p_w_given_topic":0.021318},{"token":"0763nm","p_w_given_topic":0.021181},{"token":"0759nm","p_w_given_topic":0.020718},{"token":"0755nm","p_w_given_topic":0.020237},{"token":"0750nm","p_w_given_topic":0.01903},{"token":"0746nm","p_w_given_topic":0.018231},{"token":"0742nm","p_w_given_topic":0.017114},{"token":"0738nm","p_w_given_topic":0.016197}],[{"token":"0430nm","p_w_given_topic":0.046502},{"token":"0434nm","p_w_given_topic":0.043272},{"token":"0438nm","p_w_given_topic":0.035393},{"token":"0443nm","p_w_given_topic":0.030156},{"token":"0447nm","p_w_given_topic":0.026877},{"token":"0451nm","p_w_given_topic":0.024724},{"token":"0455nm","p_w_given_topic":0.022669},{"token":"0460nm","p_w_given_topic":0.020613},{"token":"0464nm","p_w_given_topic":0.018851},{"token":"0468nm","p_w_given_topic":0.01753},{"token":"0780nm","p_w_given_topic":0.016698},{"token":"0843nm","p_w_given_topic":0.0166},{"token":"0839nm","p_w_given_topic":0.016453},{"token":"0835nm","p_w_given_topic":0.015866},{"token":"0856nm","p_w_given_topic":0.015866},{"token":"0860nm","p_w_given_topic":0.015719},{"token":"0847nm","p_w_given_topic":0.015572},{"token":"0784nm","p_w_given_topic":0.015523},{"token":"0472nm","p_w_given_topic":0.015426},{"token":"0852nm","p_w_given_topic":0.015279},{"token":"0830nm","p_w_given_topic":0.015083},{"token":"0814nm","p_w_given_topic":0.01386},{"token":"0826nm","p_w_given_topic":0.013811},{"token":"0822nm","p_w_given_topic":0.013615},{"token":"0476nm","p_w_given_topic":0.013272},{"token":"0818nm","p_w_given_topic":0.013125},{"token":"0809nm","p_w_given_topic":0.013125},{"token":"0788nm","p_w_given_topic":0.012881},{"token":"0805nm","p_w_given_topic":0.012636},{"token":"0776nm","p_w_given_topic":0.012636}],[{"token":"0763nm","p_w_given_topic":0.01121},{"token":"0776nm","p_w_given_topic":0.011105},{"token":"0771nm","p_w_given_topic":0.011092},{"token":"0809nm","p_w_given_topic":0.011066},{"token":"0691nm","p_w_given_topic":0.011052},{"token":"0801nm","p_w_given_topic":0.011},{"token":"0784nm","p_w_given_topic":0.010986},{"token":"0696nm","p_w_given_topic":0.010986},{"token":"0729nm","p_w_given_topic":0.010986},{"token":"0717nm","p_w_given_topic":0.01096},{"token":"0767nm","p_w_given_topic":0.010934},{"token":"0780nm","p_w_given_topic":0.010934},{"token":"0788nm","p_w_given_topic":0.010921},{"token":"0797nm","p_w_given_topic":0.010881},{"token":"0750nm","p_w_given_topic":0.010868},{"token":"0793nm","p_w_given_topic":0.010868},{"token":"0679nm","p_w_given_topic":0.010868},{"token":"0759nm","p_w_given_topic":0.010828},{"token":"0830nm","p_w_given_topic":0.010815},{"token":"0818nm","p_w_given_topic":0.010815},{"token":"0805nm","p_w_given_topic":0.010815},{"token":"0835nm","p_w_given_topic":0.010802},{"token":"0721nm","p_w_given_topic":0.010776},{"token":"0822nm","p_w_given_topic":0.010736},{"token":"0687nm","p_w_given_topic":0.01071},{"token":"0670nm","p_w_given_topic":0.01071},{"token":"0725nm","p_w_given_topic":0.010697},{"token":"0860nm","p_w_given_topic":0.010697},{"token":"0615nm","p_w_given_topic":0.01067},{"token":"0624nm","p_w_given_topic":0.010657}],[{"token":"0535nm","p_w_given_topic":0.01675},{"token":"0590nm","p_w_given_topic":0.016648},{"token":"0586nm","p_w_given_topic":0.016598},{"token":"0544nm","p_w_given_topic":0.016395},{"token":"0527nm","p_w_given_topic":0.01609},{"token":"0540nm","p_w_given_topic":0.01609},{"token":"0519nm","p_w_given_topic":0.015888},{"token":"0582nm","p_w_given_topic":0.015837},{"token":"0502nm","p_w_given_topic":0.015837},{"token":"0523nm","p_w_given_topic":0.015583},{"token":"0578nm","p_w_given_topic":0.015583},{"token":"0569nm","p_w_given_topic":0.015532},{"token":"0573nm","p_w_given_topic":0.015532},{"token":"0594nm","p_w_given_topic":0.015482},{"token":"0506nm","p_w_given_topic":0.015431},{"token":"0510nm","p_w_given_topic":0.015431},{"token":"0603nm","p_w_given_topic":0.01538},{"token":"0531nm","p_w_given_topic":0.01538},{"token":"0556nm","p_w_given_topic":0.01538},{"token":"0565nm","p_w_given_topic":0.01533},{"token":"0514nm","p_w_given_topic":0.01533},{"token":"0548nm","p_w_given_topic":0.015177},{"token":"0561nm","p_w_given_topic":0.015127},{"token":"0599nm","p_w_given_topic":0.015127},{"token":"0493nm","p_w_given_topic":0.015076},{"token":"0489nm","p_w_given_topic":0.014974},{"token":"0497nm","p_w_given_topic":0.014772},{"token":"0615nm","p_w_given_topic":0.014721},{"token":"0552nm","p_w_given_topic":0.014416},{"token":"0624nm","p_w_given_topic":0.014416}],[{"token":"0540nm","p_w_given_topic":0.019274},{"token":"0497nm","p_w_given_topic":0.017206},{"token":"0544nm","p_w_given_topic":0.016999},{"token":"0620nm","p_w_given_topic":0.016379},{"token":"0519nm","p_w_given_topic":0.016172},{"token":"0510nm","p_w_given_topic":0.015965},{"token":"0485nm","p_w_given_topic":0.015345},{"token":"0569nm","p_w_given_topic":0.015138},{"token":"0514nm","p_w_given_topic":0.015138},{"token":"0561nm","p_w_given_topic":0.014931},{"token":"0535nm","p_w_given_topic":0.014931},{"token":"0502nm","p_w_given_topic":0.014931},{"token":"0590nm","p_w_given_topic":0.014517},{"token":"0493nm","p_w_given_topic":0.014311},{"token":"0582nm","p_w_given_topic":0.014311},{"token":"0565nm","p_w_given_topic":0.014104},{"token":"0489nm","p_w_given_topic":0.014104},{"token":"0548nm","p_w_given_topic":0.014104},{"token":"0523nm","p_w_given_topic":0.014104},{"token":"0653nm","p_w_given_topic":0.013897},{"token":"0624nm","p_w_given_topic":0.013897},{"token":"0594nm","p_w_given_topic":0.013897},{"token":"0611nm","p_w_given_topic":0.013483},{"token":"0434nm","p_w_given_topic":0.013277},{"token":"0531nm","p_w_given_topic":0.013277},{"token":"0645nm","p_w_given_topic":0.01307},{"token":"0599nm","p_w_given_topic":0.01307},{"token":"0481nm","p_w_given_topic":0.01307},{"token":"0506nm","p_w_given_topic":0.01307},{"token":"0472nm","p_w_given_topic":0.012863}],[{"token":"0430nm","p_w_given_topic":0.164336},{"token":"0443nm","p_w_given_topic":0.076923},{"token":"0438nm","p_w_given_topic":0.076923},{"token":"0434nm","p_w_given_topic":0.059441},{"token":"0447nm","p_w_given_topic":0.053613},{"token":"0472nm","p_w_given_topic":0.047786},{"token":"0729nm","p_w_given_topic":0.030303},{"token":"0599nm","p_w_given_topic":0.024476},{"token":"0691nm","p_w_given_topic":0.018648},{"token":"0531nm","p_w_given_topic":0.018648},{"token":"0632nm","p_w_given_topic":0.018648},{"token":"0658nm","p_w_given_topic":0.012821},{"token":"0561nm","p_w_given_topic":0.012821},{"token":"0569nm","p_w_given_topic":0.012821},{"token":"0594nm","p_w_given_topic":0.012821},{"token":"0788nm","p_w_given_topic":0.012821},{"token":"0704nm","p_w_given_topic":0.012821},{"token":"0835nm","p_w_given_topic":0.012821},{"token":"0856nm","p_w_given_topic":0.012821},{"token":"0523nm","p_w_given_topic":0.012821},{"token":"0468nm","p_w_given_topic":0.012821},{"token":"0548nm","p_w_given_topic":0.012821},{"token":"0556nm","p_w_given_topic":0.012821},{"token":"0497nm","p_w_given_topic":0.012821},{"token":"0696nm","p_w_given_topic":0.012821},{"token":"0826nm","p_w_given_topic":0.012821},{"token":"0746nm","p_w_given_topic":0.012821},{"token":"0809nm","p_w_given_topic":0.012821},{"token":"0805nm","p_w_given_topic":0.012821},{"token":"0755nm","p_w_given_topic":0.006993}],[{"token":"0434nm","p_w_given_topic":0.016197},{"token":"0430nm","p_w_given_topic":0.014738},{"token":"0523nm","p_w_given_topic":0.012549},{"token":"0519nm","p_w_given_topic":0.012549},{"token":"0776nm","p_w_given_topic":0.01182},{"token":"0809nm","p_w_given_topic":0.01182},{"token":"0805nm","p_w_given_topic":0.01182},{"token":"0489nm","p_w_given_topic":0.01182},{"token":"0624nm","p_w_given_topic":0.01182},{"token":"0594nm","p_w_given_topic":0.01182},{"token":"0620nm","p_w_given_topic":0.01182},{"token":"0784nm","p_w_given_topic":0.01182},{"token":"0590nm","p_w_given_topic":0.01109},{"token":"0615nm","p_w_given_topic":0.01109},{"token":"0586nm","p_w_given_topic":0.01109},{"token":"0767nm","p_w_given_topic":0.01109},{"token":"0653nm","p_w_given_topic":0.01109},{"token":"0649nm","p_w_given_topic":0.01109},{"token":"0628nm","p_w_given_topic":0.01109},{"token":"0632nm","p_w_given_topic":0.01109},{"token":"0493nm","p_w_given_topic":0.01109},{"token":"0514nm","p_w_given_topic":0.01109},{"token":"0472nm","p_w_given_topic":0.01109},{"token":"0658nm","p_w_given_topic":0.01109},{"token":"0801nm","p_w_given_topic":0.01109},{"token":"0780nm","p_w_given_topic":0.01109},{"token":"0771nm","p_w_given_topic":0.01109},{"token":"0750nm","p_w_given_topic":0.01036},{"token":"0788nm","p_w_given_topic":0.01036},{"token":"0759nm","p_w_given_topic":0.01036}],[{"token":"0430nm","p_w_given_topic":0.108449},{"token":"0443nm","p_w_given_topic":0.070618},{"token":"0434nm","p_w_given_topic":0.064313},{"token":"0447nm","p_w_given_topic":0.064313},{"token":"0438nm","p_w_given_topic":0.051702},{"token":"0628nm","p_w_given_topic":0.032787},{"token":"0712nm","p_w_given_topic":0.032787},{"token":"0472nm","p_w_given_topic":0.032787},{"token":"0615nm","p_w_given_topic":0.026482},{"token":"0607nm","p_w_given_topic":0.026482},{"token":"0653nm","p_w_given_topic":0.020177},{"token":"0637nm","p_w_given_topic":0.020177},{"token":"0603nm","p_w_given_topic":0.020177},{"token":"0535nm","p_w_given_topic":0.020177},{"token":"0586nm","p_w_given_topic":0.020177},{"token":"0717nm","p_w_given_topic":0.020177},{"token":"0746nm","p_w_given_topic":0.020177},{"token":"0771nm","p_w_given_topic":0.020177},{"token":"0624nm","p_w_given_topic":0.013871},{"token":"0620nm","p_w_given_topic":0.013871},{"token":"0578nm","p_w_given_topic":0.013871},{"token":"0582nm","p_w_given_topic":0.013871},{"token":"0552nm","p_w_given_topic":0.013871},{"token":"0502nm","p_w_given_topic":0.013871},{"token":"0763nm","p_w_given_topic":0.013871},{"token":"0750nm","p_w_given_topic":0.013871},{"token":"0455nm","p_w_given_topic":0.013871},{"token":"0759nm","p_w_given_topic":0.007566},{"token":"0788nm","p_w_given_topic":0.007566},{"token":"0784nm","p_w_given_topic":0.007566}]],"perplexity":108.74780278312082,"reconstruction_err":null,"npmi_coherence":0.188599,"topic_distance_js":[[0.0,0.018435,0.061014,0.013717,0.019536,0.011639,0.010838,0.138276,0.009294,0.207614,0.078327,0.035584,0.09546,0.021354,0.119605,0.065812,0.229808,0.022581,0.215974],[0.018435,0.0,0.110596,0.027584,0.004737,0.003063,0.003161,0.192978,0.011134,0.169276,0.117222,0.065509,0.126866,0.002828,0.073511,0.035907,0.270959,0.018089,0.244124],[0.061014,0.110596,0.0,0.067867,0.094938,0.092224,0.099467,0.093933,0.103283,0.218515,0.0115,0.063242,0.027083,0.09654,0.217467,0.163014,0.199822,0.090438,0.220103],[0.013717,0.027584,0.067867,0.0,0.032907,0.024763,0.01468,0.090835,0.011904,0.250959,0.081211,0.009428,0.123952,0.031583,0.171213,0.100968,0.289166,0.051704,0.279302],[0.019536,0.004737,0.094938,0.032907,0.0,0.007208,0.007943,0.195371,0.020203,0.147257,0.099823,0.071658,0.103009,0.002407,0.066531,0.035069,0.253044,0.014122,0.230524],[0.011639,0.003063,0.092224,0.024763,0.007208,0.0,0.005371,0.180346,0.011003,0.167297,0.100739,0.05908,0.10935,0.005798,0.078039,0.033739,0.254918,0.013537,0.234422],[0.010838,0.003161,0.099467,0.01468,0.007943,0.005371,0.0,0.164163,0.003581,0.199686,0.11053,0.045596,0.129927,0.007651,0.099418,0.05264,0.273651,0.024439,0.248294],[0.138276,0.192978,0.093933,0.090835,0.195371,0.180346,0.164163,0.0,0.15245,0.376599,0.087858,0.046579,0.178073,0.192016,0.400642,0.293012,0.379844,0.212466,0.403751],[0.009294,0.011134,0.103283,0.011904,0.020203,0.011003,0.003581,0.15245,0.0,0.236414,0.120569,0.037409,0.14621,0.020031,0.123469,0.068163,0.278461,0.034759,0.251383],[0.207614,0.169276,0.218515,0.250959,0.147257,0.167297,0.199686,0.376599,0.236414,0.0,0.172562,0.296103,0.127248,0.145147,0.088467,0.107578,0.271164,0.132491,0.281582],[0.078327,0.117222,0.0115,0.081211,0.099823,0.100739,0.11053,0.087858,0.120569,0.172562,0.0,0.074976,0.021402,0.09941,0.211615,0.159118,0.221525,0.095925,0.241571],[0.035584,0.065509,0.063242,0.009428,0.071658,0.05908,0.045596,0.046579,0.037409,0.296103,0.074976,0.0,0.135449,0.069615,0.23891,0.152043,0.310993,0.090288,0.311114],[0.09546,0.126866,0.027083,0.123952,0.103009,0.10935,0.129927,0.178073,0.14621,0.127248,0.021402,0.135449,0.0,0.104857,0.162744,0.135536,0.166062,0.085917,0.183156],[0.021354,0.002828,0.09654,0.031583,0.002407,0.005798,0.007651,0.192016,0.020031,0.145147,0.09941,0.069615,0.104857,0.0,0.066971,0.03571,0.259754,0.015379,0.238421],[0.119605,0.073511,0.217467,0.171213,0.066531,0.078039,0.099418,0.400642,0.123469,0.088467,0.211615,0.23891,0.162744,0.066971,0.0,0.033329,0.257682,0.058213,0.208698],[0.065812,0.035907,0.163014,0.100968,0.035069,0.033739,0.05264,0.293012,0.068163,0.107578,0.159118,0.152043,0.135536,0.03571,0.033329,0.0,0.252783,0.024592,0.235786],[0.229808,0.270959,0.199822,0.289166,0.253044,0.254918,0.273651,0.379844,0.278461,0.271164,0.221525,0.310993,0.166062,0.259754,0.257682,0.252783,0.0,0.211484,0.167766],[0.022581,0.018089,0.090438,0.051704,0.014122,0.013537,0.024439,0.212466,0.034759,0.132491,0.095925,0.090288,0.085917,0.015379,0.058213,0.024592,0.211484,0.0,0.197623],[0.215974,0.244124,0.220103,0.279302,0.230524,0.234422,0.248294,0.403751,0.251383,0.281582,0.241571,0.311114,0.183156,0.238421,0.208698,0.235786,0.167766,0.197623,0.0]],"topic_intertopic_2d_js":[[0.01784,0.09021],[-0.095269,0.121497],[0.194852,-0.02557],[0.059917,0.166676],[-0.090354,0.067956],[-0.063427,0.096318],[-0.051819,0.142833],[0.334595,0.183548],[-0.024864,0.175092],[-0.263328,-0.248477],[0.179653,-0.064806],[0.145977,0.183893],[0.077988,-0.166312],[-0.099381,0.086811],[-0.287385,-0.061189],[-0.219133,0.019706],[0.029159,-0.4254],[-0.089089,-0.002711],[0.244067,-0.340075]],"K_live":19,"topic_correlation":null,"wavelengths_nm":[430.0,434.22,438.43,442.65,446.86,451.08,455.29,459.51,463.73,467.94,472.16,476.37,480.59,484.8,489.02,493.24,497.45,501.67,505.88,510.1,514.31,518.53,522.75,526.96,531.18,535.39,539.61,543.82,548.04,552.25,556.47,560.69,564.9,569.12,573.33,577.55,581.76,585.98,590.2,594.41,598.63,602.84,607.06,611.27,615.49,619.71,623.92,628.14,632.35,636.57,640.78,645.0,649.22,653.43,657.65,661.86,666.08,670.29,674.51,678.73,682.94,687.16,691.37,695.59,699.8,704.02,708.24,712.45,716.67,720.88,725.1,729.31,733.53,737.75,741.96,746.18,750.39,754.61,758.82,763.04,767.25,771.47,775.69,779.9,784.12,788.33,792.55,796.76,800.98,805.2,809.41,813.63,817.84,822.06,826.27,830.49,834.71,838.92,843.14,847.35,851.57,855.78,860.0],"generated_at":"2026-05-03T12:35:31Z","builder_version":"build_topic_model_variants v0.1"}