{"scene_id":"pavia-university","variant":"tomotopy_hdp","topic_count":18,"vocabulary_size":103,"document_count":1980,"topic_prevalence":[0.018557,0.065301,0.103572,0.104631,0.071193,0.041051,0.135701,0.176496,0.070115,0.106189,0.008123,0.000195,0.00101,0.006454,0.075704,0.007064,0.008361,0.000282],"top_words_per_topic":[[{"token":"0835nm","p_w_given_topic":0.016271},{"token":"0839nm","p_w_given_topic":0.016105},{"token":"0843nm","p_w_given_topic":0.01598},{"token":"0847nm","p_w_given_topic":0.015565},{"token":"0430nm","p_w_given_topic":0.015524},{"token":"0852nm","p_w_given_topic":0.015441},{"token":"0856nm","p_w_given_topic":0.015275},{"token":"0860nm","p_w_given_topic":0.015151},{"token":"0830nm","p_w_given_topic":0.014985},{"token":"0784nm","p_w_given_topic":0.014985},{"token":"0780nm","p_w_given_topic":0.014819},{"token":"0809nm","p_w_given_topic":0.014777},{"token":"0826nm","p_w_given_topic":0.014777},{"token":"0818nm","p_w_given_topic":0.014694},{"token":"0776nm","p_w_given_topic":0.014694},{"token":"0822nm","p_w_given_topic":0.014694},{"token":"0814nm","p_w_given_topic":0.014611},{"token":"0793nm","p_w_given_topic":0.014404},{"token":"0805nm","p_w_given_topic":0.014362},{"token":"0788nm","p_w_given_topic":0.014113},{"token":"0797nm","p_w_given_topic":0.013948},{"token":"0767nm","p_w_given_topic":0.013823},{"token":"0771nm","p_w_given_topic":0.013657},{"token":"0434nm","p_w_given_topic":0.013533},{"token":"0801nm","p_w_given_topic":0.013533},{"token":"0763nm","p_w_given_topic":0.01345},{"token":"0759nm","p_w_given_topic":0.012786},{"token":"0755nm","p_w_given_topic":0.01262},{"token":"0746nm","p_w_given_topic":0.012288},{"token":"0729nm","p_w_given_topic":0.012205}],[{"token":"0776nm","p_w_given_topic":0.011924},{"token":"0755nm","p_w_given_topic":0.01188},{"token":"0771nm","p_w_given_topic":0.011854},{"token":"0784nm","p_w_given_topic":0.011854},{"token":"0687nm","p_w_given_topic":0.011783},{"token":"0763nm","p_w_given_topic":0.01174},{"token":"0750nm","p_w_given_topic":0.011731},{"token":"0691nm","p_w_given_topic":0.011722},{"token":"0725nm","p_w_given_topic":0.011696},{"token":"0712nm","p_w_given_topic":0.011687},{"token":"0721nm","p_w_given_topic":0.011678},{"token":"0734nm","p_w_given_topic":0.011652},{"token":"0780nm","p_w_given_topic":0.011643},{"token":"0649nm","p_w_given_topic":0.011634},{"token":"0653nm","p_w_given_topic":0.011634},{"token":"0700nm","p_w_given_topic":0.01159},{"token":"0717nm","p_w_given_topic":0.011582},{"token":"0679nm","p_w_given_topic":0.011582},{"token":"0759nm","p_w_given_topic":0.011573},{"token":"0704nm","p_w_given_topic":0.011564},{"token":"0793nm","p_w_given_topic":0.011555},{"token":"0767nm","p_w_given_topic":0.011538},{"token":"0729nm","p_w_given_topic":0.011529},{"token":"0746nm","p_w_given_topic":0.011511},{"token":"0670nm","p_w_given_topic":0.011485},{"token":"0675nm","p_w_given_topic":0.011468},{"token":"0683nm","p_w_given_topic":0.011441},{"token":"0708nm","p_w_given_topic":0.011441},{"token":"0788nm","p_w_given_topic":0.011441},{"token":"0666nm","p_w_given_topic":0.011433}],[{"token":"0430nm","p_w_given_topic":0.039811},{"token":"0434nm","p_w_given_topic":0.032069},{"token":"0438nm","p_w_given_topic":0.026086},{"token":"0443nm","p_w_given_topic":0.02282},{"token":"0447nm","p_w_given_topic":0.021579},{"token":"0843nm","p_w_given_topic":0.021234},{"token":"0839nm","p_w_given_topic":0.021187},{"token":"0847nm","p_w_given_topic":0.020653},{"token":"0852nm","p_w_given_topic":0.020182},{"token":"0835nm","p_w_given_topic":0.020135},{"token":"0451nm","p_w_given_topic":0.020119},{"token":"0780nm","p_w_given_topic":0.020072},{"token":"0784nm","p_w_given_topic":0.019632},{"token":"0856nm","p_w_given_topic":0.019491},{"token":"0860nm","p_w_given_topic":0.019349},{"token":"0830nm","p_w_given_topic":0.0188},{"token":"0826nm","p_w_given_topic":0.01825},{"token":"0822nm","p_w_given_topic":0.018109},{"token":"0818nm","p_w_given_topic":0.018015},{"token":"0455nm","p_w_given_topic":0.01792},{"token":"0814nm","p_w_given_topic":0.017795},{"token":"0809nm","p_w_given_topic":0.017339},{"token":"0788nm","p_w_given_topic":0.016837},{"token":"0776nm","p_w_given_topic":0.016743},{"token":"0801nm","p_w_given_topic":0.016115},{"token":"0793nm","p_w_given_topic":0.01602},{"token":"0805nm","p_w_given_topic":0.015879},{"token":"0460nm","p_w_given_topic":0.015769},{"token":"0797nm","p_w_given_topic":0.015769},{"token":"0771nm","p_w_given_topic":0.014466}],[{"token":"0860nm","p_w_given_topic":0.022379},{"token":"0814nm","p_w_given_topic":0.022162},{"token":"0835nm","p_w_given_topic":0.022023},{"token":"0830nm","p_w_given_topic":0.021997},{"token":"0822nm","p_w_given_topic":0.021997},{"token":"0826nm","p_w_given_topic":0.021936},{"token":"0818nm","p_w_given_topic":0.02184},{"token":"0856nm","p_w_given_topic":0.021806},{"token":"0839nm","p_w_given_topic":0.021762},{"token":"0852nm","p_w_given_topic":0.021727},{"token":"0843nm","p_w_given_topic":0.021649},{"token":"0801nm","p_w_given_topic":0.021606},{"token":"0809nm","p_w_given_topic":0.021588},{"token":"0797nm","p_w_given_topic":0.021493},{"token":"0805nm","p_w_given_topic":0.021458},{"token":"0847nm","p_w_given_topic":0.021197},{"token":"0793nm","p_w_given_topic":0.021163},{"token":"0788nm","p_w_given_topic":0.020937},{"token":"0771nm","p_w_given_topic":0.020841},{"token":"0776nm","p_w_given_topic":0.020711},{"token":"0767nm","p_w_given_topic":0.020694},{"token":"0784nm","p_w_given_topic":0.02052},{"token":"0780nm","p_w_given_topic":0.020433},{"token":"0763nm","p_w_given_topic":0.019981},{"token":"0759nm","p_w_given_topic":0.019842},{"token":"0755nm","p_w_given_topic":0.019365},{"token":"0750nm","p_w_given_topic":0.018157},{"token":"0746nm","p_w_given_topic":0.017671},{"token":"0742nm","p_w_given_topic":0.016811},{"token":"0738nm","p_w_given_topic":0.015707}],[{"token":"0784nm","p_w_given_topic":0.012495},{"token":"0788nm","p_w_given_topic":0.012393},{"token":"0750nm","p_w_given_topic":0.012346},{"token":"0755nm","p_w_given_topic":0.012338},{"token":"0721nm","p_w_given_topic":0.012275},{"token":"0793nm","p_w_given_topic":0.012212},{"token":"0763nm","p_w_given_topic":0.012149},{"token":"0759nm","p_w_given_topic":0.012142},{"token":"0767nm","p_w_given_topic":0.012071},{"token":"0683nm","p_w_given_topic":0.012008},{"token":"0746nm","p_w_given_topic":0.012},{"token":"0771nm","p_w_given_topic":0.011945},{"token":"0725nm","p_w_given_topic":0.011937},{"token":"0797nm","p_w_given_topic":0.011898},{"token":"0708nm","p_w_given_topic":0.011882},{"token":"0691nm","p_w_given_topic":0.011882},{"token":"0687nm","p_w_given_topic":0.011874},{"token":"0717nm","p_w_given_topic":0.011874},{"token":"0729nm","p_w_given_topic":0.011819},{"token":"0675nm","p_w_given_topic":0.011819},{"token":"0712nm","p_w_given_topic":0.011764},{"token":"0809nm","p_w_given_topic":0.011749},{"token":"0679nm","p_w_given_topic":0.011749},{"token":"0818nm","p_w_given_topic":0.011733},{"token":"0696nm","p_w_given_topic":0.011725},{"token":"0670nm","p_w_given_topic":0.011702},{"token":"0653nm","p_w_given_topic":0.01167},{"token":"0704nm","p_w_given_topic":0.011662},{"token":"0814nm","p_w_given_topic":0.011631},{"token":"0742nm","p_w_given_topic":0.011607}],[{"token":"0784nm","p_w_given_topic":0.011205},{"token":"0771nm","p_w_given_topic":0.011167},{"token":"0691nm","p_w_given_topic":0.011167},{"token":"0683nm","p_w_given_topic":0.011128},{"token":"0725nm","p_w_given_topic":0.011128},{"token":"0696nm","p_w_given_topic":0.011116},{"token":"0763nm","p_w_given_topic":0.01109},{"token":"0780nm","p_w_given_topic":0.011077},{"token":"0767nm","p_w_given_topic":0.011052},{"token":"0750nm","p_w_given_topic":0.010962},{"token":"0797nm","p_w_given_topic":0.010949},{"token":"0687nm","p_w_given_topic":0.010924},{"token":"0675nm","p_w_given_topic":0.010898},{"token":"0599nm","p_w_given_topic":0.010885},{"token":"0624nm","p_w_given_topic":0.010872},{"token":"0653nm","p_w_given_topic":0.010872},{"token":"0721nm","p_w_given_topic":0.01086},{"token":"0717nm","p_w_given_topic":0.010847},{"token":"0759nm","p_w_given_topic":0.010834},{"token":"0788nm","p_w_given_topic":0.010808},{"token":"0746nm","p_w_given_topic":0.010808},{"token":"0658nm","p_w_given_topic":0.010783},{"token":"0679nm","p_w_given_topic":0.01077},{"token":"0670nm","p_w_given_topic":0.01077},{"token":"0620nm","p_w_given_topic":0.010757},{"token":"0776nm","p_w_given_topic":0.010744},{"token":"0628nm","p_w_given_topic":0.010744},{"token":"0729nm","p_w_given_topic":0.010744},{"token":"0755nm","p_w_given_topic":0.010731},{"token":"0662nm","p_w_given_topic":0.010693}],[{"token":"0788nm","p_w_given_topic":0.013403},{"token":"0784nm","p_w_given_topic":0.01333},{"token":"0759nm","p_w_given_topic":0.013297},{"token":"0750nm","p_w_given_topic":0.013274},{"token":"0755nm","p_w_given_topic":0.013237},{"token":"0793nm","p_w_given_topic":0.013205},{"token":"0767nm","p_w_given_topic":0.013168},{"token":"0763nm","p_w_given_topic":0.013155},{"token":"0746nm","p_w_given_topic":0.013058},{"token":"0721nm","p_w_given_topic":0.01303},{"token":"0805nm","p_w_given_topic":0.012897},{"token":"0797nm","p_w_given_topic":0.012828},{"token":"0725nm","p_w_given_topic":0.0128},{"token":"0771nm","p_w_given_topic":0.012791},{"token":"0801nm","p_w_given_topic":0.012745},{"token":"0729nm","p_w_given_topic":0.012731},{"token":"0814nm","p_w_given_topic":0.012717},{"token":"0717nm","p_w_given_topic":0.012712},{"token":"0809nm","p_w_given_topic":0.012703},{"token":"0742nm","p_w_given_topic":0.01268},{"token":"0818nm","p_w_given_topic":0.012639},{"token":"0712nm","p_w_given_topic":0.01263},{"token":"0738nm","p_w_given_topic":0.012625},{"token":"0822nm","p_w_given_topic":0.012616},{"token":"0780nm","p_w_given_topic":0.012468},{"token":"0734nm","p_w_given_topic":0.012432},{"token":"0830nm","p_w_given_topic":0.012404},{"token":"0708nm","p_w_given_topic":0.012316},{"token":"0826nm","p_w_given_topic":0.01228},{"token":"0839nm","p_w_given_topic":0.01228}],[{"token":"0826nm","p_w_given_topic":0.031632},{"token":"0822nm","p_w_given_topic":0.031439},{"token":"0814nm","p_w_given_topic":0.031379},{"token":"0809nm","p_w_given_topic":0.031319},{"token":"0818nm","p_w_given_topic":0.031199},{"token":"0830nm","p_w_given_topic":0.031125},{"token":"0805nm","p_w_given_topic":0.031025},{"token":"0801nm","p_w_given_topic":0.030999},{"token":"0793nm","p_w_given_topic":0.030865},{"token":"0835nm","p_w_given_topic":0.030732},{"token":"0856nm","p_w_given_topic":0.030632},{"token":"0797nm","p_w_given_topic":0.030579},{"token":"0860nm","p_w_given_topic":0.030505},{"token":"0839nm","p_w_given_topic":0.030419},{"token":"0788nm","p_w_given_topic":0.030332},{"token":"0843nm","p_w_given_topic":0.030165},{"token":"0847nm","p_w_given_topic":0.030012},{"token":"0852nm","p_w_given_topic":0.029932},{"token":"0771nm","p_w_given_topic":0.029832},{"token":"0776nm","p_w_given_topic":0.029625},{"token":"0784nm","p_w_given_topic":0.029385},{"token":"0780nm","p_w_given_topic":0.028965},{"token":"0767nm","p_w_given_topic":0.028872},{"token":"0763nm","p_w_given_topic":0.027572},{"token":"0759nm","p_w_given_topic":0.026451},{"token":"0755nm","p_w_given_topic":0.024778},{"token":"0750nm","p_w_given_topic":0.022998},{"token":"0746nm","p_w_given_topic":0.020597},{"token":"0742nm","p_w_given_topic":0.018324},{"token":"0738nm","p_w_given_topic":0.015957}],[{"token":"0784nm","p_w_given_topic":0.01439},{"token":"0788nm","p_w_given_topic":0.014351},{"token":"0746nm","p_w_given_topic":0.014216},{"token":"0750nm","p_w_given_topic":0.014216},{"token":"0755nm","p_w_given_topic":0.014061},{"token":"0717nm","p_w_given_topic":0.013925},{"token":"0759nm","p_w_given_topic":0.013905},{"token":"0763nm","p_w_given_topic":0.013857},{"token":"0742nm","p_w_given_topic":0.013799},{"token":"0738nm","p_w_given_topic":0.013702},{"token":"0767nm","p_w_given_topic":0.013692},{"token":"0725nm","p_w_given_topic":0.013692},{"token":"0721nm","p_w_given_topic":0.013663},{"token":"0793nm","p_w_given_topic":0.013508},{"token":"0797nm","p_w_given_topic":0.013479},{"token":"0712nm","p_w_given_topic":0.01343},{"token":"0814nm","p_w_given_topic":0.013401},{"token":"0805nm","p_w_given_topic":0.013372},{"token":"0809nm","p_w_given_topic":0.013353},{"token":"0729nm","p_w_given_topic":0.013324},{"token":"0708nm","p_w_given_topic":0.013256},{"token":"0801nm","p_w_given_topic":0.013256},{"token":"0860nm","p_w_given_topic":0.013062},{"token":"0771nm","p_w_given_topic":0.013043},{"token":"0734nm","p_w_given_topic":0.013033},{"token":"0826nm","p_w_given_topic":0.012965},{"token":"0780nm","p_w_given_topic":0.012907},{"token":"0675nm","p_w_given_topic":0.012849},{"token":"0856nm","p_w_given_topic":0.012829},{"token":"0818nm","p_w_given_topic":0.01282}],[{"token":"0497nm","p_w_given_topic":0.026188},{"token":"0502nm","p_w_given_topic":0.026105},{"token":"0506nm","p_w_given_topic":0.025919},{"token":"0510nm","p_w_given_topic":0.025898},{"token":"0514nm","p_w_given_topic":0.025661},{"token":"0493nm","p_w_given_topic":0.02565},{"token":"0489nm","p_w_given_topic":0.025526},{"token":"0519nm","p_w_given_topic":0.025258},{"token":"0485nm","p_w_given_topic":0.024989},{"token":"0523nm","p_w_given_topic":0.024555},{"token":"0481nm","p_w_given_topic":0.024348},{"token":"0531nm","p_w_given_topic":0.024266},{"token":"0527nm","p_w_given_topic":0.024214},{"token":"0535nm","p_w_given_topic":0.024059},{"token":"0540nm","p_w_given_topic":0.023759},{"token":"0544nm","p_w_given_topic":0.023253},{"token":"0476nm","p_w_given_topic":0.023222},{"token":"0472nm","p_w_given_topic":0.022726},{"token":"0548nm","p_w_given_topic":0.022178},{"token":"0552nm","p_w_given_topic":0.021693},{"token":"0468nm","p_w_given_topic":0.021538},{"token":"0556nm","p_w_given_topic":0.021393},{"token":"0561nm","p_w_given_topic":0.020246},{"token":"0464nm","p_w_given_topic":0.02007},{"token":"0565nm","p_w_given_topic":0.019264},{"token":"0460nm","p_w_given_topic":0.019016},{"token":"0569nm","p_w_given_topic":0.01882},{"token":"0455nm","p_w_given_topic":0.01822},{"token":"0573nm","p_w_given_topic":0.017445},{"token":"0451nm","p_w_given_topic":0.016681}],[{"token":"0523nm","p_w_given_topic":0.023798},{"token":"0535nm","p_w_given_topic":0.023798},{"token":"0510nm","p_w_given_topic":0.023566},{"token":"0527nm","p_w_given_topic":0.023566},{"token":"0502nm","p_w_given_topic":0.022986},{"token":"0519nm","p_w_given_topic":0.022754},{"token":"0540nm","p_w_given_topic":0.02229},{"token":"0544nm","p_w_given_topic":0.022174},{"token":"0514nm","p_w_given_topic":0.022058},{"token":"0506nm","p_w_given_topic":0.021826},{"token":"0493nm","p_w_given_topic":0.021594},{"token":"0531nm","p_w_given_topic":0.021594},{"token":"0548nm","p_w_given_topic":0.021478},{"token":"0497nm","p_w_given_topic":0.021362},{"token":"0552nm","p_w_given_topic":0.021246},{"token":"0485nm","p_w_given_topic":0.021015},{"token":"0556nm","p_w_given_topic":0.020899},{"token":"0489nm","p_w_given_topic":0.019739},{"token":"0565nm","p_w_given_topic":0.019507},{"token":"0561nm","p_w_given_topic":0.019275},{"token":"0481nm","p_w_given_topic":0.019043},{"token":"0472nm","p_w_given_topic":0.018463},{"token":"0476nm","p_w_given_topic":0.018347},{"token":"0569nm","p_w_given_topic":0.017419},{"token":"0573nm","p_w_given_topic":0.017187},{"token":"0578nm","p_w_given_topic":0.016723},{"token":"0582nm","p_w_given_topic":0.016028},{"token":"0468nm","p_w_given_topic":0.015912},{"token":"0464nm","p_w_given_topic":0.015216},{"token":"0586nm","p_w_given_topic":0.014404}],[{"token":"0443nm","p_w_given_topic":0.106904},{"token":"0438nm","p_w_given_topic":0.084633},{"token":"0430nm","p_w_given_topic":0.084633},{"token":"0434nm","p_w_given_topic":0.051225},{"token":"0447nm","p_w_given_topic":0.045657},{"token":"0590nm","p_w_given_topic":0.040089},{"token":"0615nm","p_w_given_topic":0.040089},{"token":"0455nm","p_w_given_topic":0.034521},{"token":"0594nm","p_w_given_topic":0.028953},{"token":"0451nm","p_w_given_topic":0.028953},{"token":"0586nm","p_w_given_topic":0.028953},{"token":"0637nm","p_w_given_topic":0.023385},{"token":"0847nm","p_w_given_topic":0.023385},{"token":"0717nm","p_w_given_topic":0.023385},{"token":"0582nm","p_w_given_topic":0.023385},{"token":"0683nm","p_w_given_topic":0.017817},{"token":"0645nm","p_w_given_topic":0.017817},{"token":"0565nm","p_w_given_topic":0.017817},{"token":"0708nm","p_w_given_topic":0.017817},{"token":"0691nm","p_w_given_topic":0.012249},{"token":"0620nm","p_w_given_topic":0.012249},{"token":"0569nm","p_w_given_topic":0.012249},{"token":"0527nm","p_w_given_topic":0.012249},{"token":"0830nm","p_w_given_topic":0.012249},{"token":"0653nm","p_w_given_topic":0.012249},{"token":"0481nm","p_w_given_topic":0.012249},{"token":"0742nm","p_w_given_topic":0.006682},{"token":"0721nm","p_w_given_topic":0.006682},{"token":"0763nm","p_w_given_topic":0.006682},{"token":"0649nm","p_w_given_topic":0.006682}],[{"token":"0767nm","p_w_given_topic":0.01197},{"token":"0489nm","p_w_given_topic":0.01197},{"token":"0502nm","p_w_given_topic":0.01197},{"token":"0506nm","p_w_given_topic":0.01197},{"token":"0734nm","p_w_given_topic":0.011377},{"token":"0755nm","p_w_given_topic":0.011377},{"token":"0759nm","p_w_given_topic":0.011377},{"token":"0729nm","p_w_given_topic":0.011377},{"token":"0725nm","p_w_given_topic":0.011377},{"token":"0763nm","p_w_given_topic":0.011377},{"token":"0434nm","p_w_given_topic":0.011377},{"token":"0497nm","p_w_given_topic":0.011377},{"token":"0721nm","p_w_given_topic":0.011377},{"token":"0784nm","p_w_given_topic":0.011377},{"token":"0750nm","p_w_given_topic":0.011377},{"token":"0493nm","p_w_given_topic":0.011377},{"token":"0717nm","p_w_given_topic":0.010785},{"token":"0708nm","p_w_given_topic":0.010785},{"token":"0746nm","p_w_given_topic":0.010785},{"token":"0788nm","p_w_given_topic":0.010785},{"token":"0771nm","p_w_given_topic":0.010785},{"token":"0738nm","p_w_given_topic":0.010785},{"token":"0809nm","p_w_given_topic":0.010785},{"token":"0691nm","p_w_given_topic":0.010785},{"token":"0485nm","p_w_given_topic":0.010785},{"token":"0472nm","p_w_given_topic":0.010785},{"token":"0468nm","p_w_given_topic":0.010785},{"token":"0683nm","p_w_given_topic":0.010785},{"token":"0687nm","p_w_given_topic":0.010785},{"token":"0510nm","p_w_given_topic":0.010785}],[{"token":"0565nm","p_w_given_topic":0.014027},{"token":"0569nm","p_w_given_topic":0.013586},{"token":"0540nm","p_w_given_topic":0.013146},{"token":"0502nm","p_w_given_topic":0.013058},{"token":"0548nm","p_w_given_topic":0.012882},{"token":"0552nm","p_w_given_topic":0.012793},{"token":"0535nm","p_w_given_topic":0.012705},{"token":"0561nm","p_w_given_topic":0.012617},{"token":"0510nm","p_w_given_topic":0.012617},{"token":"0519nm","p_w_given_topic":0.012529},{"token":"0527nm","p_w_given_topic":0.012441},{"token":"0531nm","p_w_given_topic":0.012441},{"token":"0624nm","p_w_given_topic":0.012353},{"token":"0506nm","p_w_given_topic":0.012265},{"token":"0578nm","p_w_given_topic":0.012265},{"token":"0603nm","p_w_given_topic":0.012265},{"token":"0582nm","p_w_given_topic":0.012177},{"token":"0590nm","p_w_given_topic":0.012},{"token":"0586nm","p_w_given_topic":0.012},{"token":"0573nm","p_w_given_topic":0.011824},{"token":"0497nm","p_w_given_topic":0.011824},{"token":"0481nm","p_w_given_topic":0.011736},{"token":"0443nm","p_w_given_topic":0.01156},{"token":"0615nm","p_w_given_topic":0.01156},{"token":"0556nm","p_w_given_topic":0.011472},{"token":"0523nm","p_w_given_topic":0.011384},{"token":"0594nm","p_w_given_topic":0.011384},{"token":"0447nm","p_w_given_topic":0.011384},{"token":"0607nm","p_w_given_topic":0.011296},{"token":"0485nm","p_w_given_topic":0.011296}],[{"token":"0809nm","p_w_given_topic":0.011172},{"token":"0767nm","p_w_given_topic":0.011109},{"token":"0759nm","p_w_given_topic":0.011054},{"token":"0780nm","p_w_given_topic":0.011006},{"token":"0771nm","p_w_given_topic":0.011006},{"token":"0788nm","p_w_given_topic":0.010992},{"token":"0696nm","p_w_given_topic":0.010985},{"token":"0784nm","p_w_given_topic":0.010978},{"token":"0687nm","p_w_given_topic":0.010923},{"token":"0679nm","p_w_given_topic":0.010902},{"token":"0763nm","p_w_given_topic":0.010888},{"token":"0776nm","p_w_given_topic":0.010874},{"token":"0793nm","p_w_given_topic":0.01086},{"token":"0755nm","p_w_given_topic":0.01086},{"token":"0717nm","p_w_given_topic":0.010847},{"token":"0797nm","p_w_given_topic":0.01084},{"token":"0691nm","p_w_given_topic":0.010819},{"token":"0670nm","p_w_given_topic":0.010819},{"token":"0725nm","p_w_given_topic":0.010805},{"token":"0805nm","p_w_given_topic":0.010798},{"token":"0801nm","p_w_given_topic":0.010798},{"token":"0675nm","p_w_given_topic":0.010784},{"token":"0746nm","p_w_given_topic":0.010778},{"token":"0729nm","p_w_given_topic":0.010757},{"token":"0721nm","p_w_given_topic":0.01075},{"token":"0734nm","p_w_given_topic":0.010729},{"token":"0658nm","p_w_given_topic":0.010729},{"token":"0700nm","p_w_given_topic":0.010722},{"token":"0649nm","p_w_given_topic":0.010701},{"token":"0750nm","p_w_given_topic":0.010695}],[{"token":"0565nm","p_w_given_topic":0.017901},{"token":"0611nm","p_w_given_topic":0.017808},{"token":"0586nm","p_w_given_topic":0.017808},{"token":"0594nm","p_w_given_topic":0.017623},{"token":"0615nm","p_w_given_topic":0.017531},{"token":"0590nm","p_w_given_topic":0.017531},{"token":"0561nm","p_w_given_topic":0.017438},{"token":"0582nm","p_w_given_topic":0.017345},{"token":"0569nm","p_w_given_topic":0.01716},{"token":"0603nm","p_w_given_topic":0.017067},{"token":"0599nm","p_w_given_topic":0.017067},{"token":"0552nm","p_w_given_topic":0.016975},{"token":"0607nm","p_w_given_topic":0.016789},{"token":"0620nm","p_w_given_topic":0.016604},{"token":"0540nm","p_w_given_topic":0.016326},{"token":"0632nm","p_w_given_topic":0.016233},{"token":"0548nm","p_w_given_topic":0.016141},{"token":"0556nm","p_w_given_topic":0.015863},{"token":"0544nm","p_w_given_topic":0.015677},{"token":"0531nm","p_w_given_topic":0.015585},{"token":"0527nm","p_w_given_topic":0.015585},{"token":"0628nm","p_w_given_topic":0.015585},{"token":"0645nm","p_w_given_topic":0.015492},{"token":"0510nm","p_w_given_topic":0.015399},{"token":"0573nm","p_w_given_topic":0.015307},{"token":"0653nm","p_w_given_topic":0.015121},{"token":"0523nm","p_w_given_topic":0.015121},{"token":"0675nm","p_w_given_topic":0.014936},{"token":"0578nm","p_w_given_topic":0.014936},{"token":"0514nm","p_w_given_topic":0.014844}],[{"token":"0493nm","p_w_given_topic":0.018882},{"token":"0519nm","p_w_given_topic":0.017901},{"token":"0514nm","p_w_given_topic":0.017683},{"token":"0523nm","p_w_given_topic":0.017574},{"token":"0497nm","p_w_given_topic":0.017247},{"token":"0485nm","p_w_given_topic":0.017247},{"token":"0472nm","p_w_given_topic":0.017138},{"token":"0476nm","p_w_given_topic":0.016702},{"token":"0502nm","p_w_given_topic":0.016593},{"token":"0506nm","p_w_given_topic":0.016593},{"token":"0561nm","p_w_given_topic":0.016484},{"token":"0586nm","p_w_given_topic":0.016375},{"token":"0544nm","p_w_given_topic":0.016375},{"token":"0531nm","p_w_given_topic":0.016375},{"token":"0489nm","p_w_given_topic":0.016375},{"token":"0527nm","p_w_given_topic":0.016266},{"token":"0535nm","p_w_given_topic":0.016157},{"token":"0548nm","p_w_given_topic":0.016048},{"token":"0481nm","p_w_given_topic":0.016048},{"token":"0599nm","p_w_given_topic":0.015939},{"token":"0569nm","p_w_given_topic":0.015939},{"token":"0460nm","p_w_given_topic":0.015721},{"token":"0540nm","p_w_given_topic":0.015721},{"token":"0578nm","p_w_given_topic":0.015612},{"token":"0510nm","p_w_given_topic":0.015612},{"token":"0573nm","p_w_given_topic":0.015503},{"token":"0556nm","p_w_given_topic":0.015067},{"token":"0552nm","p_w_given_topic":0.014849},{"token":"0468nm","p_w_given_topic":0.014849},{"token":"0565nm","p_w_given_topic":0.014631}],[{"token":"0443nm","p_w_given_topic":0.081494},{"token":"0438nm","p_w_given_topic":0.081494},{"token":"0455nm","p_w_given_topic":0.07725},{"token":"0434nm","p_w_given_topic":0.073005},{"token":"0447nm","p_w_given_topic":0.060272},{"token":"0451nm","p_w_given_topic":0.060272},{"token":"0472nm","p_w_given_topic":0.039049},{"token":"0460nm","p_w_given_topic":0.039049},{"token":"0717nm","p_w_given_topic":0.026316},{"token":"0481nm","p_w_given_topic":0.026316},{"token":"0696nm","p_w_given_topic":0.026316},{"token":"0464nm","p_w_given_topic":0.022071},{"token":"0468nm","p_w_given_topic":0.022071},{"token":"0826nm","p_w_given_topic":0.017827},{"token":"0565nm","p_w_given_topic":0.017827},{"token":"0725nm","p_w_given_topic":0.017827},{"token":"0805nm","p_w_given_topic":0.013582},{"token":"0645nm","p_w_given_topic":0.013582},{"token":"0670nm","p_w_given_topic":0.013582},{"token":"0809nm","p_w_given_topic":0.013582},{"token":"0856nm","p_w_given_topic":0.013582},{"token":"0712nm","p_w_given_topic":0.013582},{"token":"0489nm","p_w_given_topic":0.013582},{"token":"0691nm","p_w_given_topic":0.013582},{"token":"0704nm","p_w_given_topic":0.013582},{"token":"0776nm","p_w_given_topic":0.009338},{"token":"0763nm","p_w_given_topic":0.009338},{"token":"0759nm","p_w_given_topic":0.009338},{"token":"0485nm","p_w_given_topic":0.009338},{"token":"0637nm","p_w_given_topic":0.009338}]],"perplexity":108.95786858170975,"reconstruction_err":null,"coherence":{"top_n":15,"c_v":0.690168,"c_npmi":-0.045639,"u_mass":-0.037376},"topic_distance_js":[[0.0,0.014756,0.063147,0.027127,0.015599,0.021215,0.01319,0.129017,0.011707,0.205912,0.143466,0.239102,0.022535,0.051356,0.020333,0.133818,0.130251,0.267044],[0.014756,0.0,0.105505,0.049367,0.003278,0.003223,0.004055,0.179756,0.011844,0.175271,0.113981,0.269072,0.014882,0.024802,0.005957,0.073949,0.091934,0.29323],[0.063147,0.105505,0.0,0.08602,0.107434,0.09921,0.114065,0.116987,0.117771,0.172209,0.13575,0.222023,0.07362,0.116027,0.094309,0.252348,0.17491,0.199825],[0.027127,0.049367,0.08602,0.0,0.045306,0.059958,0.033474,0.053376,0.029005,0.289166,0.202057,0.327826,0.076367,0.114526,0.060504,0.21573,0.233946,0.33774],[0.015599,0.003278,0.107434,0.045306,0.0,0.005002,0.003108,0.173929,0.010241,0.186743,0.120866,0.268629,0.017964,0.023987,0.00378,0.083582,0.101941,0.28593],[0.021215,0.003223,0.09921,0.059958,0.005002,0.0,0.010009,0.191593,0.022376,0.149937,0.093027,0.264762,0.010215,0.014614,0.002928,0.067954,0.076624,0.277085],[0.01319,0.004055,0.114065,0.033474,0.003108,0.010009,0.0,0.156274,0.003631,0.215539,0.144009,0.281489,0.02775,0.040495,0.012157,0.096338,0.125438,0.309489],[0.129017,0.179756,0.116987,0.053376,0.173929,0.191593,0.156274,0.0,0.146761,0.379641,0.292062,0.422733,0.20391,0.261307,0.190767,0.402287,0.398366,0.414155],[0.011707,0.011844,0.117771,0.029005,0.010241,0.022376,0.003631,0.146761,0.0,0.247487,0.174603,0.274755,0.038686,0.05831,0.023699,0.117533,0.147326,0.313162],[0.205912,0.175271,0.172209,0.289166,0.186743,0.149937,0.215539,0.379641,0.247487,0.0,0.015651,0.289114,0.127347,0.102299,0.148436,0.147266,0.066427,0.274781],[0.143466,0.113981,0.13575,0.202057,0.120866,0.093027,0.144009,0.292062,0.174603,0.015651,0.0,0.296847,0.084729,0.064199,0.091712,0.12212,0.067737,0.287216],[0.239102,0.269072,0.222023,0.327826,0.268629,0.264762,0.281489,0.422733,0.274755,0.289114,0.296847,0.0,0.232604,0.241405,0.258302,0.29408,0.229118,0.204835],[0.022535,0.014882,0.07362,0.076367,0.017964,0.010215,0.02775,0.20391,0.038686,0.127347,0.084729,0.232604,0.0,0.013652,0.00818,0.079999,0.061516,0.227981],[0.051356,0.024802,0.116027,0.114526,0.023987,0.014614,0.040495,0.261307,0.05831,0.102299,0.064199,0.241405,0.013652,0.0,0.011173,0.049383,0.037163,0.241319],[0.020333,0.005957,0.094309,0.060504,0.00378,0.002928,0.012157,0.190767,0.023699,0.148436,0.091712,0.258302,0.00818,0.011173,0.0,0.074765,0.076927,0.260968],[0.133818,0.073949,0.252348,0.21573,0.083582,0.067954,0.096338,0.402287,0.117533,0.147266,0.12212,0.29408,0.079999,0.049383,0.074765,0.0,0.040044,0.338677],[0.130251,0.091934,0.17491,0.233946,0.101941,0.076624,0.125438,0.398366,0.147326,0.066427,0.067737,0.229118,0.061516,0.037163,0.076927,0.040044,0.0,0.246052],[0.267044,0.29323,0.199825,0.33774,0.28593,0.277085,0.309489,0.414155,0.313162,0.274781,0.287216,0.204835,0.227981,0.241319,0.260968,0.338677,0.246052,0.0]],"topic_intertopic_2d_js":[[0.04729,-0.113039],[-0.072814,-0.112165],[0.208724,0.019391],[0.109487,-0.226962],[-0.050449,-0.115192],[-0.078934,-0.073402],[-0.0454,-0.157127],[0.309101,-0.27103],[-0.019177,-0.189856],[-0.152476,0.302686],[-0.129582,0.220095],[0.370275,0.227237],[-0.024798,-0.002471],[-0.112206,0.019143],[-0.056032,-0.057411],[-0.297987,-0.003871],[-0.210774,0.13722],[0.205753,0.396754]],"K_live":18,"topic_correlation":null,"wavelengths_nm":[430.0,434.22,438.43,442.65,446.86,451.08,455.29,459.51,463.73,467.94,472.16,476.37,480.59,484.8,489.02,493.24,497.45,501.67,505.88,510.1,514.31,518.53,522.75,526.96,531.18,535.39,539.61,543.82,548.04,552.25,556.47,560.69,564.9,569.12,573.33,577.55,581.76,585.98,590.2,594.41,598.63,602.84,607.06,611.27,615.49,619.71,623.92,628.14,632.35,636.57,640.78,645.0,649.22,653.43,657.65,661.86,666.08,670.29,674.51,678.73,682.94,687.16,691.37,695.59,699.8,704.02,708.24,712.45,716.67,720.88,725.1,729.31,733.53,737.75,741.96,746.18,750.39,754.61,758.82,763.04,767.25,771.47,775.69,779.9,784.12,788.33,792.55,796.76,800.98,805.2,809.41,813.63,817.84,822.06,826.27,830.49,834.71,838.92,843.14,847.35,851.57,855.78,860.0],"generated_at":"2026-05-03T23:48:35Z","builder_version":"build_topic_model_variants v0.1"}