{"scene_id":"pavia-university","variant":"tomotopy_hdp","topic_count":21,"vocabulary_size":103,"document_count":1980,"topic_prevalence":[0.022652,0.093729,0.041377,0.106461,0.04162,0.010251,0.121034,0.169021,0.092836,0.098872,0.020616,0.000505,0.000505,0.048926,0.011742,0.036824,0.00239,0.013891,0.0003,0.022822,0.043627],"top_words_per_topic":[[{"token":"0784nm","p_w_given_topic":0.015076},{"token":"0835nm","p_w_given_topic":0.014977},{"token":"0847nm","p_w_given_topic":0.014811},{"token":"0780nm","p_w_given_topic":0.014811},{"token":"0839nm","p_w_given_topic":0.014579},{"token":"0430nm","p_w_given_topic":0.014579},{"token":"0843nm","p_w_given_topic":0.014513},{"token":"0856nm","p_w_given_topic":0.014414},{"token":"0814nm","p_w_given_topic":0.014215},{"token":"0788nm","p_w_given_topic":0.014149},{"token":"0860nm","p_w_given_topic":0.014149},{"token":"0805nm","p_w_given_topic":0.014016},{"token":"0793nm","p_w_given_topic":0.013917},{"token":"0818nm","p_w_given_topic":0.013851},{"token":"0852nm","p_w_given_topic":0.013851},{"token":"0822nm","p_w_given_topic":0.013851},{"token":"0763nm","p_w_given_topic":0.013817},{"token":"0797nm","p_w_given_topic":0.013751},{"token":"0826nm","p_w_given_topic":0.013718},{"token":"0809nm","p_w_given_topic":0.013685},{"token":"0830nm","p_w_given_topic":0.013586},{"token":"0759nm","p_w_given_topic":0.013519},{"token":"0801nm","p_w_given_topic":0.013486},{"token":"0771nm","p_w_given_topic":0.013321},{"token":"0767nm","p_w_given_topic":0.013288},{"token":"0746nm","p_w_given_topic":0.013155},{"token":"0434nm","p_w_given_topic":0.012923},{"token":"0750nm","p_w_given_topic":0.012824},{"token":"0776nm","p_w_given_topic":0.012758},{"token":"0755nm","p_w_given_topic":0.012658}],[{"token":"0784nm","p_w_given_topic":0.012363},{"token":"0755nm","p_w_given_topic":0.012284},{"token":"0767nm","p_w_given_topic":0.012236},{"token":"0759nm","p_w_given_topic":0.01223},{"token":"0750nm","p_w_given_topic":0.012218},{"token":"0763nm","p_w_given_topic":0.012218},{"token":"0788nm","p_w_given_topic":0.012121},{"token":"0746nm","p_w_given_topic":0.012091},{"token":"0721nm","p_w_given_topic":0.012006},{"token":"0793nm","p_w_given_topic":0.011994},{"token":"0809nm","p_w_given_topic":0.01194},{"token":"0675nm","p_w_given_topic":0.011915},{"token":"0771nm","p_w_given_topic":0.011891},{"token":"0670nm","p_w_given_topic":0.011867},{"token":"0797nm","p_w_given_topic":0.011867},{"token":"0742nm","p_w_given_topic":0.011861},{"token":"0683nm","p_w_given_topic":0.011843},{"token":"0717nm","p_w_given_topic":0.011831},{"token":"0696nm","p_w_given_topic":0.011782},{"token":"0814nm","p_w_given_topic":0.011752},{"token":"0708nm","p_w_given_topic":0.011746},{"token":"0712nm","p_w_given_topic":0.01171},{"token":"0801nm","p_w_given_topic":0.011686},{"token":"0738nm","p_w_given_topic":0.011667},{"token":"0725nm","p_w_given_topic":0.011661},{"token":"0704nm","p_w_given_topic":0.011655},{"token":"0691nm","p_w_given_topic":0.011637},{"token":"0780nm","p_w_given_topic":0.011625},{"token":"0687nm","p_w_given_topic":0.011607},{"token":"0805nm","p_w_given_topic":0.011583}],[{"token":"0430nm","p_w_given_topic":0.040433},{"token":"0434nm","p_w_given_topic":0.030931},{"token":"0847nm","p_w_given_topic":0.023566},{"token":"0839nm","p_w_given_topic":0.023527},{"token":"0438nm","p_w_given_topic":0.023051},{"token":"0843nm","p_w_given_topic":0.022853},{"token":"0780nm","p_w_given_topic":0.022537},{"token":"0856nm","p_w_given_topic":0.02218},{"token":"0835nm","p_w_given_topic":0.022101},{"token":"0852nm","p_w_given_topic":0.022062},{"token":"0784nm","p_w_given_topic":0.021468},{"token":"0860nm","p_w_given_topic":0.021428},{"token":"0830nm","p_w_given_topic":0.021072},{"token":"0826nm","p_w_given_topic":0.020359},{"token":"0822nm","p_w_given_topic":0.02028},{"token":"0818nm","p_w_given_topic":0.020161},{"token":"0814nm","p_w_given_topic":0.020121},{"token":"0809nm","p_w_given_topic":0.019805},{"token":"0776nm","p_w_given_topic":0.019092},{"token":"0788nm","p_w_given_topic":0.018894},{"token":"0801nm","p_w_given_topic":0.018815},{"token":"0443nm","p_w_given_topic":0.018577},{"token":"0805nm","p_w_given_topic":0.01834},{"token":"0793nm","p_w_given_topic":0.017944},{"token":"0797nm","p_w_given_topic":0.017785},{"token":"0447nm","p_w_given_topic":0.017429},{"token":"0771nm","p_w_given_topic":0.016756},{"token":"0451nm","p_w_given_topic":0.016637},{"token":"0767nm","p_w_given_topic":0.0164},{"token":"0763nm","p_w_given_topic":0.015885}],[{"token":"0860nm","p_w_given_topic":0.022337},{"token":"0830nm","p_w_given_topic":0.022285},{"token":"0856nm","p_w_given_topic":0.022164},{"token":"0826nm","p_w_given_topic":0.022164},{"token":"0839nm","p_w_given_topic":0.022138},{"token":"0809nm","p_w_given_topic":0.022095},{"token":"0818nm","p_w_given_topic":0.022034},{"token":"0835nm","p_w_given_topic":0.022025},{"token":"0822nm","p_w_given_topic":0.021973},{"token":"0847nm","p_w_given_topic":0.02193},{"token":"0843nm","p_w_given_topic":0.021921},{"token":"0814nm","p_w_given_topic":0.021921},{"token":"0852nm","p_w_given_topic":0.021895},{"token":"0793nm","p_w_given_topic":0.021748},{"token":"0805nm","p_w_given_topic":0.021679},{"token":"0801nm","p_w_given_topic":0.02161},{"token":"0797nm","p_w_given_topic":0.021575},{"token":"0776nm","p_w_given_topic":0.021419},{"token":"0788nm","p_w_given_topic":0.021341},{"token":"0771nm","p_w_given_topic":0.021038},{"token":"0767nm","p_w_given_topic":0.020804},{"token":"0784nm","p_w_given_topic":0.020648},{"token":"0780nm","p_w_given_topic":0.020562},{"token":"0763nm","p_w_given_topic":0.020241},{"token":"0759nm","p_w_given_topic":0.01999},{"token":"0755nm","p_w_given_topic":0.019427},{"token":"0750nm","p_w_given_topic":0.018544},{"token":"0746nm","p_w_given_topic":0.017825},{"token":"0742nm","p_w_given_topic":0.017141},{"token":"0738nm","p_w_given_topic":0.01611}],[{"token":"0767nm","p_w_given_topic":0.011416},{"token":"0771nm","p_w_given_topic":0.011416},{"token":"0788nm","p_w_given_topic":0.011353},{"token":"0793nm","p_w_given_topic":0.011302},{"token":"0805nm","p_w_given_topic":0.011251},{"token":"0814nm","p_w_given_topic":0.011239},{"token":"0725nm","p_w_given_topic":0.011239},{"token":"0759nm","p_w_given_topic":0.011213},{"token":"0784nm","p_w_given_topic":0.011163},{"token":"0780nm","p_w_given_topic":0.01115},{"token":"0809nm","p_w_given_topic":0.011125},{"token":"0750nm","p_w_given_topic":0.011125},{"token":"0729nm","p_w_given_topic":0.011125},{"token":"0826nm","p_w_given_topic":0.011112},{"token":"0822nm","p_w_given_topic":0.011099},{"token":"0687nm","p_w_given_topic":0.011036},{"token":"0763nm","p_w_given_topic":0.01101},{"token":"0776nm","p_w_given_topic":0.01101},{"token":"0755nm","p_w_given_topic":0.01101},{"token":"0801nm","p_w_given_topic":0.010934},{"token":"0818nm","p_w_given_topic":0.010922},{"token":"0696nm","p_w_given_topic":0.010922},{"token":"0835nm","p_w_given_topic":0.010896},{"token":"0830nm","p_w_given_topic":0.010884},{"token":"0717nm","p_w_given_topic":0.010871},{"token":"0734nm","p_w_given_topic":0.010858},{"token":"0691nm","p_w_given_topic":0.010846},{"token":"0704nm","p_w_given_topic":0.010833},{"token":"0746nm","p_w_given_topic":0.010808},{"token":"0712nm","p_w_given_topic":0.010808}],[{"token":"0797nm","p_w_given_topic":0.017033},{"token":"0839nm","p_w_given_topic":0.016888},{"token":"0835nm","p_w_given_topic":0.016888},{"token":"0852nm","p_w_given_topic":0.016742},{"token":"0860nm","p_w_given_topic":0.016742},{"token":"0843nm","p_w_given_topic":0.01667},{"token":"0818nm","p_w_given_topic":0.016379},{"token":"0814nm","p_w_given_topic":0.016379},{"token":"0801nm","p_w_given_topic":0.016306},{"token":"0830nm","p_w_given_topic":0.016306},{"token":"0847nm","p_w_given_topic":0.016088},{"token":"0788nm","p_w_given_topic":0.016088},{"token":"0805nm","p_w_given_topic":0.016088},{"token":"0771nm","p_w_given_topic":0.016088},{"token":"0856nm","p_w_given_topic":0.016015},{"token":"0822nm","p_w_given_topic":0.016015},{"token":"0780nm","p_w_given_topic":0.016015},{"token":"0809nm","p_w_given_topic":0.015942},{"token":"0826nm","p_w_given_topic":0.015942},{"token":"0776nm","p_w_given_topic":0.01587},{"token":"0784nm","p_w_given_topic":0.015797},{"token":"0767nm","p_w_given_topic":0.015433},{"token":"0755nm","p_w_given_topic":0.015288},{"token":"0793nm","p_w_given_topic":0.015142},{"token":"0763nm","p_w_given_topic":0.014924},{"token":"0759nm","p_w_given_topic":0.014851},{"token":"0750nm","p_w_given_topic":0.014779},{"token":"0742nm","p_w_given_topic":0.013688},{"token":"0734nm","p_w_given_topic":0.013397},{"token":"0746nm","p_w_given_topic":0.013324}],[{"token":"0784nm","p_w_given_topic":0.013121},{"token":"0788nm","p_w_given_topic":0.013076},{"token":"0763nm","p_w_given_topic":0.012888},{"token":"0759nm","p_w_given_topic":0.012843},{"token":"0755nm","p_w_given_topic":0.012824},{"token":"0750nm","p_w_given_topic":0.012814},{"token":"0767nm","p_w_given_topic":0.01267},{"token":"0746nm","p_w_given_topic":0.01267},{"token":"0793nm","p_w_given_topic":0.012665},{"token":"0721nm","p_w_given_topic":0.012566},{"token":"0797nm","p_w_given_topic":0.012541},{"token":"0725nm","p_w_given_topic":0.012502},{"token":"0818nm","p_w_given_topic":0.012467},{"token":"0771nm","p_w_given_topic":0.012437},{"token":"0801nm","p_w_given_topic":0.012427},{"token":"0814nm","p_w_given_topic":0.012427},{"token":"0780nm","p_w_given_topic":0.012422},{"token":"0717nm","p_w_given_topic":0.012422},{"token":"0826nm","p_w_given_topic":0.012333},{"token":"0805nm","p_w_given_topic":0.012328},{"token":"0809nm","p_w_given_topic":0.012323},{"token":"0822nm","p_w_given_topic":0.012279},{"token":"0738nm","p_w_given_topic":0.012229},{"token":"0729nm","p_w_given_topic":0.012229},{"token":"0712nm","p_w_given_topic":0.01212},{"token":"0691nm","p_w_given_topic":0.012096},{"token":"0742nm","p_w_given_topic":0.012076},{"token":"0776nm","p_w_given_topic":0.012056},{"token":"0734nm","p_w_given_topic":0.012041},{"token":"0708nm","p_w_given_topic":0.012031}],[{"token":"0805nm","p_w_given_topic":0.031456},{"token":"0822nm","p_w_given_topic":0.031386},{"token":"0809nm","p_w_given_topic":0.031358},{"token":"0826nm","p_w_given_topic":0.031302},{"token":"0830nm","p_w_given_topic":0.031281},{"token":"0814nm","p_w_given_topic":0.031091},{"token":"0818nm","p_w_given_topic":0.03107},{"token":"0835nm","p_w_given_topic":0.030958},{"token":"0801nm","p_w_given_topic":0.030867},{"token":"0797nm","p_w_given_topic":0.030825},{"token":"0860nm","p_w_given_topic":0.03065},{"token":"0793nm","p_w_given_topic":0.030628},{"token":"0839nm","p_w_given_topic":0.030509},{"token":"0788nm","p_w_given_topic":0.030439},{"token":"0856nm","p_w_given_topic":0.030222},{"token":"0847nm","p_w_given_topic":0.03006},{"token":"0852nm","p_w_given_topic":0.030025},{"token":"0771nm","p_w_given_topic":0.029969},{"token":"0776nm","p_w_given_topic":0.029899},{"token":"0843nm","p_w_given_topic":0.029766},{"token":"0784nm","p_w_given_topic":0.029527},{"token":"0780nm","p_w_given_topic":0.028875},{"token":"0767nm","p_w_given_topic":0.028622},{"token":"0763nm","p_w_given_topic":0.027661},{"token":"0759nm","p_w_given_topic":0.026553},{"token":"0755nm","p_w_given_topic":0.024932},{"token":"0750nm","p_w_given_topic":0.02287},{"token":"0746nm","p_w_given_topic":0.02066},{"token":"0742nm","p_w_given_topic":0.018394},{"token":"0738nm","p_w_given_topic":0.016227}],[{"token":"0788nm","p_w_given_topic":0.014314},{"token":"0784nm","p_w_given_topic":0.014263},{"token":"0767nm","p_w_given_topic":0.014248},{"token":"0750nm","p_w_given_topic":0.014125},{"token":"0755nm","p_w_given_topic":0.014009},{"token":"0759nm","p_w_given_topic":0.013951},{"token":"0746nm","p_w_given_topic":0.013944},{"token":"0793nm","p_w_given_topic":0.013908},{"token":"0797nm","p_w_given_topic":0.013886},{"token":"0721nm","p_w_given_topic":0.01385},{"token":"0763nm","p_w_given_topic":0.013843},{"token":"0717nm","p_w_given_topic":0.01372},{"token":"0725nm","p_w_given_topic":0.013712},{"token":"0814nm","p_w_given_topic":0.013618},{"token":"0742nm","p_w_given_topic":0.013604},{"token":"0712nm","p_w_given_topic":0.013444},{"token":"0771nm","p_w_given_topic":0.013379},{"token":"0809nm","p_w_given_topic":0.013365},{"token":"0708nm","p_w_given_topic":0.01335},{"token":"0801nm","p_w_given_topic":0.013336},{"token":"0738nm","p_w_given_topic":0.013242},{"token":"0818nm","p_w_given_topic":0.013227},{"token":"0729nm","p_w_given_topic":0.013213},{"token":"0734nm","p_w_given_topic":0.013169},{"token":"0826nm","p_w_given_topic":0.013147},{"token":"0843nm","p_w_given_topic":0.013147},{"token":"0822nm","p_w_given_topic":0.013133},{"token":"0805nm","p_w_given_topic":0.013111},{"token":"0691nm","p_w_given_topic":0.012959},{"token":"0687nm","p_w_given_topic":0.012836}],[{"token":"0497nm","p_w_given_topic":0.02617},{"token":"0506nm","p_w_given_topic":0.026059},{"token":"0502nm","p_w_given_topic":0.026048},{"token":"0510nm","p_w_given_topic":0.026048},{"token":"0493nm","p_w_given_topic":0.025826},{"token":"0489nm","p_w_given_topic":0.025659},{"token":"0514nm","p_w_given_topic":0.025648},{"token":"0519nm","p_w_given_topic":0.02526},{"token":"0485nm","p_w_given_topic":0.02506},{"token":"0523nm","p_w_given_topic":0.02476},{"token":"0481nm","p_w_given_topic":0.024239},{"token":"0535nm","p_w_given_topic":0.024128},{"token":"0527nm","p_w_given_topic":0.024095},{"token":"0531nm","p_w_given_topic":0.023895},{"token":"0540nm","p_w_given_topic":0.023839},{"token":"0476nm","p_w_given_topic":0.023562},{"token":"0544nm","p_w_given_topic":0.023196},{"token":"0472nm","p_w_given_topic":0.022896},{"token":"0548nm","p_w_given_topic":0.021997},{"token":"0552nm","p_w_given_topic":0.021587},{"token":"0468nm","p_w_given_topic":0.021553},{"token":"0556nm","p_w_given_topic":0.021032},{"token":"0464nm","p_w_given_topic":0.020399},{"token":"0561nm","p_w_given_topic":0.020233},{"token":"0565nm","p_w_given_topic":0.019323},{"token":"0460nm","p_w_given_topic":0.019112},{"token":"0569nm","p_w_given_topic":0.018668},{"token":"0455nm","p_w_given_topic":0.018435},{"token":"0573nm","p_w_given_topic":0.017503},{"token":"0451nm","p_w_given_topic":0.016981}],[{"token":"0430nm","p_w_given_topic":0.023485},{"token":"0839nm","p_w_given_topic":0.023426},{"token":"0843nm","p_w_given_topic":0.02331},{"token":"0852nm","p_w_given_topic":0.023077},{"token":"0847nm","p_w_given_topic":0.022611},{"token":"0835nm","p_w_given_topic":0.022262},{"token":"0780nm","p_w_given_topic":0.02197},{"token":"0860nm","p_w_given_topic":0.021796},{"token":"0784nm","p_w_given_topic":0.021097},{"token":"0856nm","p_w_given_topic":0.020747},{"token":"0830nm","p_w_given_topic":0.020689},{"token":"0814nm","p_w_given_topic":0.020689},{"token":"0826nm","p_w_given_topic":0.020281},{"token":"0822nm","p_w_given_topic":0.020165},{"token":"0818nm","p_w_given_topic":0.01999},{"token":"0788nm","p_w_given_topic":0.018767},{"token":"0809nm","p_w_given_topic":0.018767},{"token":"0805nm","p_w_given_topic":0.018592},{"token":"0776nm","p_w_given_topic":0.018476},{"token":"0793nm","p_w_given_topic":0.01801},{"token":"0443nm","p_w_given_topic":0.017893},{"token":"0797nm","p_w_given_topic":0.017835},{"token":"0447nm","p_w_given_topic":0.01766},{"token":"0801nm","p_w_given_topic":0.017427},{"token":"0438nm","p_w_given_topic":0.017078},{"token":"0771nm","p_w_given_topic":0.017019},{"token":"0451nm","p_w_given_topic":0.017019},{"token":"0434nm","p_w_given_topic":0.016728},{"token":"0767nm","p_w_given_topic":0.01632},{"token":"0455nm","p_w_given_topic":0.015389}],[{"token":"0767nm","p_w_given_topic":0.013823},{"token":"0451nm","p_w_given_topic":0.013823},{"token":"0788nm","p_w_given_topic":0.01269},{"token":"0809nm","p_w_given_topic":0.01269},{"token":"0771nm","p_w_given_topic":0.01269},{"token":"0805nm","p_w_given_topic":0.01269},{"token":"0797nm","p_w_given_topic":0.01269},{"token":"0729nm","p_w_given_topic":0.01269},{"token":"0725nm","p_w_given_topic":0.01269},{"token":"0721nm","p_w_given_topic":0.01269},{"token":"0746nm","p_w_given_topic":0.01269},{"token":"0750nm","p_w_given_topic":0.01269},{"token":"0755nm","p_w_given_topic":0.01269},{"token":"0759nm","p_w_given_topic":0.01269},{"token":"0784nm","p_w_given_topic":0.01269},{"token":"0734nm","p_w_given_topic":0.01269},{"token":"0738nm","p_w_given_topic":0.01269},{"token":"0742nm","p_w_given_topic":0.01269},{"token":"0763nm","p_w_given_topic":0.01269},{"token":"0460nm","p_w_given_topic":0.01269},{"token":"0468nm","p_w_given_topic":0.01269},{"token":"0472nm","p_w_given_topic":0.01269},{"token":"0793nm","p_w_given_topic":0.01269},{"token":"0455nm","p_w_given_topic":0.01269},{"token":"0489nm","p_w_given_topic":0.01269},{"token":"0485nm","p_w_given_topic":0.01269},{"token":"0780nm","p_w_given_topic":0.011557},{"token":"0712nm","p_w_given_topic":0.011557},{"token":"0708nm","p_w_given_topic":0.011557},{"token":"0704nm","p_w_given_topic":0.011557}],[{"token":"0451nm","p_w_given_topic":0.022568},{"token":"0472nm","p_w_given_topic":0.018868},{"token":"0447nm","p_w_given_topic":0.018868},{"token":"0814nm","p_w_given_topic":0.017018},{"token":"0801nm","p_w_given_topic":0.017018},{"token":"0809nm","p_w_given_topic":0.017018},{"token":"0805nm","p_w_given_topic":0.017018},{"token":"0776nm","p_w_given_topic":0.017018},{"token":"0780nm","p_w_given_topic":0.017018},{"token":"0797nm","p_w_given_topic":0.017018},{"token":"0468nm","p_w_given_topic":0.017018},{"token":"0485nm","p_w_given_topic":0.017018},{"token":"0818nm","p_w_given_topic":0.017018},{"token":"0822nm","p_w_given_topic":0.017018},{"token":"0826nm","p_w_given_topic":0.017018},{"token":"0455nm","p_w_given_topic":0.017018},{"token":"0788nm","p_w_given_topic":0.015168},{"token":"0763nm","p_w_given_topic":0.015168},{"token":"0830nm","p_w_given_topic":0.015168},{"token":"0847nm","p_w_given_topic":0.015168},{"token":"0839nm","p_w_given_topic":0.015168},{"token":"0852nm","p_w_given_topic":0.015168},{"token":"0835nm","p_w_given_topic":0.015168},{"token":"0481nm","p_w_given_topic":0.015168},{"token":"0476nm","p_w_given_topic":0.015168},{"token":"0771nm","p_w_given_topic":0.015168},{"token":"0793nm","p_w_given_topic":0.015168},{"token":"0784nm","p_w_given_topic":0.015168},{"token":"0767nm","p_w_given_topic":0.015168},{"token":"0464nm","p_w_given_topic":0.015168}],[{"token":"0755nm","p_w_given_topic":0.010871},{"token":"0700nm","p_w_given_topic":0.010808},{"token":"0653nm","p_w_given_topic":0.010787},{"token":"0750nm","p_w_given_topic":0.010776},{"token":"0771nm","p_w_given_topic":0.010765},{"token":"0691nm","p_w_given_topic":0.010755},{"token":"0784nm","p_w_given_topic":0.010744},{"token":"0717nm","p_w_given_topic":0.010734},{"token":"0628nm","p_w_given_topic":0.010723},{"token":"0696nm","p_w_given_topic":0.010713},{"token":"0759nm","p_w_given_topic":0.010691},{"token":"0809nm","p_w_given_topic":0.010681},{"token":"0767nm","p_w_given_topic":0.01066},{"token":"0734nm","p_w_given_topic":0.010618},{"token":"0763nm","p_w_given_topic":0.010596},{"token":"0687nm","p_w_given_topic":0.010596},{"token":"0594nm","p_w_given_topic":0.010596},{"token":"0679nm","p_w_given_topic":0.010596},{"token":"0666nm","p_w_given_topic":0.010586},{"token":"0675nm","p_w_given_topic":0.010586},{"token":"0645nm","p_w_given_topic":0.010586},{"token":"0776nm","p_w_given_topic":0.010575},{"token":"0662nm","p_w_given_topic":0.010575},{"token":"0670nm","p_w_given_topic":0.010575},{"token":"0721nm","p_w_given_topic":0.010554},{"token":"0590nm","p_w_given_topic":0.010533},{"token":"0632nm","p_w_given_topic":0.010533},{"token":"0729nm","p_w_given_topic":0.010533},{"token":"0615nm","p_w_given_topic":0.010501},{"token":"0624nm","p_w_given_topic":0.010491}],[{"token":"0582nm","p_w_given_topic":0.017897},{"token":"0535nm","p_w_given_topic":0.017639},{"token":"0540nm","p_w_given_topic":0.017445},{"token":"0556nm","p_w_given_topic":0.017316},{"token":"0531nm","p_w_given_topic":0.017316},{"token":"0565nm","p_w_given_topic":0.017187},{"token":"0578nm","p_w_given_topic":0.017058},{"token":"0586nm","p_w_given_topic":0.016993},{"token":"0590nm","p_w_given_topic":0.016735},{"token":"0561nm","p_w_given_topic":0.016541},{"token":"0573nm","p_w_given_topic":0.016412},{"token":"0523nm","p_w_given_topic":0.016348},{"token":"0569nm","p_w_given_topic":0.016348},{"token":"0603nm","p_w_given_topic":0.016348},{"token":"0594nm","p_w_given_topic":0.016283},{"token":"0544nm","p_w_given_topic":0.016089},{"token":"0519nm","p_w_given_topic":0.016025},{"token":"0510nm","p_w_given_topic":0.01596},{"token":"0624nm","p_w_given_topic":0.015896},{"token":"0497nm","p_w_given_topic":0.015831},{"token":"0514nm","p_w_given_topic":0.015766},{"token":"0502nm","p_w_given_topic":0.015766},{"token":"0506nm","p_w_given_topic":0.015702},{"token":"0527nm","p_w_given_topic":0.015702},{"token":"0615nm","p_w_given_topic":0.015573},{"token":"0611nm","p_w_given_topic":0.015508},{"token":"0548nm","p_w_given_topic":0.015444},{"token":"0552nm","p_w_given_topic":0.015444},{"token":"0607nm","p_w_given_topic":0.015379},{"token":"0620nm","p_w_given_topic":0.01525}],[{"token":"0594nm","p_w_given_topic":0.011537},{"token":"0649nm","p_w_given_topic":0.011522},{"token":"0679nm","p_w_given_topic":0.01136},{"token":"0620nm","p_w_given_topic":0.01133},{"token":"0624nm","p_w_given_topic":0.011301},{"token":"0599nm","p_w_given_topic":0.011271},{"token":"0641nm","p_w_given_topic":0.011271},{"token":"0637nm","p_w_given_topic":0.011257},{"token":"0721nm","p_w_given_topic":0.011212},{"token":"0696nm","p_w_given_topic":0.011212},{"token":"0578nm","p_w_given_topic":0.011198},{"token":"0658nm","p_w_given_topic":0.011183},{"token":"0645nm","p_w_given_topic":0.011183},{"token":"0632nm","p_w_given_topic":0.011139},{"token":"0691nm","p_w_given_topic":0.011124},{"token":"0603nm","p_w_given_topic":0.011124},{"token":"0675nm","p_w_given_topic":0.011095},{"token":"0683nm","p_w_given_topic":0.01108},{"token":"0628nm","p_w_given_topic":0.01108},{"token":"0607nm","p_w_given_topic":0.011065},{"token":"0586nm","p_w_given_topic":0.011065},{"token":"0615nm","p_w_given_topic":0.01105},{"token":"0687nm","p_w_given_topic":0.011036},{"token":"0666nm","p_w_given_topic":0.011036},{"token":"0590nm","p_w_given_topic":0.011036},{"token":"0725nm","p_w_given_topic":0.011036},{"token":"0708nm","p_w_given_topic":0.011036},{"token":"0729nm","p_w_given_topic":0.011036},{"token":"0704nm","p_w_given_topic":0.011006},{"token":"0582nm","p_w_given_topic":0.011006}],[{"token":"0430nm","p_w_given_topic":0.056273},{"token":"0434nm","p_w_given_topic":0.04143},{"token":"0438nm","p_w_given_topic":0.036267},{"token":"0443nm","p_w_given_topic":0.03175},{"token":"0447nm","p_w_given_topic":0.030459},{"token":"0451nm","p_w_given_topic":0.027233},{"token":"0464nm","p_w_given_topic":0.023361},{"token":"0468nm","p_w_given_topic":0.021425},{"token":"0460nm","p_w_given_topic":0.021425},{"token":"0472nm","p_w_given_topic":0.019489},{"token":"0455nm","p_w_given_topic":0.019489},{"token":"0502nm","p_w_given_topic":0.018198},{"token":"0481nm","p_w_given_topic":0.018198},{"token":"0519nm","p_w_given_topic":0.017553},{"token":"0485nm","p_w_given_topic":0.016908},{"token":"0493nm","p_w_given_topic":0.016908},{"token":"0514nm","p_w_given_topic":0.016262},{"token":"0489nm","p_w_given_topic":0.016262},{"token":"0527nm","p_w_given_topic":0.014972},{"token":"0540nm","p_w_given_topic":0.014972},{"token":"0476nm","p_w_given_topic":0.014326},{"token":"0497nm","p_w_given_topic":0.014326},{"token":"0615nm","p_w_given_topic":0.014326},{"token":"0586nm","p_w_given_topic":0.013681},{"token":"0569nm","p_w_given_topic":0.013036},{"token":"0556nm","p_w_given_topic":0.013036},{"token":"0506nm","p_w_given_topic":0.01239},{"token":"0573nm","p_w_given_topic":0.01239},{"token":"0590nm","p_w_given_topic":0.01239},{"token":"0607nm","p_w_given_topic":0.011745}],[{"token":"0502nm","p_w_given_topic":0.024815},{"token":"0535nm","p_w_given_topic":0.024458},{"token":"0510nm","p_w_given_topic":0.024458},{"token":"0514nm","p_w_given_topic":0.024243},{"token":"0506nm","p_w_given_topic":0.024243},{"token":"0523nm","p_w_given_topic":0.023957},{"token":"0540nm","p_w_given_topic":0.023957},{"token":"0531nm","p_w_given_topic":0.023957},{"token":"0527nm","p_w_given_topic":0.023743},{"token":"0519nm","p_w_given_topic":0.023743},{"token":"0497nm","p_w_given_topic":0.0236},{"token":"0548nm","p_w_given_topic":0.023314},{"token":"0544nm","p_w_given_topic":0.023243},{"token":"0493nm","p_w_given_topic":0.02217},{"token":"0556nm","p_w_given_topic":0.022028},{"token":"0489nm","p_w_given_topic":0.022028},{"token":"0485nm","p_w_given_topic":0.022028},{"token":"0552nm","p_w_given_topic":0.021599},{"token":"0481nm","p_w_given_topic":0.021241},{"token":"0561nm","p_w_given_topic":0.020312},{"token":"0476nm","p_w_given_topic":0.020241},{"token":"0565nm","p_w_given_topic":0.019883},{"token":"0472nm","p_w_given_topic":0.019597},{"token":"0569nm","p_w_given_topic":0.018811},{"token":"0573nm","p_w_given_topic":0.018668},{"token":"0468nm","p_w_given_topic":0.01824},{"token":"0578nm","p_w_given_topic":0.017096},{"token":"0582nm","p_w_given_topic":0.016453},{"token":"0464nm","p_w_given_topic":0.01631},{"token":"0586nm","p_w_given_topic":0.014952}],[{"token":"0443nm","p_w_given_topic":0.095872},{"token":"0447nm","p_w_given_topic":0.089214},{"token":"0451nm","p_w_given_topic":0.055925},{"token":"0464nm","p_w_given_topic":0.053706},{"token":"0468nm","p_w_given_topic":0.047048},{"token":"0472nm","p_w_given_topic":0.044829},{"token":"0438nm","p_w_given_topic":0.040391},{"token":"0476nm","p_w_given_topic":0.038171},{"token":"0455nm","p_w_given_topic":0.035952},{"token":"0683nm","p_w_given_topic":0.031514},{"token":"0497nm","p_w_given_topic":0.029294},{"token":"0460nm","p_w_given_topic":0.029294},{"token":"0430nm","p_w_given_topic":0.027075},{"token":"0493nm","p_w_given_topic":0.027075},{"token":"0544nm","p_w_given_topic":0.020417},{"token":"0725nm","p_w_given_topic":0.020417},{"token":"0485nm","p_w_given_topic":0.018198},{"token":"0843nm","p_w_given_topic":0.018198},{"token":"0712nm","p_w_given_topic":0.015979},{"token":"0653nm","p_w_given_topic":0.015979},{"token":"0759nm","p_w_given_topic":0.013759},{"token":"0658nm","p_w_given_topic":0.013759},{"token":"0523nm","p_w_given_topic":0.01154},{"token":"0666nm","p_w_given_topic":0.01154},{"token":"0835nm","p_w_given_topic":0.01154},{"token":"0434nm","p_w_given_topic":0.01154},{"token":"0548nm","p_w_given_topic":0.009321},{"token":"0481nm","p_w_given_topic":0.009321},{"token":"0708nm","p_w_given_topic":0.007102},{"token":"0506nm","p_w_given_topic":0.007102}],[{"token":"0780nm","p_w_given_topic":0.011809},{"token":"0691nm","p_w_given_topic":0.011557},{"token":"0687nm","p_w_given_topic":0.011532},{"token":"0670nm","p_w_given_topic":0.011532},{"token":"0771nm","p_w_given_topic":0.011481},{"token":"0653nm","p_w_given_topic":0.011456},{"token":"0704nm","p_w_given_topic":0.011431},{"token":"0696nm","p_w_given_topic":0.011405},{"token":"0683nm","p_w_given_topic":0.01138},{"token":"0662nm","p_w_given_topic":0.01138},{"token":"0666nm","p_w_given_topic":0.011355},{"token":"0776nm","p_w_given_topic":0.011355},{"token":"0767nm","p_w_given_topic":0.011355},{"token":"0675nm","p_w_given_topic":0.01133},{"token":"0632nm","p_w_given_topic":0.011305},{"token":"0717nm","p_w_given_topic":0.011279},{"token":"0649nm","p_w_given_topic":0.011279},{"token":"0712nm","p_w_given_topic":0.011279},{"token":"0755nm","p_w_given_topic":0.011229},{"token":"0645nm","p_w_given_topic":0.011229},{"token":"0708nm","p_w_given_topic":0.011178},{"token":"0611nm","p_w_given_topic":0.011153},{"token":"0746nm","p_w_given_topic":0.011128},{"token":"0784nm","p_w_given_topic":0.011128},{"token":"0763nm","p_w_given_topic":0.011078},{"token":"0658nm","p_w_given_topic":0.011078},{"token":"0582nm","p_w_given_topic":0.011078},{"token":"0700nm","p_w_given_topic":0.011052},{"token":"0725nm","p_w_given_topic":0.011052},{"token":"0620nm","p_w_given_topic":0.011027}],[{"token":"0430nm","p_w_given_topic":0.047479},{"token":"0434nm","p_w_given_topic":0.042494},{"token":"0438nm","p_w_given_topic":0.034949},{"token":"0443nm","p_w_given_topic":0.030054},{"token":"0447nm","p_w_given_topic":0.027494},{"token":"0451nm","p_w_given_topic":0.024036},{"token":"0455nm","p_w_given_topic":0.022779},{"token":"0460nm","p_w_given_topic":0.020129},{"token":"0464nm","p_w_given_topic":0.018063},{"token":"0839nm","p_w_given_topic":0.018018},{"token":"0843nm","p_w_given_topic":0.016985},{"token":"0847nm","p_w_given_topic":0.01694},{"token":"0468nm","p_w_given_topic":0.016761},{"token":"0780nm","p_w_given_topic":0.016671},{"token":"0860nm","p_w_given_topic":0.016581},{"token":"0835nm","p_w_given_topic":0.016267},{"token":"0852nm","p_w_given_topic":0.016222},{"token":"0784nm","p_w_given_topic":0.016132},{"token":"0856nm","p_w_given_topic":0.015817},{"token":"0830nm","p_w_given_topic":0.015638},{"token":"0826nm","p_w_given_topic":0.015323},{"token":"0472nm","p_w_given_topic":0.015278},{"token":"0814nm","p_w_given_topic":0.01429},{"token":"0822nm","p_w_given_topic":0.014246},{"token":"0788nm","p_w_given_topic":0.014021},{"token":"0818nm","p_w_given_topic":0.013976},{"token":"0809nm","p_w_given_topic":0.013258},{"token":"0805nm","p_w_given_topic":0.013258},{"token":"0793nm","p_w_given_topic":0.013213},{"token":"0776nm","p_w_given_topic":0.013033}]],"perplexity":107.96456778029831,"reconstruction_err":null,"npmi_coherence":0.22028,"topic_distance_js":[[0.0,0.013087,0.063027,0.031075,0.019391,0.007628,0.010379,0.137335,0.010151,0.211209,0.073771,0.032634,0.057269,0.021432,0.131984,0.021571,0.165236,0.171617,0.302252,0.01477,0.092076],[0.013087,0.0,0.10379,0.047596,0.003379,0.011045,0.0024,0.175291,0.009071,0.186794,0.102394,0.025912,0.070692,0.005149,0.093137,0.005318,0.165933,0.14125,0.310851,0.006961,0.12247],[0.063027,0.10379,0.0,0.064835,0.099245,0.06136,0.103985,0.089578,0.107643,0.222017,0.012244,0.066907,0.038436,0.099679,0.252327,0.112309,0.165439,0.19715,0.236948,0.103426,0.02318],[0.031075,0.047596,0.064835,0.0,0.059164,0.017331,0.038805,0.052469,0.029937,0.29393,0.073974,0.071349,0.07091,0.068757,0.237917,0.065841,0.273185,0.234836,0.377055,0.060336,0.128325],[0.019391,0.003379,0.099245,0.059164,0.0,0.015828,0.007619,0.187228,0.020356,0.154336,0.092292,0.018349,0.060894,0.002233,0.078321,0.002654,0.141624,0.113344,0.283158,0.00696,0.106483],[0.007628,0.011045,0.06136,0.017331,0.015828,0.0,0.010213,0.110787,0.011534,0.215722,0.065484,0.026739,0.047385,0.019892,0.148382,0.02218,0.190464,0.167107,0.310025,0.020779,0.097098],[0.010379,0.0024,0.103985,0.038805,0.007619,0.010213,0.0,0.163251,0.003927,0.206159,0.105874,0.034776,0.073469,0.012342,0.105293,0.00676,0.182319,0.158626,0.329037,0.006363,0.130257],[0.137335,0.175291,0.089578,0.052469,0.187228,0.110787,0.163251,0.0,0.148028,0.381839,0.08932,0.180353,0.141464,0.19931,0.416827,0.200613,0.388985,0.323853,0.443608,0.192057,0.169142],[0.010151,0.009071,0.107643,0.029937,0.020356,0.011534,0.003927,0.148028,0.0,0.2484,0.117044,0.049483,0.084784,0.02585,0.135055,0.020011,0.214293,0.197525,0.35458,0.016595,0.147236],[0.211209,0.186794,0.222017,0.29393,0.154336,0.215722,0.206159,0.381839,0.2484,0.0,0.164993,0.145799,0.204251,0.142536,0.104541,0.154664,0.073225,0.009595,0.228585,0.163989,0.13601],[0.073771,0.102394,0.012244,0.073974,0.092292,0.065484,0.105874,0.08932,0.117044,0.164993,0.0,0.064837,0.04885,0.092007,0.229088,0.105291,0.146439,0.140574,0.232369,0.101144,0.018861],[0.032634,0.025912,0.066907,0.071349,0.018349,0.026739,0.034776,0.180353,0.049483,0.145799,0.064837,0.0,0.027159,0.014628,0.106577,0.026462,0.127447,0.114958,0.223744,0.027423,0.068392],[0.057269,0.070692,0.038436,0.07091,0.060894,0.047385,0.073469,0.141464,0.084784,0.204251,0.04885,0.027159,0.0,0.062822,0.190047,0.071339,0.169522,0.174397,0.218984,0.070129,0.057526],[0.021432,0.005149,0.099679,0.068757,0.002233,0.019892,0.012342,0.19931,0.02585,0.142536,0.092007,0.014628,0.062822,0.0,0.071304,0.005471,0.128055,0.105365,0.271294,0.008351,0.100832],[0.131984,0.093137,0.252327,0.237917,0.078321,0.148382,0.105293,0.416827,0.135055,0.104541,0.229088,0.106577,0.190047,0.071304,0.0,0.068929,0.0985,0.096029,0.281509,0.077363,0.201274],[0.021571,0.005318,0.112309,0.065841,0.002654,0.02218,0.00676,0.200613,0.020011,0.154664,0.105291,0.026462,0.071339,0.005471,0.068929,0.0,0.141922,0.114898,0.296723,0.00382,0.118025],[0.165236,0.165933,0.165439,0.273185,0.141624,0.190464,0.182319,0.388985,0.214293,0.073225,0.146439,0.127447,0.169522,0.128055,0.0985,0.141922,0.0,0.092697,0.170264,0.142535,0.084957],[0.171617,0.14125,0.19715,0.234836,0.113344,0.167107,0.158626,0.323853,0.197525,0.009595,0.140574,0.114958,0.174397,0.105365,0.096029,0.114898,0.092697,0.0,0.253263,0.126321,0.129951],[0.302252,0.310851,0.236948,0.377055,0.283158,0.310025,0.329037,0.443608,0.35458,0.228585,0.232369,0.223744,0.218984,0.271294,0.281509,0.296723,0.170264,0.253263,0.0,0.302267,0.173213],[0.01477,0.006961,0.103426,0.060336,0.00696,0.020779,0.006363,0.192057,0.016595,0.163989,0.101144,0.027423,0.070129,0.008351,0.077363,0.00382,0.142535,0.126321,0.302267,0.0,0.11269],[0.092076,0.12247,0.02318,0.128325,0.106483,0.097098,0.130257,0.169142,0.147236,0.13601,0.018861,0.068392,0.057526,0.100832,0.201274,0.118025,0.084957,0.129951,0.173213,0.11269,0.0]],"topic_intertopic_2d_js":[[-0.132894,-0.018533],[-0.128038,0.05939],[0.027228,-0.22614],[-0.20087,-0.13449],[-0.078376,0.068587],[-0.131019,-0.043537],[-0.156637,0.051227],[-0.184089,-0.345211],[-0.201211,0.02509],[0.250373,0.238308],[0.075296,-0.193454],[0.00609,0.001733],[0.004311,-0.138176],[-0.05433,0.077278],[0.010815,0.310758],[-0.091789,0.102299],[0.286586,0.068276],[0.191152,0.221876],[0.462475,-0.070297],[-0.11237,0.092027],[0.157297,-0.147011]],"K_live":21,"topic_correlation":null,"wavelengths_nm":[430.0,434.22,438.43,442.65,446.86,451.08,455.29,459.51,463.73,467.94,472.16,476.37,480.59,484.8,489.02,493.24,497.45,501.67,505.88,510.1,514.31,518.53,522.75,526.96,531.18,535.39,539.61,543.82,548.04,552.25,556.47,560.69,564.9,569.12,573.33,577.55,581.76,585.98,590.2,594.41,598.63,602.84,607.06,611.27,615.49,619.71,623.92,628.14,632.35,636.57,640.78,645.0,649.22,653.43,657.65,661.86,666.08,670.29,674.51,678.73,682.94,687.16,691.37,695.59,699.8,704.02,708.24,712.45,716.67,720.88,725.1,729.31,733.53,737.75,741.96,746.18,750.39,754.61,758.82,763.04,767.25,771.47,775.69,779.9,784.12,788.33,792.55,796.76,800.98,805.2,809.41,813.63,817.84,822.06,826.27,830.49,834.71,838.92,843.14,847.35,851.57,855.78,860.0],"generated_at":"2026-05-03T12:56:35Z","builder_version":"build_topic_model_variants v0.1"}