{"scene_id":"salinas-a-corrected","K":5,"seeds":[0,1,2,3,4,5,6],"wordification":"band-frequency","quantization_scale":12,"samples_per_class":220,"seed_pair_matched_cosine_mean":[[1.0,0.990544,0.990238,0.992426,0.990039,0.986831,0.985906],[0.990544,1.0,0.989549,0.989878,0.989078,0.983873,0.983361],[0.990238,0.989549,1.0,0.991028,0.991132,0.988034,0.985979],[0.992426,0.989878,0.991028,1.0,0.991698,0.987577,0.98713],[0.990039,0.989078,0.991132,0.991698,1.0,0.992202,0.992179],[0.986831,0.983873,0.988034,0.987577,0.992202,1.0,0.990909],[0.985906,0.983361,0.985979,0.98713,0.992179,0.990909,1.0]],"seed_pair_matched_cosine_min":[[1.0,0.982276,0.976626,0.985885,0.981319,0.966361,0.967323],[0.982276,1.0,0.977469,0.979711,0.971813,0.948603,0.948219],[0.976626,0.977469,0.999999,0.976471,0.981875,0.969331,0.977446],[0.985885,0.979711,0.976471,1.0,0.982787,0.966917,0.975367],[0.981319,0.971813,0.981875,0.982787,1.0,0.983308,0.987128],[0.966361,0.948603,0.969331,0.966917,0.983308,1.0,0.984439],[0.967323,0.948219,0.977446,0.975367,0.987128,0.984439,1.0]],"seed_pair_matched_cosine_std":[[0.0,0.006968,0.007765,0.005379,0.007468,0.011201,0.010438],[0.006968,0.0,0.008395,0.007507,0.010228,0.01814,0.018004],[0.007765,0.008395,0.0,0.007932,0.006671,0.010851,0.008616],[0.005379,0.007507,0.007932,0.0,0.005927,0.011408,0.007893],[0.007468,0.010228,0.006671,0.005927,0.0,0.005664,0.004702],[0.011201,0.01814,0.010851,0.011408,0.005664,0.0,0.005244],[0.010438,0.018004,0.008616,0.007893,0.004702,0.005244,0.0]],"per_topic_matched_cosine_vs_seed0":[[1.0,1.0,1.0,1.0,1.0],[0.999644,0.99007,0.982276,0.997121,0.983609],[0.999669,0.991538,0.976626,0.994948,0.988407],[0.999683,0.985885,0.98702,0.99689,0.992655],[0.99974,0.991639,0.981319,0.995916,0.981579],[0.999757,0.992859,0.986212,0.988966,0.966361],[0.999711,0.986908,0.987196,0.988392,0.967323]],"per_topic_stability_summary":[{"topic_id":1,"median_matched_cosine_vs_seed0":0.999697,"min_matched_cosine_vs_seed0":0.999644,"std_matched_cosine_vs_seed0":3.9e-05},{"topic_id":2,"median_matched_cosine_vs_seed0":0.990804,"min_matched_cosine_vs_seed0":0.985885,"std_matched_cosine_vs_seed0":0.002567},{"topic_id":3,"median_matched_cosine_vs_seed0":0.984244,"min_matched_cosine_vs_seed0":0.976626,"std_matched_cosine_vs_seed0":0.003806},{"topic_id":4,"median_matched_cosine_vs_seed0":0.995432,"min_matched_cosine_vs_seed0":0.988392,"std_matched_cosine_vs_seed0":0.003627},{"topic_id":5,"median_matched_cosine_vs_seed0":0.982594,"min_matched_cosine_vs_seed0":0.966361,"std_matched_cosine_vs_seed0":0.009942}],"scene_stability_summary":{"off_diagonal_mean":0.989028,"off_diagonal_min":0.983361,"off_diagonal_std":0.002634},"framework_axis":"B-6 (master plan Addendum B Axis A): topic stability via Hungarian-matched cosine across seeds \u2014 per-topic vector + agreement matrix","generated_at":"2026-05-06T18:34:35Z","builder_version":"build_topic_stability v0.1"}