{"scene_id":"salinas-a-corrected","K":6,"seeds":[0,1,2,3,4,5,6],"wordification":"band-frequency","quantization_scale":12,"samples_per_class":220,"seed_pair_matched_cosine_mean":[[1.0,0.988607,0.989002,0.989808,0.989227,0.98491,0.987483],[0.988607,1.0,0.987491,0.987781,0.985358,0.980339,0.983401],[0.989002,0.987491,1.0,0.988618,0.988669,0.984788,0.986873],[0.989808,0.987781,0.988618,1.0,0.987998,0.983719,0.985104],[0.989227,0.985358,0.988669,0.987998,1.0,0.988246,0.989749],[0.98491,0.980339,0.984788,0.983719,0.988246,1.0,0.989322],[0.987483,0.983401,0.986873,0.985104,0.989749,0.989322,1.0]],"seed_pair_matched_cosine_min":[[1.0,0.977335,0.975895,0.979528,0.981408,0.972716,0.976364],[0.977335,1.0,0.978008,0.978274,0.962633,0.938303,0.953512],[0.975895,0.978008,1.0,0.976424,0.977368,0.968333,0.977604],[0.979528,0.978274,0.976424,1.0,0.96465,0.964077,0.957532],[0.981408,0.962633,0.977368,0.96465,1.0,0.97724,0.979945],[0.972716,0.938303,0.968333,0.964077,0.97724,1.0,0.975021],[0.976364,0.953512,0.977604,0.957532,0.979945,0.975021,0.999999]],"seed_pair_matched_cosine_std":[[0.0,0.007761,0.007447,0.007076,0.006385,0.010912,0.007006],[0.007761,0.0,0.008228,0.008272,0.011869,0.020826,0.014606],[0.007447,0.008228,0.0,0.007439,0.007442,0.011269,0.00726],[0.007076,0.008272,0.007439,0.0,0.011805,0.013058,0.013316],[0.006385,0.011869,0.007442,0.011805,0.0,0.008181,0.006299],[0.010912,0.020826,0.011269,0.013058,0.008181,0.0,0.007898],[0.007006,0.014606,0.00726,0.013316,0.006299,0.007898,0.0]],"per_topic_matched_cosine_vs_seed0":[[1.0,1.0,1.0,1.0,1.0,1.0],[0.997459,0.987387,0.98633,0.977335,0.983447,0.999684],[0.994709,0.985077,0.990043,0.988714,0.975895,0.999577],[0.996778,0.982834,0.989684,0.990356,0.979528,0.999669],[0.994293,0.983063,0.990742,0.986214,0.981408,0.999641],[0.994476,0.974276,0.992432,0.975777,0.972716,0.999783],[0.990504,0.985569,0.98775,0.984924,0.976364,0.999789]],"per_topic_stability_summary":[{"topic_id":1,"median_matched_cosine_vs_seed0":0.994592,"min_matched_cosine_vs_seed0":0.990504,"std_matched_cosine_vs_seed0":0.002227},{"topic_id":2,"median_matched_cosine_vs_seed0":0.98407,"min_matched_cosine_vs_seed0":0.974276,"std_matched_cosine_vs_seed0":0.004209},{"topic_id":3,"median_matched_cosine_vs_seed0":0.989864,"min_matched_cosine_vs_seed0":0.98633,"std_matched_cosine_vs_seed0":0.001982},{"topic_id":4,"median_matched_cosine_vs_seed0":0.985569,"min_matched_cosine_vs_seed0":0.975777,"std_matched_cosine_vs_seed0":0.005482},{"topic_id":5,"median_matched_cosine_vs_seed0":0.977946,"min_matched_cosine_vs_seed0":0.972716,"std_matched_cosine_vs_seed0":0.003613},{"topic_id":6,"median_matched_cosine_vs_seed0":0.999677,"min_matched_cosine_vs_seed0":0.999577,"std_matched_cosine_vs_seed0":7.5e-05}],"scene_stability_summary":{"off_diagonal_mean":0.986976,"off_diagonal_min":0.980339,"off_diagonal_std":0.00244},"framework_axis":"B-6 (master plan Addendum B Axis A): topic stability via Hungarian-matched cosine across seeds \u2014 per-topic vector + agreement matrix","generated_at":"2026-05-03T20:10:00Z","builder_version":"build_topic_stability v0.1"}