{"subset_code":"GEOCHEM","mask_id":"top_50_fisher","mask_label":"Top-50 between-covariate variance bands","mask_description":"Top-50 bands by between-covariate variance ratio. HIDSAG analogue of the labelled-scene Fisher selector \u2014 replaces Fisher discriminant on labels with between-covariate-group variance share.","modality":"swir_low","topic_count":5,"document_count":106,"vocabulary_size":50,"n_bands_full":268,"n_bands_kept":50,"kept_band_indices":[71,72,73,74,162,163,164,165,166,167,168,169,170,171,172,173,174,175,176,210,211,212,213,214,215,216,217,240,246,247,248,249,250,251,252,253,254,255,256,257,258,259,260,261,262,263,264,265,266,267],"wavelengths_nm_kept_first_last":[1401.58,2499.26],"wavelengths_nm_kept":[1401.58,1407.23,1412.87,1418.52,1913.73,1919.34,1924.95,1930.55,1936.16,1941.76,1947.37,1952.97,1958.58,1964.18,1969.78,1975.39,1980.99,1986.59,1992.19,2182.28,2187.86,2193.44,2199.01,2204.59,2210.17,2215.75,2221.32,2349.4,2382.75,2388.3,2393.86,2399.41,2404.97,2410.52,2416.07,2421.62,2427.17,2432.72,2438.27,2443.82,2449.37,2454.92,2460.46,2466.01,2471.55,2477.1,2482.64,2488.18,2493.72,2499.26],"topic_prevalence":[0.239076,0.005558,0.177858,0.280865,0.296644],"topic_distance_cosine":[[0.0,0.016518,0.018653,0.022993,0.035294],[0.016518,0.0,0.017879,0.022815,0.022269],[0.018653,0.017879,0.0,0.032005,0.034897],[0.022993,0.022815,0.032005,0.0,0.030085],[0.035294,0.022269,0.034897,0.030085,0.0]],"top_words_per_topic_lambda_05":[["swir_1914nm","swir_1919nm","swir_1936nm","swir_1953nm","swir_1959nm","swir_1402nm","swir_1964nm","swir_1987nm","swir_1931nm","swir_1975nm","swir_1970nm","swir_1925nm","swir_1981nm","swir_1407nm","swir_1419nm"],["swir_2182nm","swir_1919nm","swir_1942nm","swir_1964nm","swir_1413nm","swir_2210nm","swir_1936nm","swir_1419nm","swir_1970nm","swir_2205nm","swir_1987nm","swir_2472nm","swir_2483nm","swir_1953nm","swir_2399nm"],["swir_2388nm","swir_1964nm","swir_1936nm","swir_1402nm","swir_2210nm","swir_2416nm","swir_1931nm","swir_1953nm","swir_1970nm","swir_1919nm","swir_1407nm","swir_2383nm","swir_1925nm","swir_2394nm","swir_2216nm"],["swir_1413nm","swir_1947nm","swir_1419nm","swir_1407nm","swir_1914nm","swir_1992nm","swir_1925nm","swir_1959nm","swir_2427nm","swir_2460nm","swir_2455nm","swir_2193nm","swir_1931nm","swir_1981nm","swir_1975nm"],["swir_2499nm","swir_2494nm","swir_2199nm","swir_2188nm","swir_2182nm","swir_2399nm","swir_2349nm","swir_1936nm","swir_2477nm","swir_2405nm","swir_2422nm","swir_2483nm","swir_2433nm","swir_1942nm","swir_2466nm"]],"p_covariate_given_topic_dominant":[[{"covariate":"coarse","count":18,"p":0.9473684210526315},{"covariate":"fine","count":1,"p":0.05263157894736842}],[],[{"covariate":"coarse","count":2,"p":1.0},{"covariate":"fine","count":0,"p":0.0}],[{"covariate":"fine","count":21,"p":0.65625},{"covariate":"coarse","count":11,"p":0.34375}],[{"covariate":"fine","count":34,"p":0.6415094339622641},{"covariate":"coarse","count":19,"p":0.3584905660377358}]],"docs_per_topic_dominant":[19,0,2,32,53],"perplexity_train":53.19673447489666,"mean_confidence":0.38544726371765137,"doc_names":["GCH-0001__m0__01","GCH-0001__m1__02","GCH-0001__m2__03","GCH-0001__m3__04","GCH-0002__m0__01","GCH-0002__m1__02","GCH-0002__m2__03","GCH-0002__m3__04","GCH-0003__m0__01","GCH-0003__m1__02","GCH-0003__m2__03","GCH-0003__m3__04","GCH-0004__m0__01","GCH-0004__m1__02","GCH-0004__m2__03","GCH-0004__m3__04","GCH-0005__m0__01","GCH-0005__m1__02","GCH-0005__m2__03","GCH-0005__m3__04","GCH-0006__m0__01","GCH-0006__m1__02","GCH-0006__m2__03","GCH-0006__m3__04","GCH-0007__m0__01","GCH-0007__m1__02","GCH-0007__m2__03","GCH-0007__m3__04","GCH-0008__m0__01","GCH-0008__m1__02","GCH-0008__m2__03","GCH-0008__m3__04","GCH-0009__m0__01","GCH-0009__m1__02","GCH-0009__m2__03","GCH-0009__m3__04","GCH-0010__m0__01","GCH-0010__m1__02","GCH-0010__m2__03","GCH-0010__m3__04","GCH-0011__m0__01","GCH-0011__m1__02","GCH-0011__m2__03","GCH-0011__m3__04","GCH-0012__m0__01","GCH-0012__m1__02","GCH-0012__m2__03","GCH-0012__m3__04","GCH-0013__m0__01","GCH-0013__m1__02","GCH-0013__m2__03","GCH-0013__m3__04","GCH-0014__m0__01","GCH-0014__m1__02","GCH-0014__m2__03","GCH-0014__m3__04","GCH-0015__m0__01","GCH-0015__m1__02","GCH-0015__m2__03","GCH-0015__m3__04","GCH-0016__m0__01","GCH-0016__m1__02","GCH-0016__m2__03","GCH-0016__m3__04","GCH-0017__m0__01","GCH-0017__m1__02","GCH-0017__m2__03","GCH-0017__m3__04","GCH-0018__m0__01","GCH-0018__m1__02","GCH-0018__m2__03","GCH-0018__m3__04","GCH-0019__m0__01","GCH-0019__m1__02","GCH-0019__m2__03","GCH-0019__m3__04","GCH-0020__m0__01","GCH-0020__m1__02","GCH-0020__m2__03","GCH-0020__m3__04","GCH-0021__m0__01","GCH-0021__m1__02","GCH-0021__m2__03","GCH-0021__m3__04","GCH-0022__m0__01","GCH-0022__m1__02","GCH-0022__m2__03","GCH-0022__m3__04","GCH-0023__m0__01","GCH-0023__m1__02","GCH-0024__m0__01","GCH-0024__m1__02","GCH-0024__m2__03","GCH-0024__m3__04","GCH-0025__m0__01","GCH-0025__m1__02","GCH-0025__m2__03","GCH-0025__m3__04","GCH-0026__m0__01","GCH-0026__m1__02","GCH-0026__m2__03","GCH-0026__m3__04","GCH-0027__m0__01","GCH-0027__m1__02","GCH-0028__m0__01","GCH-0028__m1__02"],"sample_names":["GCH-0001","GCH-0001","GCH-0001","GCH-0001","GCH-0002","GCH-0002","GCH-0002","GCH-0002","GCH-0003","GCH-0003","GCH-0003","GCH-0003","GCH-0004","GCH-0004","GCH-0004","GCH-0004","GCH-0005","GCH-0005","GCH-0005","GCH-0005","GCH-0006","GCH-0006","GCH-0006","GCH-0006","GCH-0007","GCH-0007","GCH-0007","GCH-0007","GCH-0008","GCH-0008","GCH-0008","GCH-0008","GCH-0009","GCH-0009","GCH-0009","GCH-0009","GCH-0010","GCH-0010","GCH-0010","GCH-0010","GCH-0011","GCH-0011","GCH-0011","GCH-0011","GCH-0012","GCH-0012","GCH-0012","GCH-0012","GCH-0013","GCH-0013","GCH-0013","GCH-0013","GCH-0014","GCH-0014","GCH-0014","GCH-0014","GCH-0015","GCH-0015","GCH-0015","GCH-0015","GCH-0016","GCH-0016","GCH-0016","GCH-0016","GCH-0017","GCH-0017","GCH-0017","GCH-0017","GCH-0018","GCH-0018","GCH-0018","GCH-0018","GCH-0019","GCH-0019","GCH-0019","GCH-0019","GCH-0020","GCH-0020","GCH-0020","GCH-0020","GCH-0021","GCH-0021","GCH-0021","GCH-0021","GCH-0022","GCH-0022","GCH-0022","GCH-0022","GCH-0023","GCH-0023","GCH-0024","GCH-0024","GCH-0024","GCH-0024","GCH-0025","GCH-0025","GCH-0025","GCH-0025","GCH-0026","GCH-0026","GCH-0026","GCH-0026","GCH-0027","GCH-0027","GCH-0028","GCH-0028"],"covariates":["coarse","coarse","fine","fine","coarse","coarse","fine","fine","coarse","coarse","fine","fine","coarse","coarse","fine","fine","coarse","coarse","fine","fine","coarse","coarse","fine","fine","coarse","coarse","fine","fine","coarse","coarse","fine","fine","coarse","coarse","fine","fine","coarse","coarse","fine","fine","coarse","coarse","fine","fine","coarse","coarse","fine","fine","coarse","coarse","fine","fine","coarse","coarse","fine","fine","coarse","coarse","fine","fine","coarse","coarse","fine","fine","coarse","coarse","fine","fine","coarse","coarse","fine","fine","coarse","coarse","fine","fine","coarse","coarse","fine","fine","coarse","coarse","fine","fine","coarse","coarse","fine","fine","fine","fine","coarse","coarse","fine","fine","coarse","coarse","fine","fine","coarse","coarse","fine","fine","fine","fine","fine","fine"],"theta_per_doc":[[0.126,0.0021,0.1528,0.2868,0.4323],[0.2181,0.0024,0.1585,0.368,0.253],[0.2248,0.0011,0.22,0.2815,0.2726],[0.1851,0.0011,0.1948,0.2937,0.3253],[0.1272,0.0019,0.1972,0.2835,0.3903],[0.1371,0.0026,0.1785,0.277,0.4049],[0.1871,0.0013,0.2113,0.3088,0.2914],[0.2167,0.0012,0.1901,0.2941,0.298],[0.1616,0.0021,0.1686,0.2742,0.3935],[0.3027,0.0023,0.1892,0.2967,0.209],[0.2734,0.0013,0.2145,0.2919,0.2189],[0.1966,0.0012,0.1897,0.3095,0.303],[0.1692,0.0026,0.1511,0.2585,0.4186],[0.3517,0.0031,0.1905,0.2447,0.21],[0.2117,0.0014,0.2054,0.2836,0.2978],[0.2178,0.0014,0.1643,0.2781,0.3385],[0.1573,0.0025,0.1742,0.2943,0.3716],[0.1317,0.0026,0.1655,0.2916,0.4086],[0.2446,0.0016,0.1908,0.2965,0.2665],[0.1387,0.0015,0.1796,0.2768,0.4034],[0.1371,0.0026,0.1785,0.277,0.4049],[0.1494,0.0033,0.1773,0.3451,0.3249],[0.2139,0.0016,0.1978,0.3276,0.2591],[0.1447,0.0015,0.1798,0.3056,0.3684],[0.1271,0.0099,0.1715,0.2776,0.4139],[0.1271,0.0099,0.1715,0.2776,0.4139],[0.1378,0.0021,0.179,0.2769,0.4042],[0.2051,0.0018,0.1588,0.3086,0.3257],[0.1271,0.0099,0.1715,0.2776,0.4139],[0.8685,0.0243,0.0378,0.0385,0.031],[0.2446,0.0016,0.1908,0.2965,0.2665],[0.1447,0.0015,0.1798,0.3056,0.3684],[0.4704,0.0045,0.1835,0.1895,0.1521],[0.718,0.0073,0.0947,0.1648,0.0152],[0.2187,0.002,0.1844,0.3194,0.2756],[0.1383,0.0017,0.1794,0.2769,0.4038],[0.1378,0.0021,0.179,0.2769,0.4042],[0.3207,0.0029,0.1346,0.2735,0.2683],[0.2217,0.0019,0.2024,0.3021,0.272],[0.2201,0.0016,0.2018,0.2912,0.2852],[0.1494,0.0033,0.1773,0.3451,0.3249],[0.2562,0.0029,0.2289,0.2615,0.2506],[0.2204,0.0013,0.2103,0.3033,0.2647],[0.2216,0.0012,0.1888,0.316,0.2724],[0.1383,0.0017,0.1794,0.2769,0.4038],[0.2086,0.0016,0.1903,0.3212,0.2782],[0.1637,0.0017,0.1981,0.2903,0.3463],[0.2446,0.0016,0.1908,0.2965,0.2665],[0.1378,0.0021,0.179,0.2769,0.4042],[0.2676,0.0019,0.1906,0.2973,0.2426],[0.2676,0.0019,0.1906,0.2973,0.2426],[0.1801,0.0018,0.1622,0.3239,0.332],[0.8805,0.0205,0.0338,0.0354,0.0298],[0.7349,0.0074,0.102,0.1392,0.0166],[0.2481,0.0016,0.187,0.2963,0.2671],[0.1383,0.0017,0.1794,0.2769,0.4038],[0.2,0.2,0.2,0.2,0.2],[0.157,0.0837,0.132,0.522,0.1052],[0.2285,0.0014,0.1905,0.2953,0.2843],[0.1511,0.0015,0.1804,0.3112,0.3559],[0.1271,0.0099,0.1715,0.2776,0.4139],[0.718,0.0073,0.0947,0.1648,0.0152],[0.1511,0.0015,0.1804,0.3112,0.3559],[0.1442,0.0013,0.18,0.302,0.3725],[0.3542,0.0031,0.1786,0.2633,0.2008],[0.7159,0.0038,0.1178,0.1159,0.0466],[0.1723,0.0017,0.199,0.2921,0.335],[0.1383,0.0017,0.1794,0.2769,0.4038],[0.2301,0.0019,0.1976,0.2734,0.2971],[0.1383,0.0017,0.1794,0.2769,0.4038],[0.1387,0.0015,0.1796,0.2768,0.4034],[0.2387,0.0016,0.1837,0.2937,0.2824],[0.1972,0.0033,0.1854,0.3057,0.3084],[0.4751,0.0043,0.1659,0.2686,0.0861],[0.1836,0.0014,0.1968,0.294,0.3241],[0.2285,0.0014,0.1905,0.2953,0.2843],[0.2366,0.0028,0.2569,0.2512,0.2525],[0.4651,0.0042,0.163,0.2606,0.1071],[0.1377,0.0015,0.1762,0.2957,0.3889],[0.1387,0.0015,0.1796,0.2768,0.4034],[0.1836,0.0027,0.2026,0.2775,0.3336],[0.2841,0.0028,0.2009,0.3541,0.1581],[0.1396,0.0009,0.1802,0.2767,0.4026],[0.1278,0.0009,0.171,0.2671,0.4331],[0.3027,0.0023,0.1892,0.2967,0.209],[0.4751,0.0043,0.1659,0.2686,0.0861],[0.1466,0.0009,0.1793,0.2787,0.3946],[0.1395,0.0009,0.1801,0.2767,0.4027],[0.1387,0.0015,0.1796,0.2768,0.4034],[0.262,0.0019,0.1742,0.2824,0.2794],[0.1913,0.0025,0.1827,0.347,0.2765],[0.254,0.0047,0.1914,0.4013,0.1487],[0.1389,0.0013,0.1798,0.2768,0.4032],[0.2603,0.0019,0.1824,0.2945,0.2609],[0.3617,0.003,0.184,0.2915,0.1597],[0.4751,0.0043,0.1659,0.2686,0.0861],[0.1389,0.0013,0.1798,0.2768,0.4032],[0.1387,0.0015,0.1796,0.2768,0.4034],[0.2325,0.0028,0.2728,0.2668,0.2251],[0.2167,0.0032,0.1934,0.368,0.2187],[0.1834,0.0012,0.1722,0.3207,0.3225],[0.2446,0.0016,0.1908,0.2965,0.2665],[0.4553,0.0044,0.1667,0.2584,0.1151],[0.1299,0.0025,0.166,0.2695,0.432],[0.0638,0.0023,0.1371,0.2226,0.5742],[0.0824,0.0022,0.1974,0.2276,0.4905]],"lda_config":{"method":"sklearn.LatentDirichletAllocation online","max_iter":60,"doc_topic_prior":0.45,"topic_word_prior":0.2,"random_state":42,"wordification":"band-frequency","quantization_scale":12},"generated_at":"2026-05-14T01:10:17Z","builder_version":"build_band_masked_topic_models_hidsag v0.1"}