{"subset_code":"MINERAL1","mask_id":"swir","mask_label":"SWIR-only (1100-2500 nm)","mask_description":"Shortwave-infrared only. On HIDSAG swir_low this keeps the full spectrum (no-op).","modality":"swir_low","topic_count":6,"document_count":99,"vocabulary_size":250,"n_bands_full":268,"n_bands_kept":250,"kept_band_indices":[18,19,20,21,22,23,24,25,26,27,28,29,30,31,32,33,34,35,36,37,38,39,40,41,42,43,44,45,46,47,48,49,50,51,52,53,54,55,56,57,58,59,60,61,62,63,64,65,66,67,68,69,70,71,72,73,74,75,76,77,78,79,80,81,82,83,84,85,86,87,88,89,90,91,92,93,94,95,96,97,98,99,100,101,102,103,104,105,106,107,108,109,110,111,112,113,114,115,116,117,118,119,120,121,122,123,124,125,126,127,128,129,130,131,132,133,134,135,136,137,138,139,140,141,142,143,144,145,146,147,148,149,150,151,152,153,154,155,156,157,158,159,160,161,162,163,164,165,166,167,168,169,170,171,172,173,174,175,176,177,178,179,180,181,182,183,184,185,186,187,188,189,190,191,192,193,194,195,196,197,198,199,200,201,202,203,204,205,206,207,208,209,210,211,212,213,214,215,216,217,218,219,220,221,222,223,224,225,226,227,228,229,230,231,232,233,234,235,236,237,238,239,240,241,242,243,244,245,246,247,248,249,250,251,252,253,254,255,256,257,258,259,260,261,262,263,264,265,266,267],"wavelengths_nm_kept_first_last":[1102.06,2499.26],"wavelengths_nm_kept":[1102.06,1107.72,1113.37,1119.03,1124.69,1130.34,1136.0,1141.65,1147.31,1152.97,1158.62,1164.28,1169.93,1175.59,1181.24,1186.89,1192.55,1198.2,1203.86,1209.51,1215.16,1220.81,1226.47,1232.12,1237.77,1243.42,1249.08,1254.73,1260.38,1266.03,1271.68,1277.33,1282.98,1288.63,1294.28,1299.93,1305.58,1311.23,1316.88,1322.53,1328.18,1333.83,1339.47,1345.12,1350.77,1356.42,1362.06,1367.71,1373.36,1379.0,1384.65,1390.29,1395.94,1401.58,1407.23,1412.87,1418.52,1424.16,1429.8,1435.45,1441.09,1446.73,1452.37,1458.01,1463.66,1469.3,1474.94,1480.58,1486.22,1491.86,1497.5,1503.14,1508.78,1514.42,1520.05,1525.69,1531.33,1536.97,1542.6,1548.24,1553.87,1559.51,1565.15,1570.78,1576.42,1582.05,1587.68,1593.32,1598.95,1604.58,1610.22,1615.85,1621.48,1627.11,1632.74,1638.37,1644.0,1649.63,1655.26,1660.89,1666.52,1672.15,1677.77,1683.4,1689.03,1694.65,1700.28,1705.91,1711.53,1717.16,1722.78,1728.4,1734.03,1739.65,1745.27,1750.89,1756.52,1762.14,1767.76,1773.38,1779.0,1784.62,1790.24,1795.85,1801.47,1807.09,1812.71,1818.32,1823.94,1829.56,1835.17,1840.79,1846.4,1852.01,1857.63,1863.24,1868.85,1874.46,1880.07,1885.68,1891.3,1896.9,1902.51,1908.12,1913.73,1919.34,1924.95,1930.55,1936.16,1941.76,1947.37,1952.97,1958.58,1964.18,1969.78,1975.39,1980.99,1986.59,1992.19,1997.79,2003.39,2008.99,2014.59,2020.19,2025.78,2031.38,2036.98,2042.57,2048.17,2053.76,2059.36,2064.95,2070.54,2076.14,2081.73,2087.32,2092.91,2098.5,2104.09,2109.68,2115.27,2120.85,2126.44,2132.03,2137.61,2143.2,2148.78,2154.37,2159.95,2165.53,2171.11,2176.7,2182.28,2187.86,2193.44,2199.01,2204.59,2210.17,2215.75,2221.32,2226.9,2232.47,2238.05,2243.62,2249.2,2254.77,2260.34,2265.91,2271.48,2277.05,2282.62,2288.19,2293.76,2299.32,2304.89,2310.46,2316.02,2321.58,2327.15,2332.71,2338.27,2343.84,2349.4,2354.96,2360.52,2366.07,2371.63,2377.19,2382.75,2388.3,2393.86,2399.41,2404.97,2410.52,2416.07,2421.62,2427.17,2432.72,2438.27,2443.82,2449.37,2454.92,2460.46,2466.01,2471.55,2477.1,2482.64,2488.18,2493.72,2499.26],"topic_prevalence":[0.198358,0.01018,0.353546,0.230559,0.010024,0.197333],"topic_distance_cosine":[[0.0,0.016429,0.036084,0.024507,0.015991,0.027087],[0.016429,0.0,0.030929,0.017249,0.014649,0.019352],[0.036084,0.030929,0.0,0.041869,0.018688,0.042127],[0.024507,0.017249,0.041869,0.0,0.020778,0.027413],[0.015991,0.014649,0.018688,0.020778,0.0,0.021545],[0.027087,0.019352,0.042127,0.027413,0.021545,0.0]],"top_words_per_topic_lambda_05":[["swir_1830nm","swir_2494nm","swir_2205nm","swir_2349nm","swir_2483nm","swir_2399nm","swir_2338nm","swir_2003nm","swir_1858nm","swir_2477nm","swir_2333nm","swir_1492nm","swir_2294nm","swir_2149nm","swir_2377nm"],["swir_2205nm","swir_2199nm","swir_2327nm","swir_2472nm","swir_1998nm","swir_2154nm","swir_1616nm","swir_1762nm","swir_2416nm","swir_2294nm","swir_1914nm","swir_2020nm","swir_2494nm","swir_1846nm","swir_1683nm"],["swir_1683nm","swir_1700nm","swir_1936nm","swir_1757nm","swir_1723nm","swir_1841nm","swir_1610nm","swir_1891nm","swir_1734nm","swir_1796nm","swir_1728nm","swir_1644nm","swir_2009nm","swir_1689nm","swir_1565nm"],["swir_2199nm","swir_2366nm","swir_2361nm","swir_2488nm","swir_2299nm","swir_2227nm","swir_2205nm","swir_2433nm","swir_2460nm","swir_2466nm","swir_1717nm","swir_2355nm","swir_2221nm","swir_2249nm","swir_2472nm"],["swir_1306nm","swir_2227nm","swir_1481nm","swir_1914nm","swir_2110nm","swir_1650nm","swir_2009nm","swir_1633nm","swir_1717nm","swir_1452nm","swir_2266nm","swir_1159nm","swir_2399nm","swir_1813nm","swir_2383nm"],["swir_2260nm","swir_2449nm","swir_2160nm","swir_2009nm","swir_2427nm","swir_2327nm","swir_2383nm","swir_1942nm","swir_2193nm","swir_2411nm","swir_2188nm","swir_2416nm","swir_2455nm","swir_2048nm","swir_1914nm"]],"p_covariate_given_topic_dominant":[[{"covariate":"P2","count":5,"p":1.0},{"covariate":"P1","count":0,"p":0.0},{"covariate":"P3","count":0,"p":0.0}],[],[{"covariate":"P1","count":29,"p":0.6041666666666666},{"covariate":"P3","count":10,"p":0.20833333333333334},{"covariate":"P2","count":9,"p":0.1875}],[{"covariate":"P3","count":23,"p":0.5111111111111111},{"covariate":"P2","count":18,"p":0.4},{"covariate":"P1","count":4,"p":0.08888888888888889}],[],[{"covariate":"P2","count":1,"p":1.0},{"covariate":"P1","count":0,"p":0.0},{"covariate":"P3","count":0,"p":0.0}]],"docs_per_topic_dominant":[5,0,48,45,0,1],"perplexity_train":257.91724364610707,"mean_confidence":0.415980726480484,"doc_names":["M1-0001__m0__01","M1-0002__m0__01","M1-0003__m0__01","M1-0004__m0__01","M1-0005__m0__01","M1-0006__m0__01","M1-0007__m0__01","M1-0008__m0__01","M1-0009__m0__01","M1-0010__m0__01","M1-0011__m0__01","M1-0012__m0__01","M1-0013__m0__01","M1-0014__m0__01","M1-0015__m0__01","M1-0016__m0__01","M1-0017__m0__01","M1-0018__m0__01","M1-0019__m0__01","M1-0020__m0__01","M1-0021__m0__01","M1-0022__m0__01","M1-0023__m0__01","M1-0024__m0__01","M1-0025__m0__01","M1-0026__m0__01","M1-0027__m0__01","M1-0028__m0__01","M1-0029__m0__01","M1-0030__m0__01","M1-0031__m0__01","M1-0032__m0__01","M1-0033__m0__01","M1-0034__m0__01","M1-0035__m0__01","M1-0036__m0__01","M1-0037__m0__01","M1-0038__m0__01","M1-0039__m0__01","M1-0040__m0__01","M1-0041__m0__01","M1-0042__m0__01","M1-0043__m0__01","M1-0044__m0__01","M1-0045__m0__01","M1-0046__m0__01","M1-0047__m0__01","M1-0048__m0__01","M1-0049__m0__01","M1-0050__m0__01","M1-0051__m0__01","M1-0052__m0__01","M1-0053__m0__01","M1-0054__m0__01","M1-0055__m0__01","M1-0056__m0__01","M1-0057__m0__01","M1-0058__m0__01","M1-0059__m0__01","M1-0060__m0__01","M1-0061__m0__01","M1-0062__m0__01","M1-0063__m0__01","M1-0064__m0__01","M1-0065__m0__01","M1-0066__m0__01","M1-0067__m0__01","M1-0068__m0__01","M1-0069__m0__01","M1-0070__m0__01","M1-0071__m0__01","M1-0072__m0__01","M1-0073__m0__01","M1-0074__m0__01","M1-0075__m0__01","M1-0076__m0__01","M1-0077__m0__01","M1-0078__m0__01","M1-0079__m0__01","M1-0080__m0__01","M1-0081__m0__01","M1-0082__m0__01","M1-0083__m0__01","M1-0084__m0__01","M1-0085__m0__01","M1-0086__m0__01","M1-0087__m0__01","M1-0088__m0__01","M1-0089__m0__01","M1-0090__m0__01","M1-0091__m0__01","M1-0092__m0__01","M1-0093__m0__01","M1-0094__m0__01","M1-0095__m0__01","M1-0096__m0__01","M1-0097__m0__01","M1-0098__m0__01","M1-0099__m0__01"],"sample_names":["M1-0001","M1-0002","M1-0003","M1-0004","M1-0005","M1-0006","M1-0007","M1-0008","M1-0009","M1-0010","M1-0011","M1-0012","M1-0013","M1-0014","M1-0015","M1-0016","M1-0017","M1-0018","M1-0019","M1-0020","M1-0021","M1-0022","M1-0023","M1-0024","M1-0025","M1-0026","M1-0027","M1-0028","M1-0029","M1-0030","M1-0031","M1-0032","M1-0033","M1-0034","M1-0035","M1-0036","M1-0037","M1-0038","M1-0039","M1-0040","M1-0041","M1-0042","M1-0043","M1-0044","M1-0045","M1-0046","M1-0047","M1-0048","M1-0049","M1-0050","M1-0051","M1-0052","M1-0053","M1-0054","M1-0055","M1-0056","M1-0057","M1-0058","M1-0059","M1-0060","M1-0061","M1-0062","M1-0063","M1-0064","M1-0065","M1-0066","M1-0067","M1-0068","M1-0069","M1-0070","M1-0071","M1-0072","M1-0073","M1-0074","M1-0075","M1-0076","M1-0077","M1-0078","M1-0079","M1-0080","M1-0081","M1-0082","M1-0083","M1-0084","M1-0085","M1-0086","M1-0087","M1-0088","M1-0089","M1-0090","M1-0091","M1-0092","M1-0093","M1-0094","M1-0095","M1-0096","M1-0097","M1-0098","M1-0099"],"covariates":["P1","P2","P3","P1","P2","P3","P1","P2","P3","P1","P2","P3","P1","P2","P3","P1","P2","P3","P1","P2","P3","P1","P2","P3","P1","P2","P3","P1","P2","P3","P1","P2","P3","P1","P2","P3","P1","P2","P3","P1","P2","P3","P1","P2","P3","P1","P2","P3","P1","P2","P3","P1","P2","P3","P1","P2","P3","P1","P2","P3","P1","P2","P3","P1","P2","P3","P1","P2","P3","P1","P2","P3","P1","P2","P3","P1","P2","P3","P1","P2","P3","P1","P2","P3","P1","P2","P3","P1","P2","P3","P1","P2","P3","P1","P2","P3","P1","P2","P3"],"theta_per_doc":[[0.0848,0.0007,0.8208,0.0539,0.0007,0.0392],[0.2293,0.001,0.3305,0.2409,0.001,0.1973],[0.2036,0.0021,0.1961,0.3325,0.002,0.2637],[0.0607,0.0005,0.8597,0.0508,0.0005,0.0277],[0.146,0.1198,0.1127,0.39,0.1057,0.1259],[0.2167,0.0011,0.2087,0.3117,0.0011,0.2606],[0.0521,0.0007,0.8707,0.0435,0.0006,0.0324],[0.2286,0.002,0.3308,0.2403,0.002,0.1962],[0.225,0.0011,0.1936,0.3256,0.0011,0.2536],[0.11,0.0007,0.7449,0.079,0.0007,0.0646],[0.0541,0.005,0.0065,0.2656,0.0048,0.664],[0.2254,0.0011,0.3071,0.2682,0.001,0.1972],[0.0384,0.0005,0.9141,0.0267,0.0005,0.0197],[0.2286,0.002,0.3308,0.2403,0.002,0.1962],[0.2353,0.0011,0.226,0.3104,0.0011,0.2261],[0.025,0.0008,0.9452,0.0151,0.0008,0.0131],[0.1667,0.1667,0.1667,0.1667,0.1667,0.1667],[0.2106,0.0012,0.22,0.3195,0.0012,0.2476],[0.0224,0.0009,0.9526,0.0152,0.0009,0.008],[0.1667,0.1667,0.1667,0.1667,0.1667,0.1667],[0.121,0.0015,0.6878,0.0831,0.0014,0.1052],[0.0465,0.0006,0.8941,0.0308,0.0006,0.0275],[0.1667,0.1667,0.1667,0.1667,0.1667,0.1667],[0.1258,0.0016,0.5369,0.1229,0.0016,0.2112],[0.0383,0.0005,0.9182,0.0241,0.0005,0.0184],[0.0092,0.0056,0.9616,0.0088,0.0055,0.0093],[0.0962,0.0013,0.6012,0.1582,0.0013,0.1417],[0.039,0.0006,0.9144,0.0245,0.0006,0.0209],[0.1673,0.0011,0.4267,0.221,0.001,0.1829],[0.1686,0.0009,0.5021,0.1686,0.0009,0.159],[0.0497,0.0004,0.8878,0.036,0.0004,0.0255],[0.1667,0.1667,0.1667,0.1667,0.1667,0.1667],[0.1181,0.0012,0.5825,0.1678,0.0012,0.1292],[0.0324,0.0005,0.9328,0.0207,0.0005,0.013],[0.1667,0.1667,0.1667,0.1667,0.1667,0.1667],[0.2254,0.0011,0.2114,0.3172,0.0011,0.2438],[0.2422,0.0002,0.2826,0.2582,0.0002,0.2167],[0.2595,0.0002,0.1471,0.3128,0.0002,0.2801],[0.2539,0.0002,0.2128,0.286,0.0002,0.2469],[0.2286,0.0002,0.3007,0.2554,0.0002,0.2149],[0.2537,0.0003,0.183,0.2992,0.0002,0.2635],[0.2532,0.0002,0.2021,0.2948,0.0002,0.2494],[0.241,0.0002,0.2623,0.2635,0.0002,0.2328],[0.2641,0.0002,0.144,0.3113,0.0002,0.2801],[0.2513,0.0002,0.1884,0.3074,0.0002,0.2525],[0.245,0.0002,0.2662,0.2698,0.0002,0.2186],[0.2607,0.0002,0.1519,0.3162,0.0002,0.2706],[0.2528,0.0002,0.2156,0.2841,0.0002,0.2471],[0.2299,0.0002,0.3303,0.2413,0.0002,0.1981],[0.2695,0.0003,0.1166,0.3273,0.0003,0.286],[0.255,0.0002,0.2137,0.2909,0.0002,0.24],[0.252,0.0002,0.22,0.2768,0.0002,0.2508],[0.2586,0.0002,0.1696,0.3108,0.0002,0.2606],[0.244,0.0002,0.2287,0.2802,0.0002,0.2466],[0.2286,0.0002,0.3031,0.2566,0.0002,0.2113],[0.2685,0.0002,0.167,0.3092,0.0002,0.2548],[0.2393,0.0002,0.2315,0.2876,0.0002,0.2412],[0.2319,0.0002,0.3179,0.2486,0.0002,0.2012],[0.263,0.0003,0.1474,0.3145,0.0003,0.2745],[0.2551,0.0002,0.2148,0.291,0.0002,0.2386],[0.2303,0.0002,0.3072,0.2547,0.0002,0.2074],[0.2631,0.0002,0.1385,0.3185,0.0002,0.2794],[0.2549,0.0002,0.1841,0.307,0.0002,0.2536],[0.2348,0.0002,0.3032,0.2502,0.0002,0.2113],[0.2681,0.0002,0.1382,0.3136,0.0002,0.2796],[0.2629,0.0002,0.193,0.2886,0.0002,0.2552],[0.2299,0.0002,0.3303,0.2413,0.0002,0.1981],[0.2605,0.0002,0.1603,0.307,0.0002,0.2717],[0.2556,0.0002,0.1758,0.3027,0.0002,0.2655],[0.2299,0.0002,0.3303,0.2413,0.0002,0.1981],[0.2618,0.0002,0.1415,0.315,0.0002,0.2812],[0.2489,0.0002,0.1974,0.3012,0.0002,0.2521],[0.2302,0.0002,0.3056,0.2571,0.0002,0.2066],[0.2554,0.0003,0.1896,0.2995,0.0003,0.2548],[0.2511,0.0002,0.2158,0.2849,0.0002,0.2478],[0.1557,0.0002,0.5873,0.1444,0.0002,0.1121],[0.2186,0.0003,0.3472,0.2426,0.0003,0.191],[0.2047,0.0003,0.4275,0.2104,0.0003,0.1568],[0.2468,0.0002,0.229,0.2781,0.0002,0.2458],[0.2555,0.0003,0.1309,0.3297,0.0003,0.2834],[0.2446,0.0002,0.1783,0.316,0.0002,0.2607],[0.1541,0.0003,0.6015,0.1399,0.0003,0.1039],[0.2151,0.0003,0.3482,0.2396,0.0003,0.1963],[0.1829,0.0003,0.4871,0.1911,0.0003,0.1383],[0.2413,0.0002,0.273,0.2596,0.0002,0.2258],[0.2686,0.0003,0.0834,0.3388,0.0003,0.3087],[0.2602,0.0002,0.158,0.3119,0.0002,0.2694],[0.1592,0.0003,0.5836,0.1519,0.0003,0.1046],[0.2322,0.0004,0.3034,0.2587,0.0004,0.2049],[0.1856,0.0003,0.4506,0.21,0.0003,0.1531],[0.2295,0.0002,0.3017,0.2562,0.0002,0.2122],[0.2555,0.0003,0.1829,0.2978,0.0003,0.2633],[0.2445,0.0002,0.1795,0.318,0.0002,0.2576],[0.147,0.0002,0.61,0.1372,0.0002,0.1053],[0.2044,0.0003,0.3975,0.2159,0.0003,0.1814],[0.1875,0.0003,0.4782,0.1897,0.0003,0.144],[0.2299,0.0002,0.3303,0.2413,0.0002,0.1981],[0.2576,0.0003,0.1557,0.319,0.0003,0.2671],[0.2497,0.0002,0.1862,0.3051,0.0002,0.2586]],"lda_config":{"method":"sklearn.LatentDirichletAllocation online","max_iter":60,"doc_topic_prior":0.45,"topic_word_prior":0.2,"random_state":42,"wordification":"band-frequency","quantization_scale":12},"generated_at":"2026-05-14T01:09:36Z","builder_version":"build_band_masked_topic_models_hidsag v0.1"}