{"subset_code":"MINERAL1","mask_id":"no_water","mask_label":"Water-bands removed (1350-1430 + 1800-1950 + 2480-2500 nm)","mask_description":"Drop atmospheric water-vapour absorption bands.","modality":"swir_low","topic_count":6,"document_count":99,"vocabulary_size":222,"n_bands_full":268,"n_bands_kept":222,"kept_band_indices":[0,1,2,3,4,5,6,7,8,9,10,11,12,13,14,15,16,17,18,19,20,21,22,23,24,25,26,27,28,29,30,31,32,33,34,35,36,37,38,39,40,41,42,43,44,45,46,47,48,49,50,51,52,53,54,55,56,57,58,59,60,61,77,78,79,80,81,82,83,84,85,86,87,88,89,90,91,92,93,94,95,96,97,98,99,100,101,102,103,104,105,106,107,108,109,110,111,112,113,114,115,116,117,118,119,120,121,122,123,124,125,126,127,128,129,130,131,132,133,134,135,136,137,138,139,140,141,169,170,171,172,173,174,175,176,177,178,179,180,181,182,183,184,185,186,187,188,189,190,191,192,193,194,195,196,197,198,199,200,201,202,203,204,205,206,207,208,209,210,211,212,213,214,215,216,217,218,219,220,221,222,223,224,225,226,227,228,229,230,231,232,233,234,235,236,237,238,239,240,241,242,243,244,245,246,247,248,249,250,251,252,253,254,255,256,257,258,259,260,261,262,263],"wavelengths_nm_kept_first_last":[1000.21,2477.1],"wavelengths_nm_kept":[1000.21,1005.87,1011.53,1017.19,1022.85,1028.51,1034.17,1039.83,1045.48,1051.14,1056.8,1062.46,1068.12,1073.77,1079.43,1085.09,1090.75,1096.4,1102.06,1107.72,1113.37,1119.03,1124.69,1130.34,1136.0,1141.65,1147.31,1152.97,1158.62,1164.28,1169.93,1175.59,1181.24,1186.89,1192.55,1198.2,1203.86,1209.51,1215.16,1220.81,1226.47,1232.12,1237.77,1243.42,1249.08,1254.73,1260.38,1266.03,1271.68,1277.33,1282.98,1288.63,1294.28,1299.93,1305.58,1311.23,1316.88,1322.53,1328.18,1333.83,1339.47,1345.12,1435.45,1441.09,1446.73,1452.37,1458.01,1463.66,1469.3,1474.94,1480.58,1486.22,1491.86,1497.5,1503.14,1508.78,1514.42,1520.05,1525.69,1531.33,1536.97,1542.6,1548.24,1553.87,1559.51,1565.15,1570.78,1576.42,1582.05,1587.68,1593.32,1598.95,1604.58,1610.22,1615.85,1621.48,1627.11,1632.74,1638.37,1644.0,1649.63,1655.26,1660.89,1666.52,1672.15,1677.77,1683.4,1689.03,1694.65,1700.28,1705.91,1711.53,1717.16,1722.78,1728.4,1734.03,1739.65,1745.27,1750.89,1756.52,1762.14,1767.76,1773.38,1779.0,1784.62,1790.24,1795.85,1952.97,1958.58,1964.18,1969.78,1975.39,1980.99,1986.59,1992.19,1997.79,2003.39,2008.99,2014.59,2020.19,2025.78,2031.38,2036.98,2042.57,2048.17,2053.76,2059.36,2064.95,2070.54,2076.14,2081.73,2087.32,2092.91,2098.5,2104.09,2109.68,2115.27,2120.85,2126.44,2132.03,2137.61,2143.2,2148.78,2154.37,2159.95,2165.53,2171.11,2176.7,2182.28,2187.86,2193.44,2199.01,2204.59,2210.17,2215.75,2221.32,2226.9,2232.47,2238.05,2243.62,2249.2,2254.77,2260.34,2265.91,2271.48,2277.05,2282.62,2288.19,2293.76,2299.32,2304.89,2310.46,2316.02,2321.58,2327.15,2332.71,2338.27,2343.84,2349.4,2354.96,2360.52,2366.07,2371.63,2377.19,2382.75,2388.3,2393.86,2399.41,2404.97,2410.52,2416.07,2421.62,2427.17,2432.72,2438.27,2443.82,2449.37,2454.92,2460.46,2466.01,2471.55,2477.1],"topic_prevalence":[0.20282,0.009694,0.23104,0.205723,0.341133,0.00959],"topic_distance_cosine":[[0.0,0.012369,0.024657,0.036062,0.033402,0.013029],[0.012369,0.0,0.011859,0.025252,0.018853,0.004866],[0.024657,0.011859,0.0,0.026638,0.037053,0.011639],[0.036062,0.025252,0.026638,0.0,0.060975,0.024127],[0.033402,0.018853,0.037053,0.060975,0.0,0.017854],[0.013029,0.004866,0.011639,0.024127,0.017854,0.0]],"top_words_per_topic_lambda_05":[["swir_1964nm","swir_1992nm","swir_1627nm","swir_2221nm","swir_1768nm","swir_2138nm","swir_2283nm","swir_2260nm","swir_2166nm","swir_2182nm","swir_2093nm","swir_2087nm","swir_2121nm","swir_1970nm","swir_1232nm"],["swir_1000nm","swir_2210nm","swir_1757nm","swir_2205nm","swir_2138nm","swir_1987nm","swir_2115nm","swir_1975nm","swir_1272nm","swir_2121nm","swir_2260nm","swir_1029nm","swir_2444nm","swir_1633nm","swir_1130nm"],["swir_2383nm","swir_2288nm","swir_2366nm","swir_2338nm","swir_2399nm","swir_2427nm","swir_2433nm","swir_2422nm","swir_2372nm","swir_1006nm","swir_2438nm","swir_2205nm","swir_2349nm","swir_2199nm","swir_2472nm"],["swir_2188nm","swir_2388nm","swir_2477nm","swir_2411nm","swir_2355nm","swir_2227nm","swir_2455nm","swir_2310nm","swir_2322nm","swir_2299nm","swir_2405nm","swir_2238nm","swir_2333nm","swir_2271nm","swir_2466nm"],["swir_1757nm","swir_1773nm","swir_1678nm","swir_1576nm","swir_1323nm","swir_1751nm","swir_1745nm","swir_1672nm","swir_1633nm","swir_1790nm","swir_1638nm","swir_1644nm","swir_1779nm","swir_1762nm","swir_1526nm"],["swir_1768nm","swir_1593nm","swir_2071nm","swir_1953nm","swir_2377nm","swir_2121nm","swir_2082nm","swir_2210nm","swir_1779nm","swir_2003nm","swir_2098nm","swir_2149nm","swir_2015nm","swir_2333nm","swir_2216nm"]],"p_covariate_given_topic_dominant":[[{"covariate":"P2","count":5,"p":1.0},{"covariate":"P1","count":0,"p":0.0},{"covariate":"P3","count":0,"p":0.0}],[],[{"covariate":"P3","count":17,"p":0.4473684210526316},{"covariate":"P2","count":14,"p":0.3684210526315789},{"covariate":"P1","count":7,"p":0.18421052631578946}],[{"covariate":"P2","count":5,"p":0.5},{"covariate":"P3","count":5,"p":0.5},{"covariate":"P1","count":0,"p":0.0}],[{"covariate":"P1","count":26,"p":0.5652173913043478},{"covariate":"P3","count":11,"p":0.2391304347826087},{"covariate":"P2","count":9,"p":0.1956521739130435}],[]],"docs_per_topic_dominant":[5,0,38,10,46,0],"perplexity_train":229.0285650172864,"mean_confidence":0.40878331661224365,"doc_names":["M1-0001__m0__01","M1-0002__m0__01","M1-0003__m0__01","M1-0004__m0__01","M1-0005__m0__01","M1-0006__m0__01","M1-0007__m0__01","M1-0008__m0__01","M1-0009__m0__01","M1-0010__m0__01","M1-0011__m0__01","M1-0012__m0__01","M1-0013__m0__01","M1-0014__m0__01","M1-0015__m0__01","M1-0016__m0__01","M1-0017__m0__01","M1-0018__m0__01","M1-0019__m0__01","M1-0020__m0__01","M1-0021__m0__01","M1-0022__m0__01","M1-0023__m0__01","M1-0024__m0__01","M1-0025__m0__01","M1-0026__m0__01","M1-0027__m0__01","M1-0028__m0__01","M1-0029__m0__01","M1-0030__m0__01","M1-0031__m0__01","M1-0032__m0__01","M1-0033__m0__01","M1-0034__m0__01","M1-0035__m0__01","M1-0036__m0__01","M1-0037__m0__01","M1-0038__m0__01","M1-0039__m0__01","M1-0040__m0__01","M1-0041__m0__01","M1-0042__m0__01","M1-0043__m0__01","M1-0044__m0__01","M1-0045__m0__01","M1-0046__m0__01","M1-0047__m0__01","M1-0048__m0__01","M1-0049__m0__01","M1-0050__m0__01","M1-0051__m0__01","M1-0052__m0__01","M1-0053__m0__01","M1-0054__m0__01","M1-0055__m0__01","M1-0056__m0__01","M1-0057__m0__01","M1-0058__m0__01","M1-0059__m0__01","M1-0060__m0__01","M1-0061__m0__01","M1-0062__m0__01","M1-0063__m0__01","M1-0064__m0__01","M1-0065__m0__01","M1-0066__m0__01","M1-0067__m0__01","M1-0068__m0__01","M1-0069__m0__01","M1-0070__m0__01","M1-0071__m0__01","M1-0072__m0__01","M1-0073__m0__01","M1-0074__m0__01","M1-0075__m0__01","M1-0076__m0__01","M1-0077__m0__01","M1-0078__m0__01","M1-0079__m0__01","M1-0080__m0__01","M1-0081__m0__01","M1-0082__m0__01","M1-0083__m0__01","M1-0084__m0__01","M1-0085__m0__01","M1-0086__m0__01","M1-0087__m0__01","M1-0088__m0__01","M1-0089__m0__01","M1-0090__m0__01","M1-0091__m0__01","M1-0092__m0__01","M1-0093__m0__01","M1-0094__m0__01","M1-0095__m0__01","M1-0096__m0__01","M1-0097__m0__01","M1-0098__m0__01","M1-0099__m0__01"],"sample_names":["M1-0001","M1-0002","M1-0003","M1-0004","M1-0005","M1-0006","M1-0007","M1-0008","M1-0009","M1-0010","M1-0011","M1-0012","M1-0013","M1-0014","M1-0015","M1-0016","M1-0017","M1-0018","M1-0019","M1-0020","M1-0021","M1-0022","M1-0023","M1-0024","M1-0025","M1-0026","M1-0027","M1-0028","M1-0029","M1-0030","M1-0031","M1-0032","M1-0033","M1-0034","M1-0035","M1-0036","M1-0037","M1-0038","M1-0039","M1-0040","M1-0041","M1-0042","M1-0043","M1-0044","M1-0045","M1-0046","M1-0047","M1-0048","M1-0049","M1-0050","M1-0051","M1-0052","M1-0053","M1-0054","M1-0055","M1-0056","M1-0057","M1-0058","M1-0059","M1-0060","M1-0061","M1-0062","M1-0063","M1-0064","M1-0065","M1-0066","M1-0067","M1-0068","M1-0069","M1-0070","M1-0071","M1-0072","M1-0073","M1-0074","M1-0075","M1-0076","M1-0077","M1-0078","M1-0079","M1-0080","M1-0081","M1-0082","M1-0083","M1-0084","M1-0085","M1-0086","M1-0087","M1-0088","M1-0089","M1-0090","M1-0091","M1-0092","M1-0093","M1-0094","M1-0095","M1-0096","M1-0097","M1-0098","M1-0099"],"covariates":["P1","P2","P3","P1","P2","P3","P1","P2","P3","P1","P2","P3","P1","P2","P3","P1","P2","P3","P1","P2","P3","P1","P2","P3","P1","P2","P3","P1","P2","P3","P1","P2","P3","P1","P2","P3","P1","P2","P3","P1","P2","P3","P1","P2","P3","P1","P2","P3","P1","P2","P3","P1","P2","P3","P1","P2","P3","P1","P2","P3","P1","P2","P3","P1","P2","P3","P1","P2","P3","P1","P2","P3","P1","P2","P3","P1","P2","P3","P1","P2","P3","P1","P2","P3","P1","P2","P3","P1","P2","P3","P1","P2","P3","P1","P2","P3","P1","P2","P3"],"theta_per_doc":[[0.1397,0.0007,0.0642,0.0128,0.7818,0.0007],[0.2196,0.001,0.2925,0.1698,0.316,0.001],[0.2452,0.0023,0.1142,0.3522,0.2838,0.0023],[0.1041,0.0005,0.0602,0.01,0.8247,0.0005],[0.1494,0.0986,0.212,0.3227,0.1193,0.098],[0.2255,0.0012,0.1885,0.3431,0.2405,0.0012],[0.1262,0.0007,0.043,0.0115,0.8179,0.0007],[0.2187,0.0021,0.2927,0.1684,0.3161,0.0021],[0.218,0.0012,0.2,0.336,0.2437,0.0012],[0.1723,0.0008,0.1298,0.0279,0.6684,0.0008],[0.0085,0.0053,0.0091,0.9646,0.0072,0.0053],[0.2284,0.0011,0.1903,0.2267,0.3524,0.0011],[0.1114,0.0006,0.0292,0.0052,0.8531,0.0006],[0.2187,0.0021,0.2927,0.1684,0.3161,0.0021],[0.2112,0.0012,0.2088,0.282,0.2956,0.0012],[0.0974,0.0008,0.0273,0.0031,0.8706,0.0008],[0.2001,0.1364,0.1962,0.1811,0.1601,0.1261],[0.2411,0.0012,0.1801,0.2963,0.2801,0.0012],[0.0592,0.0009,0.017,0.0022,0.9196,0.001],[0.1667,0.1667,0.1667,0.1667,0.1667,0.1667],[0.3049,0.0016,0.075,0.0852,0.5318,0.0016],[0.1317,0.0006,0.048,0.0063,0.8127,0.0006],[0.1667,0.1667,0.1667,0.1667,0.1667,0.1667],[0.2993,0.0019,0.0438,0.2192,0.434,0.0019],[0.1007,0.0005,0.0315,0.0042,0.8626,0.0005],[0.3238,0.0071,0.0128,0.0137,0.6353,0.0072],[0.2894,0.0014,0.0768,0.1099,0.5212,0.0014],[0.1153,0.0006,0.0397,0.0048,0.8389,0.0006],[0.2247,0.0011,0.1791,0.1734,0.4206,0.0011],[0.2587,0.0009,0.1498,0.1404,0.4492,0.001],[0.1322,0.0005,0.0507,0.0071,0.8092,0.0005],[0.1667,0.1667,0.1667,0.1667,0.1667,0.1667],[0.2532,0.0013,0.0765,0.1127,0.555,0.0013],[0.0779,0.0005,0.0267,0.0026,0.8917,0.0005],[0.1667,0.1667,0.1667,0.1667,0.1667,0.1667],[0.2047,0.0012,0.1971,0.3224,0.2734,0.0012],[0.2203,0.0002,0.2966,0.1985,0.2842,0.0002],[0.2054,0.0002,0.3281,0.3194,0.1466,0.0002],[0.2252,0.0002,0.3084,0.2496,0.2164,0.0002],[0.2235,0.0002,0.2796,0.1961,0.3004,0.0002],[0.2104,0.0003,0.3265,0.2713,0.1913,0.0003],[0.2248,0.0002,0.31,0.261,0.2037,0.0002],[0.2254,0.0002,0.2954,0.2279,0.251,0.0002],[0.207,0.0002,0.3217,0.3271,0.1438,0.0002],[0.2063,0.0002,0.3225,0.2736,0.1971,0.0002],[0.2188,0.0002,0.2982,0.2107,0.2719,0.0002],[0.2174,0.0002,0.3152,0.3133,0.1536,0.0002],[0.2253,0.0002,0.3073,0.2487,0.2182,0.0002],[0.2203,0.0002,0.2924,0.171,0.3159,0.0002],[0.201,0.0003,0.3381,0.3304,0.13,0.0003],[0.2138,0.0002,0.3208,0.2422,0.2227,0.0002],[0.2205,0.0002,0.3157,0.2431,0.2203,0.0002],[0.2096,0.0002,0.3339,0.2733,0.1827,0.0002],[0.2298,0.0002,0.2957,0.2561,0.218,0.0002],[0.2232,0.0002,0.2803,0.1979,0.2982,0.0002],[0.2102,0.0002,0.3335,0.2724,0.1834,0.0003],[0.2243,0.0002,0.2982,0.2514,0.2256,0.0002],[0.2224,0.0002,0.2754,0.1837,0.3181,0.0002],[0.208,0.0003,0.3415,0.3084,0.1417,0.0003],[0.2171,0.0002,0.3217,0.2401,0.2206,0.0002],[0.2225,0.0002,0.2803,0.1925,0.3043,0.0002],[0.2024,0.0002,0.3277,0.3253,0.1442,0.0002],[0.2194,0.0002,0.3085,0.2893,0.1824,0.0002],[0.22,0.0002,0.3025,0.1833,0.2938,0.0002],[0.2068,0.0002,0.3312,0.3295,0.132,0.0002],[0.2229,0.0002,0.3141,0.2582,0.2044,0.0002],[0.2203,0.0002,0.2924,0.171,0.3159,0.0002],[0.2076,0.0002,0.3338,0.2913,0.1668,0.0002],[0.2163,0.0002,0.3263,0.2767,0.1802,0.0002],[0.2203,0.0002,0.2924,0.171,0.3159,0.0002],[0.2065,0.0002,0.3323,0.3231,0.1375,0.0002],[0.2094,0.0002,0.3154,0.2666,0.2081,0.0002],[0.2194,0.0002,0.2864,0.1956,0.2981,0.0002],[0.216,0.0003,0.3198,0.2665,0.1972,0.0003],[0.2259,0.0002,0.3082,0.2501,0.2152,0.0002],[0.2003,0.0002,0.182,0.0705,0.5466,0.0003],[0.2136,0.0003,0.2698,0.1732,0.3427,0.0004],[0.2145,0.0003,0.2202,0.1416,0.423,0.0003],[0.2258,0.0002,0.296,0.2582,0.2197,0.0002],[0.2047,0.0003,0.3187,0.3397,0.1363,0.0003],[0.2152,0.0002,0.3028,0.2947,0.1868,0.0002],[0.1964,0.0003,0.1646,0.0673,0.5711,0.0003],[0.2062,0.0004,0.261,0.1818,0.3503,0.0004],[0.2088,0.0003,0.2001,0.1121,0.4783,0.0003],[0.2205,0.0002,0.3076,0.2102,0.2612,0.0002],[0.1789,0.0003,0.3649,0.3707,0.0849,0.0003],[0.2096,0.0002,0.3145,0.3124,0.163,0.0002],[0.1835,0.0003,0.1686,0.0664,0.5809,0.0003],[0.2223,0.0004,0.2834,0.193,0.3005,0.0004],[0.2166,0.0003,0.2131,0.1219,0.4477,0.0003],[0.2259,0.0002,0.2828,0.1993,0.2915,0.0002],[0.2226,0.0003,0.3123,0.2793,0.1852,0.0003],[0.2179,0.0002,0.2983,0.2929,0.1905,0.0002],[0.1909,0.0002,0.1774,0.0607,0.5705,0.0002],[0.2123,0.0004,0.2514,0.1483,0.3873,0.0004],[0.2205,0.0003,0.203,0.1122,0.4637,0.0003],[0.2203,0.0002,0.2924,0.171,0.3159,0.0002],[0.217,0.0003,0.3168,0.3071,0.1586,0.0003],[0.2116,0.0002,0.3208,0.2721,0.195,0.0002]],"lda_config":{"method":"sklearn.LatentDirichletAllocation online","max_iter":60,"doc_topic_prior":0.45,"topic_word_prior":0.2,"random_state":42,"wordification":"band-frequency","quantization_scale":12},"generated_at":"2026-05-14T01:09:43Z","builder_version":"build_band_masked_topic_models_hidsag v0.1"}