{"scene_id":"botswana","method":"cae_2d_8","n_seeds":30,"latent_dim":8,"samples_per_class":220,"ari_vs_gt_per_seed":[0.390137,0.399949,0.397123,0.397648,0.399545,0.395916,0.392953,0.413618,0.397346,0.420204,0.383809,0.391769,0.415223,0.392215,0.398077,0.384992,0.400697,0.374292,0.384251,0.398801,0.400844,0.418817,0.386155,0.405969,0.389487,0.377669,0.378746,0.395557,0.381566,0.399963],"ari_vs_gt_summary":{"mean":0.395445,"std":0.011432,"min":0.374292,"max":0.420204},"seed_pair_ari":[[1.0,0.766342,0.592396,0.88435,0.826513,0.826545,0.706819,0.683442,0.84941,0.691976,0.713725,0.612879,0.6243,0.802833,0.794255,0.652104,0.743879,0.752178,0.780019,0.642614,0.792061,0.712733,0.712805,0.68691,0.774609,0.667483,0.706569,0.807699,0.715009,0.630742],[0.766342,1.0,0.692089,0.696245,0.71356,0.722005,0.671121,0.767679,0.841862,0.654428,0.603686,0.685027,0.714865,0.736831,0.761858,0.676173,0.758666,0.619008,0.635101,0.71789,0.690919,0.656421,0.613778,0.782529,0.620982,0.723631,0.609182,0.841156,0.608087,0.680061],[0.592396,0.692089,1.0,0.594646,0.56259,0.550985,0.662328,0.670536,0.640502,0.554228,0.711114,0.797187,0.683651,0.578821,0.648817,0.760786,0.715318,0.683524,0.68208,0.821119,0.558813,0.553298,0.723151,0.673972,0.68046,0.582774,0.737507,0.642812,0.742529,0.823841],[0.88435,0.696245,0.594646,1.0,0.820159,0.799743,0.741301,0.65357,0.802486,0.678796,0.73709,0.63329,0.642656,0.7889,0.829998,0.681318,0.798134,0.792325,0.809544,0.649867,0.751162,0.717798,0.73134,0.649526,0.816074,0.620035,0.718854,0.759957,0.73096,0.649737],[0.826513,0.71356,0.56259,0.820159,1.0,0.924407,0.681436,0.797868,0.787367,0.755282,0.681883,0.620427,0.707274,0.920728,0.757358,0.640622,0.670227,0.742739,0.77616,0.614677,0.872379,0.761437,0.694348,0.772543,0.751105,0.671647,0.692604,0.766777,0.684556,0.606525],[0.826545,0.722005,0.550985,0.799743,0.924407,1.0,0.660299,0.785227,0.778972,0.775153,0.680551,0.597025,0.697182,0.895309,0.726666,0.616981,0.64941,0.723213,0.759745,0.599873,0.891317,0.766784,0.673206,0.784144,0.744989,0.683361,0.673178,0.764584,0.682019,0.588993],[0.706819,0.671121,0.662328,0.741301,0.681436,0.660299,1.0,0.594801,0.747064,0.587082,0.785017,0.726468,0.655614,0.693674,0.813589,0.799111,0.676373,0.749508,0.721235,0.708043,0.631373,0.598233,0.801515,0.599453,0.734712,0.573941,0.764654,0.718681,0.763223,0.692732],[0.683442,0.767679,0.670536,0.65357,0.797868,0.785227,0.594801,1.0,0.703265,0.71058,0.536139,0.643696,0.825203,0.804024,0.661965,0.612883,0.762671,0.594232,0.619319,0.672324,0.749507,0.719445,0.546845,0.914804,0.593897,0.65097,0.544648,0.700256,0.535922,0.714053],[0.84941,0.841862,0.640502,0.802486,0.787367,0.778972,0.747064,0.703265,1.0,0.696287,0.683595,0.658007,0.653048,0.788606,0.855938,0.694372,0.729565,0.709465,0.712933,0.662466,0.752633,0.709176,0.697352,0.713244,0.705528,0.729455,0.68558,0.910199,0.685662,0.642126],[0.691976,0.654428,0.554228,0.678796,0.755282,0.775153,0.587082,0.71058,0.696287,1.0,0.597385,0.572592,0.619976,0.723006,0.632189,0.569353,0.611117,0.630107,0.659808,0.574751,0.798598,0.907301,0.586742,0.705968,0.647247,0.659839,0.599416,0.680696,0.605136,0.560571],[0.713725,0.603686,0.711114,0.73709,0.681883,0.680551,0.785017,0.536139,0.683595,0.597385,1.0,0.742543,0.567834,0.662689,0.705639,0.813082,0.590703,0.818149,0.823164,0.736585,0.670965,0.595631,0.926586,0.537064,0.831582,0.570028,0.882708,0.666644,0.918335,0.712717],[0.612879,0.685027,0.797187,0.63329,0.620427,0.597025,0.726468,0.643696,0.658007,0.572592,0.742543,1.0,0.648714,0.62873,0.697269,0.867932,0.671202,0.764249,0.750229,0.803762,0.595835,0.584613,0.757272,0.640473,0.744517,0.554601,0.792185,0.654171,0.756134,0.787254],[0.6243,0.714865,0.683651,0.642656,0.707274,0.697182,0.655614,0.825203,0.653048,0.619976,0.567834,0.648714,1.0,0.729608,0.707321,0.637699,0.744308,0.601941,0.620341,0.715127,0.645416,0.606702,0.582062,0.844713,0.611912,0.608439,0.567925,0.642735,0.561147,0.735138],[0.802833,0.736831,0.578821,0.7889,0.920728,0.895309,0.693674,0.804024,0.788606,0.723006,0.662689,0.62873,0.729608,1.0,0.767178,0.655851,0.692636,0.725529,0.74475,0.630438,0.835939,0.72506,0.681462,0.800961,0.715925,0.669183,0.668354,0.787861,0.659475,0.62176],[0.794255,0.761858,0.648817,0.829998,0.757358,0.726666,0.813589,0.661965,0.855938,0.632189,0.705639,0.697269,0.707321,0.767178,1.0,0.747362,0.753715,0.74853,0.732688,0.690601,0.691922,0.663979,0.728401,0.663796,0.730304,0.653672,0.70612,0.824829,0.69901,0.67617],[0.652104,0.676173,0.760786,0.681318,0.640622,0.616981,0.799111,0.612883,0.694372,0.569353,0.813082,0.867932,0.637699,0.655851,0.747362,1.0,0.676996,0.805739,0.79042,0.817042,0.609019,0.584629,0.841214,0.60994,0.799474,0.555346,0.816519,0.679826,0.791301,0.808762],[0.743879,0.758666,0.715318,0.798134,0.670227,0.64941,0.676373,0.762671,0.729565,0.611117,0.590703,0.671202,0.744308,0.692636,0.753715,0.676996,1.0,0.663116,0.652932,0.734892,0.618127,0.65101,0.610318,0.781579,0.651961,0.580822,0.589537,0.709767,0.584379,0.751036],[0.752178,0.619008,0.683524,0.792325,0.742739,0.723213,0.749508,0.594232,0.709465,0.630107,0.818149,0.764249,0.601941,0.725529,0.74853,0.805739,0.663116,1.0,0.903736,0.738477,0.708681,0.657585,0.821462,0.590082,0.890758,0.5728,0.82805,0.692462,0.815902,0.733344],[0.780019,0.635101,0.68208,0.809544,0.77616,0.759745,0.721235,0.619319,0.712933,0.659808,0.823164,0.750229,0.620341,0.74475,0.732688,0.79042,0.652932,0.903736,1.0,0.77195,0.738566,0.678966,0.815545,0.608349,0.938318,0.584777,0.820861,0.690021,0.825479,0.76833],[0.642614,0.71789,0.821119,0.649867,0.614677,0.599873,0.708043,0.672324,0.662466,0.574751,0.736585,0.803762,0.715127,0.630438,0.690601,0.817042,0.734892,0.738477,0.77195,1.0,0.591783,0.578785,0.745705,0.678517,0.797821,0.553962,0.734369,0.649626,0.725716,0.913766],[0.792061,0.690919,0.558813,0.751162,0.872379,0.891317,0.631373,0.749507,0.752633,0.798598,0.670965,0.595835,0.645416,0.835939,0.691922,0.609019,0.618127,0.708681,0.738566,0.591783,1.0,0.774068,0.670888,0.734843,0.722211,0.728531,0.675182,0.753288,0.677619,0.574491],[0.712733,0.656421,0.553298,0.717798,0.761437,0.766784,0.598233,0.719445,0.709176,0.907301,0.595631,0.584613,0.606702,0.72506,0.663979,0.584629,0.65101,0.657585,0.678966,0.578785,0.774068,1.0,0.593027,0.689513,0.667566,0.641175,0.601118,0.69461,0.604813,0.576762],[0.712805,0.613778,0.723151,0.73134,0.694348,0.673206,0.801515,0.546845,0.697352,0.586742,0.926586,0.757272,0.582062,0.681462,0.728401,0.841214,0.610318,0.821462,0.815545,0.745705,0.670888,0.593027,1.0,0.548437,0.830022,0.569548,0.885605,0.678541,0.913521,0.730897],[0.68691,0.782529,0.673972,0.649526,0.772543,0.784144,0.599453,0.914804,0.713244,0.705968,0.537064,0.640473,0.844713,0.800961,0.663796,0.60994,0.781579,0.590082,0.608349,0.678517,0.734843,0.689513,0.548437,1.0,0.584086,0.650415,0.545028,0.710525,0.537165,0.696718],[0.774609,0.620982,0.68046,0.816074,0.751105,0.744989,0.734712,0.593897,0.705528,0.647247,0.831582,0.744517,0.611912,0.715925,0.730304,0.799474,0.651961,0.890758,0.938318,0.797821,0.722211,0.667566,0.830022,0.584086,1.0,0.574535,0.819513,0.680864,0.826223,0.800172],[0.667483,0.723631,0.582774,0.620035,0.671647,0.683361,0.573941,0.65097,0.729455,0.659839,0.570028,0.554601,0.608439,0.669183,0.653672,0.555346,0.580822,0.5728,0.584777,0.553962,0.728531,0.641175,0.569548,0.650415,0.574535,1.0,0.574754,0.76046,0.581912,0.544482],[0.706569,0.609182,0.737507,0.718854,0.692604,0.673178,0.764654,0.544648,0.68558,0.599416,0.882708,0.792185,0.567925,0.668354,0.70612,0.816519,0.589537,0.82805,0.820861,0.734369,0.675182,0.601118,0.885605,0.545028,0.819513,0.574754,1.0,0.671753,0.915449,0.712593],[0.807699,0.841156,0.642812,0.759957,0.766777,0.764584,0.718681,0.700256,0.910199,0.680696,0.666644,0.654171,0.642735,0.787861,0.824829,0.679826,0.709767,0.692462,0.690021,0.649626,0.753288,0.69461,0.678541,0.710525,0.680864,0.76046,0.671753,1.0,0.670896,0.623163],[0.715009,0.608087,0.742529,0.73096,0.684556,0.682019,0.763223,0.535922,0.685662,0.605136,0.918335,0.756134,0.561147,0.659475,0.69901,0.791301,0.584379,0.815902,0.825479,0.725716,0.677619,0.604813,0.913521,0.537165,0.826223,0.581912,0.915449,0.670896,1.0,0.703142],[0.630742,0.680061,0.823841,0.649737,0.606525,0.588993,0.692732,0.714053,0.642126,0.560571,0.712717,0.787254,0.735138,0.62176,0.67617,0.808762,0.751036,0.733344,0.76833,0.913766,0.574491,0.576762,0.730897,0.696718,0.800172,0.544482,0.712593,0.623163,0.703142,1.0]],"seed_pair_procrustes_dist":[[0.0,0.053187,0.093472,0.057951,0.079809,0.076561,0.077479,0.092224,0.058633,0.073253,0.070581,0.094106,0.074213,0.081488,0.067118,0.078481,0.073197,0.068299,0.057866,0.055177,0.08304,0.071713,0.070138,0.08931,0.047746,0.100004,0.111388,0.072703,0.096908,0.072009],[0.053187,0.0,0.093041,0.053062,0.074229,0.067715,0.076511,0.069731,0.048224,0.083408,0.079398,0.08157,0.069835,0.062803,0.066302,0.078528,0.067353,0.087526,0.051366,0.073567,0.083447,0.066437,0.079831,0.087263,0.058647,0.079545,0.106951,0.067556,0.104686,0.067411],[0.093472,0.093041,0.0,0.06348,0.103339,0.143935,0.063069,0.104995,0.065498,0.089271,0.080761,0.052024,0.125294,0.093267,0.053706,0.054077,0.068407,0.055698,0.088539,0.082603,0.134739,0.078685,0.068617,0.124385,0.063826,0.129342,0.049729,0.100221,0.061741,0.053285],[0.057951,0.053062,0.06348,0.0,0.086197,0.103889,0.049569,0.087569,0.040733,0.071806,0.054004,0.060898,0.095794,0.075176,0.04494,0.053368,0.054151,0.057801,0.06284,0.060782,0.103541,0.055605,0.050175,0.109031,0.041502,0.106597,0.073095,0.085209,0.069275,0.045906],[0.079809,0.074229,0.103339,0.086197,0.0,0.077397,0.102865,0.045738,0.077169,0.065086,0.118402,0.104157,0.069388,0.044953,0.086759,0.10899,0.101801,0.099856,0.064142,0.096585,0.070598,0.087368,0.109038,0.059061,0.087509,0.058007,0.127815,0.079713,0.132382,0.080612],[0.076561,0.067715,0.143935,0.103889,0.077397,0.0,0.120686,0.078955,0.097327,0.102487,0.124626,0.137624,0.063041,0.084249,0.114739,0.133455,0.117923,0.127784,0.078988,0.106343,0.052691,0.110094,0.12813,0.079802,0.103643,0.066015,0.161951,0.092628,0.156896,0.110825],[0.077479,0.076511,0.063069,0.049569,0.102865,0.120686,0.0,0.103984,0.058323,0.090566,0.051075,0.065975,0.114138,0.0952,0.056668,0.056853,0.061671,0.063758,0.075987,0.064703,0.114687,0.072203,0.056476,0.130034,0.053291,0.122523,0.070987,0.096804,0.060646,0.04325],[0.092224,0.069731,0.104995,0.087569,0.045738,0.078955,0.103984,0.0,0.07233,0.083422,0.123422,0.106956,0.080904,0.049355,0.093104,0.11282,0.100488,0.109112,0.066423,0.10581,0.066785,0.091176,0.116853,0.074927,0.093274,0.042903,0.127691,0.086025,0.139454,0.079799],[0.058633,0.048224,0.065498,0.040733,0.077169,0.097327,0.058323,0.07233,0.0,0.079604,0.068953,0.064912,0.092361,0.068197,0.0475,0.058604,0.054994,0.064403,0.055987,0.063834,0.096,0.056947,0.061263,0.099244,0.041339,0.094186,0.07894,0.077248,0.082106,0.043914],[0.073253,0.083408,0.089271,0.071806,0.065086,0.102487,0.090566,0.083422,0.079604,0.0,0.096914,0.09196,0.076287,0.063934,0.073323,0.099873,0.096058,0.070117,0.073195,0.074222,0.089019,0.08741,0.091578,0.074896,0.074674,0.097635,0.109057,0.102474,0.106972,0.074151],[0.070581,0.079398,0.080761,0.054004,0.118402,0.124626,0.051075,0.123422,0.068953,0.096914,0.0,0.074598,0.115266,0.111796,0.066159,0.061167,0.058099,0.066928,0.083669,0.056647,0.123768,0.073821,0.047516,0.137329,0.05575,0.140729,0.085607,0.100084,0.055121,0.070261],[0.094106,0.08157,0.052024,0.060898,0.104157,0.137624,0.065975,0.106956,0.064912,0.09196,0.074598,0.0,0.11079,0.087206,0.04761,0.046572,0.059824,0.07518,0.081608,0.085023,0.135647,0.065647,0.060798,0.120828,0.066732,0.130026,0.056503,0.089444,0.063651,0.063812],[0.074213,0.069835,0.125294,0.095794,0.069388,0.063041,0.114138,0.080904,0.092361,0.076287,0.115266,0.11079,0.0,0.062084,0.094966,0.11807,0.098946,0.109155,0.058636,0.088801,0.070294,0.088689,0.111538,0.046821,0.09351,0.07909,0.144153,0.079848,0.135609,0.104],[0.081488,0.062803,0.093267,0.075176,0.044953,0.084249,0.0952,0.049355,0.068197,0.063934,0.111796,0.087206,0.062084,0.0,0.077248,0.0976,0.086547,0.095766,0.053258,0.093709,0.077563,0.074082,0.100835,0.062637,0.08331,0.061935,0.114324,0.077332,0.121269,0.072224],[0.067118,0.066302,0.053706,0.04494,0.086759,0.114739,0.056668,0.093104,0.0475,0.073323,0.066159,0.04761,0.094966,0.077248,0.0,0.042046,0.05913,0.05562,0.06829,0.060529,0.113709,0.060446,0.047444,0.102907,0.041017,0.113408,0.062357,0.07743,0.063315,0.050044],[0.078481,0.078528,0.054077,0.053368,0.10899,0.133455,0.056853,0.11282,0.058604,0.099873,0.061167,0.046572,0.11807,0.0976,0.042046,0.0,0.052938,0.065689,0.082365,0.072971,0.134989,0.063285,0.044879,0.129714,0.049996,0.133235,0.055112,0.085297,0.050346,0.060832],[0.073197,0.067353,0.068407,0.054151,0.101801,0.117923,0.061671,0.100488,0.054994,0.096058,0.058099,0.059824,0.098946,0.086547,0.05913,0.052938,0.0,0.073091,0.059855,0.064807,0.116343,0.0499,0.056687,0.115363,0.054923,0.117934,0.08299,0.07558,0.066162,0.065531],[0.068299,0.087526,0.055698,0.057801,0.099856,0.127784,0.063758,0.109112,0.064403,0.070117,0.066928,0.07518,0.109155,0.095766,0.05562,0.065689,0.073091,0.0,0.083365,0.055424,0.117167,0.082932,0.062474,0.115242,0.048279,0.128605,0.073553,0.104354,0.064681,0.058567],[0.057866,0.051366,0.088539,0.06284,0.064142,0.078988,0.075987,0.066423,0.055987,0.073195,0.083669,0.081608,0.058636,0.053258,0.06829,0.082365,0.059855,0.083365,0.0,0.065481,0.073713,0.050789,0.078803,0.076779,0.063574,0.078668,0.111456,0.057397,0.101307,0.066991],[0.055177,0.073567,0.082603,0.060782,0.096585,0.106343,0.064703,0.10581,0.063834,0.074222,0.056647,0.085023,0.088801,0.093709,0.060529,0.072971,0.064807,0.055424,0.065481,0.0,0.098331,0.074725,0.059449,0.106689,0.04632,0.121136,0.098498,0.085902,0.074104,0.069109],[0.08304,0.083447,0.134739,0.103541,0.070598,0.052691,0.114687,0.066785,0.096,0.089019,0.123768,0.135647,0.070294,0.077563,0.113709,0.134989,0.116343,0.117167,0.073713,0.098331,0.0,0.109977,0.128045,0.082097,0.104821,0.06003,0.159416,0.103807,0.154187,0.103693],[0.071713,0.066437,0.078685,0.055605,0.087368,0.110094,0.072203,0.091176,0.056947,0.08741,0.073821,0.065647,0.088689,0.074082,0.060446,0.063285,0.0499,0.082932,0.050789,0.074725,0.109977,0.0,0.058396,0.104716,0.062437,0.108989,0.092234,0.071551,0.081677,0.068147],[0.070138,0.079831,0.068617,0.050175,0.109038,0.12813,0.056476,0.116853,0.061263,0.091578,0.047516,0.060798,0.111538,0.100835,0.047444,0.044879,0.056687,0.062474,0.078803,0.059449,0.128045,0.058396,0.0,0.129038,0.046926,0.138561,0.069623,0.089548,0.047239,0.065864],[0.08931,0.087263,0.124385,0.109031,0.059061,0.079802,0.130034,0.074927,0.099244,0.074896,0.137329,0.120828,0.046821,0.062637,0.102907,0.129714,0.115363,0.115242,0.076779,0.106689,0.082097,0.104716,0.129038,0.0,0.102419,0.074531,0.146753,0.091127,0.14723,0.109119],[0.047746,0.058647,0.063826,0.041502,0.087509,0.103643,0.053291,0.093274,0.041339,0.074674,0.05575,0.066732,0.09351,0.08331,0.041017,0.049996,0.054923,0.048279,0.063574,0.04632,0.104821,0.062437,0.046926,0.102419,0.0,0.111652,0.07653,0.080475,0.066369,0.04901],[0.100004,0.079545,0.129342,0.106597,0.058007,0.066015,0.122523,0.042903,0.094186,0.097635,0.140729,0.130026,0.07909,0.061935,0.113408,0.133235,0.117934,0.128605,0.078668,0.121136,0.06003,0.108989,0.138561,0.074531,0.111652,0.0,0.152757,0.0941,0.159887,0.099179],[0.111388,0.106951,0.049729,0.073095,0.127815,0.161951,0.070987,0.127691,0.07894,0.109057,0.085607,0.056503,0.144153,0.114324,0.062357,0.055112,0.08299,0.073553,0.111456,0.098498,0.159416,0.092234,0.069623,0.146753,0.07653,0.152757,0.0,0.123443,0.059458,0.072622],[0.072703,0.067556,0.100221,0.085209,0.079713,0.092628,0.096804,0.086025,0.077248,0.102474,0.100084,0.089444,0.079848,0.077332,0.07743,0.085297,0.07558,0.104354,0.057397,0.085902,0.103807,0.071551,0.089548,0.091127,0.080475,0.0941,0.123443,0.0,0.112196,0.087961],[0.096908,0.104686,0.061741,0.069275,0.132382,0.156896,0.060646,0.139454,0.082106,0.106972,0.055121,0.063651,0.135609,0.121269,0.063315,0.050346,0.066162,0.064681,0.101307,0.074104,0.154187,0.081677,0.047239,0.14723,0.066369,0.159887,0.059458,0.112196,0.0,0.075979],[0.072009,0.067411,0.053285,0.045906,0.080612,0.110825,0.04325,0.079799,0.043914,0.074151,0.070261,0.063812,0.104,0.072224,0.050044,0.060832,0.065531,0.058567,0.066991,0.069109,0.103693,0.068147,0.065864,0.109119,0.04901,0.099179,0.072622,0.087961,0.075979,0.0]],"off_diagonal_summary":{"ari_mean":0.702502,"ari_min":0.535922,"ari_std":0.087777,"procrustes_mean":0.082921,"procrustes_max":0.161951},"framework_axis":"B-6 follow-up: deep-method seed stability for CAE-1D \u2014 pairwise cluster ARI + Procrustes between latent embeddings across N_SEEDS torch initialisations","generated_at":"2026-05-09T18:18:26Z","builder_version":"build_deep_seed_stability v0.1"}