{"scene_id":"botswana","method":"cae_3d_8","n_seeds":30,"latent_dim":8,"samples_per_class":220,"ari_vs_gt_per_seed":[0.300895,0.340136,0.345982,0.308064,0.302107,0.300279,0.316446,0.324129,0.304777,0.304275,0.299727,0.303119,0.299654,0.347671,0.319917,0.328086,0.312807,0.295968,0.296403,0.31258,0.308263,0.314052,0.310425,0.307248,0.307419,0.362648,0.30582,0.314674,0.330454,0.311303],"ari_vs_gt_summary":{"mean":0.314511,"std":0.016231,"min":0.295968,"max":0.362648},"seed_pair_ari":[[1.0,0.462285,0.497331,0.543621,0.814556,0.684838,0.731862,0.657592,0.680157,0.813871,0.730957,0.669381,0.684947,0.510675,0.782512,0.532929,0.614277,0.639036,0.655394,0.664815,0.635121,0.746912,0.651688,0.694432,0.804686,0.480109,0.69023,0.680957,0.538191,0.598697],[0.462285,1.0,0.5657,0.580835,0.475208,0.477976,0.496748,0.530826,0.509313,0.474048,0.479315,0.509133,0.507099,0.598262,0.497151,0.461474,0.480399,0.484503,0.484296,0.472329,0.529405,0.495881,0.520421,0.517737,0.472936,0.558998,0.483045,0.510611,0.547983,0.445625],[0.497331,0.5657,1.0,0.582026,0.521312,0.521822,0.523072,0.546125,0.501509,0.51692,0.54264,0.560337,0.535825,0.75587,0.509093,0.647546,0.579468,0.531549,0.510102,0.587588,0.545303,0.555457,0.627166,0.587227,0.524193,0.759422,0.560719,0.542783,0.608718,0.55828],[0.543621,0.580835,0.582026,1.0,0.550808,0.557181,0.575247,0.543156,0.601145,0.55536,0.56331,0.584927,0.614679,0.585748,0.565836,0.507365,0.598901,0.57529,0.579814,0.543829,0.65723,0.578215,0.646217,0.645659,0.554585,0.546859,0.601493,0.5588,0.615653,0.524823],[0.814556,0.475208,0.521312,0.550808,1.0,0.69527,0.738529,0.669631,0.628048,0.790514,0.772136,0.669596,0.677108,0.527735,0.766419,0.571581,0.664042,0.648726,0.671736,0.70852,0.645389,0.753986,0.655628,0.682232,0.822707,0.494008,0.705353,0.682952,0.526092,0.636949],[0.684838,0.477976,0.521822,0.557181,0.69527,1.0,0.63827,0.575394,0.653062,0.64533,0.74848,0.725535,0.704272,0.54734,0.635649,0.54582,0.622256,0.678995,0.687734,0.673431,0.644724,0.665471,0.674858,0.69266,0.662641,0.501731,0.684695,0.649214,0.528344,0.610526],[0.731862,0.496748,0.523072,0.575247,0.738529,0.63827,1.0,0.69929,0.60247,0.718532,0.678122,0.591291,0.628312,0.526221,0.785864,0.534942,0.607046,0.587874,0.603508,0.622696,0.631256,0.672139,0.631596,0.630966,0.732216,0.502071,0.650904,0.685998,0.571084,0.571326],[0.657592,0.530826,0.546125,0.543156,0.669631,0.575394,0.69929,1.0,0.551388,0.673318,0.609161,0.542777,0.584389,0.551537,0.680996,0.533055,0.576726,0.542449,0.549968,0.571692,0.565283,0.638405,0.58614,0.576671,0.684135,0.543741,0.591653,0.663167,0.538934,0.578961],[0.680157,0.509313,0.501509,0.601145,0.628048,0.653062,0.60247,0.551388,1.0,0.648135,0.653583,0.699002,0.760484,0.538355,0.651612,0.493527,0.56251,0.619571,0.683618,0.607029,0.743915,0.611532,0.696514,0.719447,0.627517,0.488456,0.629763,0.551129,0.545771,0.584664],[0.813871,0.474048,0.51692,0.55536,0.790514,0.64533,0.718532,0.673318,0.648135,1.0,0.712469,0.640103,0.668604,0.523585,0.783616,0.551416,0.650753,0.649329,0.65557,0.674328,0.644421,0.781737,0.674886,0.702582,0.833214,0.494289,0.724153,0.652953,0.551319,0.637525],[0.730957,0.479315,0.54264,0.56331,0.772136,0.74848,0.678122,0.609161,0.653583,0.712469,1.0,0.709759,0.741766,0.555523,0.700796,0.586883,0.68502,0.734328,0.75891,0.707999,0.667112,0.719495,0.677961,0.718127,0.759967,0.52015,0.767389,0.651897,0.535792,0.650486],[0.669381,0.509133,0.560337,0.584927,0.669596,0.725535,0.591291,0.542777,0.699002,0.640103,0.709759,1.0,0.749341,0.575368,0.627813,0.565951,0.632268,0.724462,0.711626,0.721768,0.730172,0.671926,0.740468,0.795894,0.649796,0.517842,0.719727,0.59238,0.571716,0.609792],[0.684947,0.507099,0.535825,0.614679,0.677108,0.704272,0.628312,0.584389,0.760484,0.668604,0.741766,0.749341,1.0,0.563212,0.671318,0.528416,0.630248,0.683436,0.741335,0.654897,0.751685,0.643728,0.7288,0.773116,0.676243,0.523599,0.689298,0.597609,0.549738,0.643231],[0.510675,0.598262,0.75587,0.585748,0.527735,0.54734,0.526221,0.551537,0.538355,0.523585,0.555523,0.575368,0.563212,1.0,0.52645,0.573562,0.560858,0.535175,0.539503,0.576471,0.577016,0.556747,0.639024,0.600062,0.52819,0.774045,0.556668,0.55424,0.604092,0.524211],[0.782512,0.497151,0.509093,0.565836,0.766419,0.635649,0.785864,0.680996,0.651612,0.783616,0.700796,0.627813,0.671318,0.52645,1.0,0.533033,0.623302,0.635647,0.659973,0.6518,0.671542,0.707499,0.640513,0.673399,0.785514,0.502232,0.686241,0.66033,0.575644,0.589822],[0.532929,0.461474,0.647546,0.507365,0.571581,0.54582,0.534942,0.533055,0.493527,0.551416,0.586883,0.565951,0.528416,0.573562,0.533033,1.0,0.654018,0.570315,0.545159,0.661026,0.525264,0.628701,0.599339,0.582045,0.55878,0.577479,0.622521,0.526325,0.554531,0.668868],[0.614277,0.480399,0.579468,0.598901,0.664042,0.622256,0.607046,0.576726,0.56251,0.650753,0.68502,0.632268,0.630248,0.560858,0.623302,0.654018,1.0,0.687384,0.675471,0.688413,0.616483,0.699858,0.662044,0.674559,0.651306,0.530416,0.746607,0.600082,0.55801,0.675616],[0.639036,0.484503,0.531549,0.57529,0.648726,0.678995,0.587874,0.542449,0.619571,0.649329,0.734328,0.724462,0.683436,0.535175,0.635647,0.570315,0.687384,1.0,0.750261,0.678599,0.676661,0.691575,0.684638,0.742139,0.66918,0.498298,0.75745,0.589612,0.5814,0.60481],[0.655394,0.484296,0.510102,0.579814,0.671736,0.687734,0.603508,0.549968,0.683618,0.65557,0.75891,0.711626,0.741335,0.539503,0.659973,0.545159,0.675471,0.750261,1.0,0.676923,0.717068,0.67724,0.688172,0.735046,0.681383,0.496359,0.755179,0.576011,0.523563,0.629855],[0.664815,0.472329,0.587588,0.543829,0.70852,0.673431,0.622696,0.571692,0.607029,0.674328,0.707999,0.721768,0.654897,0.576471,0.6518,0.661026,0.688413,0.678599,0.676923,1.0,0.655352,0.746993,0.717438,0.732798,0.687806,0.546938,0.749235,0.598273,0.555974,0.666514],[0.635121,0.529405,0.545303,0.65723,0.645389,0.644724,0.631256,0.565283,0.743915,0.644421,0.667112,0.730172,0.751685,0.577016,0.671542,0.525264,0.616483,0.676661,0.717068,0.655352,1.0,0.64392,0.727714,0.760627,0.654891,0.536418,0.678902,0.567185,0.609898,0.586425],[0.746912,0.495881,0.555457,0.578215,0.753986,0.665471,0.672139,0.638405,0.611532,0.781737,0.719495,0.671926,0.643728,0.556747,0.707499,0.628701,0.699858,0.691575,0.67724,0.746993,0.64392,1.0,0.692375,0.734387,0.761565,0.522479,0.794778,0.638572,0.575225,0.641156],[0.651688,0.520421,0.627166,0.646217,0.655628,0.674858,0.631596,0.58614,0.696514,0.674886,0.677961,0.740468,0.7288,0.639024,0.640513,0.599339,0.662044,0.684638,0.688172,0.717438,0.727714,0.692375,1.0,0.800056,0.648668,0.580344,0.70554,0.588899,0.619789,0.637722],[0.694432,0.517737,0.587227,0.645659,0.682232,0.69266,0.630966,0.576671,0.719447,0.702582,0.718127,0.795894,0.773116,0.600062,0.673399,0.582045,0.674559,0.742139,0.735046,0.732798,0.760627,0.734387,0.800056,1.0,0.68695,0.544173,0.768258,0.594978,0.615635,0.641698],[0.804686,0.472936,0.524193,0.554585,0.822707,0.662641,0.732216,0.684135,0.627517,0.833214,0.759967,0.649796,0.676243,0.52819,0.785514,0.55878,0.651306,0.66918,0.681383,0.687806,0.654891,0.761565,0.648668,0.68695,1.0,0.500319,0.71012,0.696046,0.553322,0.623189],[0.480109,0.558998,0.759422,0.546859,0.494008,0.501731,0.502071,0.543741,0.488456,0.494289,0.52015,0.517842,0.523599,0.774045,0.502232,0.577479,0.530416,0.498298,0.496359,0.546938,0.536418,0.522479,0.580344,0.544173,0.500319,1.0,0.531807,0.532161,0.581083,0.519607],[0.69023,0.483045,0.560719,0.601493,0.705353,0.684695,0.650904,0.591653,0.629763,0.724153,0.767389,0.719727,0.689298,0.556668,0.686241,0.622521,0.746607,0.75745,0.755179,0.749235,0.678902,0.794778,0.70554,0.768258,0.71012,0.531807,1.0,0.599054,0.554539,0.674305],[0.680957,0.510611,0.542783,0.5588,0.682952,0.649214,0.685998,0.663167,0.551129,0.652953,0.651897,0.59238,0.597609,0.55424,0.66033,0.526325,0.600082,0.589612,0.576011,0.598273,0.567185,0.638572,0.588899,0.594978,0.696046,0.532161,0.599054,1.0,0.543995,0.540818],[0.538191,0.547983,0.608718,0.615653,0.526092,0.528344,0.571084,0.538934,0.545771,0.551319,0.535792,0.571716,0.549738,0.604092,0.575644,0.554531,0.55801,0.5814,0.523563,0.555974,0.609898,0.575225,0.619789,0.615635,0.553322,0.581083,0.554539,0.543995,1.0,0.516495],[0.598697,0.445625,0.55828,0.524823,0.636949,0.610526,0.571326,0.578961,0.584664,0.637525,0.650486,0.609792,0.643231,0.524211,0.589822,0.668868,0.675616,0.60481,0.629855,0.666514,0.586425,0.641156,0.637722,0.641698,0.623189,0.519607,0.674305,0.540818,0.516495,1.0]],"seed_pair_procrustes_dist":[[0.0,0.198137,0.245948,0.206126,0.157552,0.177726,0.282637,0.256933,0.28824,0.269685,0.127692,0.099959,0.152362,0.167251,0.204635,0.233089,0.214179,0.265397,0.123605,0.089154,0.131398,0.129501,0.111354,0.154445,0.178127,0.198414,0.249127,0.165059,0.256197,0.20045],[0.198137,0.0,0.163842,0.190303,0.186053,0.185485,0.250743,0.20998,0.267406,0.261267,0.166324,0.16546,0.193389,0.198117,0.208232,0.214604,0.217474,0.239985,0.174611,0.178648,0.172301,0.168464,0.169042,0.181242,0.205957,0.146483,0.227548,0.149188,0.21138,0.226414],[0.245948,0.163842,0.0,0.170188,0.154279,0.176729,0.169133,0.152665,0.201345,0.182374,0.162472,0.191088,0.173623,0.246867,0.155712,0.111443,0.139842,0.175939,0.175047,0.190999,0.16041,0.148121,0.169239,0.14792,0.160358,0.128548,0.153722,0.148531,0.12714,0.160069],[0.206126,0.190303,0.170188,0.0,0.143679,0.193666,0.198812,0.150693,0.227837,0.170616,0.158213,0.170338,0.141044,0.232003,0.185848,0.198242,0.121558,0.200361,0.169317,0.193472,0.145784,0.156782,0.131901,0.146411,0.141057,0.173565,0.182252,0.160641,0.182646,0.168344],[0.157552,0.186053,0.154279,0.143679,0.0,0.108328,0.141435,0.145519,0.155595,0.141312,0.083255,0.122398,0.082521,0.240545,0.107398,0.151192,0.116198,0.143822,0.102754,0.140479,0.096297,0.110843,0.113399,0.094139,0.094167,0.180389,0.129744,0.115685,0.157958,0.132408],[0.177726,0.185485,0.176729,0.193666,0.108328,0.0,0.174177,0.199939,0.164063,0.196586,0.09498,0.12961,0.122221,0.255189,0.132483,0.182143,0.170958,0.147037,0.106811,0.151052,0.124821,0.143198,0.151363,0.123443,0.148172,0.20762,0.149096,0.118815,0.180953,0.181056],[0.282637,0.250743,0.169133,0.198812,0.141435,0.174177,0.0,0.132176,0.109289,0.103941,0.160226,0.209894,0.138566,0.307045,0.107696,0.158943,0.125969,0.129544,0.166146,0.222219,0.154221,0.164884,0.19091,0.133537,0.124983,0.202578,0.100571,0.157856,0.137027,0.151066],[0.256933,0.20998,0.152665,0.150693,0.145519,0.199939,0.132176,0.0,0.17137,0.122295,0.167428,0.200056,0.133033,0.271869,0.141417,0.163707,0.123209,0.17836,0.175299,0.218804,0.15016,0.161606,0.170227,0.14323,0.122925,0.16773,0.148087,0.16289,0.148628,0.133909],[0.28824,0.267406,0.201345,0.227837,0.155595,0.164063,0.109289,0.17137,0.0,0.11336,0.163206,0.209296,0.142923,0.324165,0.108978,0.17443,0.148575,0.116408,0.158023,0.227746,0.161663,0.170497,0.203149,0.138999,0.141611,0.234869,0.101888,0.172866,0.152505,0.162269],[0.269685,0.261267,0.182374,0.170616,0.141312,0.196586,0.103941,0.122295,0.11336,0.0,0.170203,0.206712,0.125357,0.303672,0.118731,0.162764,0.109183,0.140526,0.169699,0.223029,0.151424,0.155774,0.174706,0.124668,0.106401,0.209372,0.109312,0.176823,0.138084,0.126322],[0.127692,0.166324,0.162472,0.158213,0.083255,0.09498,0.160226,0.167428,0.163206,0.170203,0.0,0.101334,0.097455,0.21832,0.127138,0.16996,0.148255,0.166728,0.080864,0.116017,0.09783,0.115952,0.110412,0.105915,0.122155,0.17133,0.15492,0.105223,0.181352,0.156946],[0.099959,0.16546,0.191088,0.170338,0.122398,0.12961,0.209894,0.200056,0.209296,0.206712,0.101334,0.0,0.136966,0.18907,0.185371,0.210927,0.198707,0.211332,0.11606,0.10179,0.123948,0.135005,0.097932,0.140734,0.163906,0.196219,0.216431,0.142201,0.225493,0.201111],[0.152362,0.193389,0.173623,0.141044,0.082521,0.122221,0.138566,0.133033,0.142923,0.125357,0.097455,0.136966,0.0,0.2407,0.109607,0.169574,0.123216,0.161221,0.099175,0.15285,0.092878,0.116667,0.111254,0.088416,0.086402,0.17954,0.141254,0.121571,0.168631,0.118754],[0.167251,0.198117,0.246867,0.232003,0.240545,0.255189,0.307045,0.271869,0.324165,0.303672,0.21832,0.18907,0.2407,0.0,0.353543,0.337234,0.331213,0.414079,0.271077,0.188787,0.260247,0.256218,0.212604,0.296042,0.313643,0.220208,0.393785,0.276362,0.367844,0.323308],[0.204635,0.208232,0.155712,0.185848,0.107398,0.132483,0.107696,0.141417,0.108978,0.118731,0.127138,0.185371,0.109607,0.353543,0.0,0.144338,0.122601,0.128741,0.115979,0.172738,0.111632,0.114779,0.15466,0.09242,0.092661,0.175395,0.098676,0.126249,0.138502,0.124763],[0.233089,0.214604,0.111443,0.198242,0.151192,0.182143,0.158943,0.163707,0.17443,0.162764,0.16996,0.210927,0.169574,0.337234,0.144338,0.0,0.129428,0.179358,0.166539,0.185515,0.156431,0.133714,0.165063,0.137654,0.15034,0.155841,0.149232,0.1696,0.135545,0.125406],[0.214179,0.217474,0.139842,0.121558,0.116198,0.170958,0.125969,0.123209,0.148575,0.109183,0.148255,0.198707,0.123216,0.331213,0.122601,0.129428,0.0,0.160226,0.143822,0.18281,0.121702,0.121157,0.142602,0.106676,0.105289,0.161838,0.122084,0.146771,0.128618,0.109283],[0.265397,0.239985,0.175939,0.200361,0.143822,0.147037,0.129544,0.17836,0.116408,0.140526,0.166728,0.211332,0.161221,0.414079,0.128741,0.179358,0.160226,0.0,0.154295,0.208449,0.159049,0.164096,0.18278,0.13149,0.136168,0.217564,0.107171,0.151794,0.13633,0.17905],[0.123605,0.174611,0.175047,0.169317,0.102754,0.106811,0.166146,0.175299,0.158023,0.169699,0.080864,0.11606,0.099175,0.271077,0.115979,0.166539,0.143822,0.154295,0.0,0.119909,0.094879,0.106484,0.11489,0.101683,0.124249,0.180372,0.154467,0.119514,0.18882,0.156212],[0.089154,0.178648,0.190999,0.193472,0.140479,0.151052,0.222219,0.218804,0.227746,0.223029,0.116017,0.10179,0.15285,0.188787,0.172738,0.185515,0.18281,0.208449,0.119909,0.0,0.137214,0.13164,0.115431,0.160505,0.18711,0.185698,0.233769,0.167057,0.245941,0.201184],[0.131398,0.172301,0.16041,0.145784,0.096297,0.124821,0.154221,0.15016,0.161663,0.151424,0.09783,0.123948,0.092878,0.260247,0.111632,0.156431,0.121702,0.159049,0.094879,0.137214,0.0,0.089173,0.106309,0.082886,0.101111,0.155559,0.151022,0.122915,0.163753,0.135126],[0.129501,0.168464,0.148121,0.156782,0.110843,0.143198,0.164884,0.161606,0.170497,0.155774,0.115952,0.135005,0.116667,0.256218,0.114779,0.133714,0.121157,0.164096,0.106484,0.13164,0.089173,0.0,0.111854,0.073087,0.114652,0.148979,0.152795,0.135414,0.158008,0.132271],[0.111354,0.169042,0.169239,0.131901,0.113399,0.151363,0.19091,0.170227,0.203149,0.174706,0.110412,0.097932,0.111254,0.212604,0.15466,0.165063,0.142602,0.18278,0.11489,0.115431,0.106309,0.111854,0.0,0.124609,0.133595,0.162027,0.200937,0.139881,0.200569,0.160356],[0.154445,0.181242,0.14792,0.146411,0.094139,0.123443,0.133537,0.14323,0.138999,0.124668,0.105915,0.140734,0.088416,0.296042,0.09242,0.137654,0.106676,0.13149,0.101683,0.160505,0.082886,0.073087,0.124609,0.0,0.085585,0.161351,0.114468,0.123055,0.133175,0.120529],[0.178127,0.205957,0.160358,0.141057,0.094167,0.148172,0.124983,0.122925,0.141611,0.106401,0.122155,0.163906,0.086402,0.313643,0.092661,0.15034,0.105289,0.136168,0.124249,0.18711,0.101111,0.114652,0.133595,0.085585,0.0,0.165309,0.128931,0.132183,0.141637,0.111789],[0.198414,0.146483,0.128548,0.173565,0.180389,0.20762,0.202578,0.16773,0.234869,0.209372,0.17133,0.196219,0.17954,0.220208,0.175395,0.155841,0.161838,0.217564,0.180372,0.185698,0.155559,0.148979,0.162027,0.161351,0.165309,0.0,0.219464,0.16265,0.190917,0.18062],[0.249127,0.227548,0.153722,0.182252,0.129744,0.149096,0.100571,0.148087,0.101888,0.109312,0.15492,0.216431,0.141254,0.393785,0.098676,0.149232,0.122084,0.107171,0.154467,0.233769,0.151022,0.152795,0.200937,0.114468,0.128931,0.219464,0.0,0.154986,0.128378,0.139202],[0.165059,0.149188,0.148531,0.160641,0.115685,0.118815,0.157856,0.16289,0.172866,0.176823,0.105223,0.142201,0.121571,0.276362,0.126249,0.1696,0.146771,0.151794,0.119514,0.167057,0.122915,0.135414,0.139881,0.123055,0.132183,0.16265,0.154986,0.0,0.164457,0.172719],[0.256197,0.21138,0.12714,0.182646,0.157958,0.180953,0.137027,0.148628,0.152505,0.138084,0.181352,0.225493,0.168631,0.367844,0.138502,0.135545,0.128618,0.13633,0.18882,0.245941,0.163753,0.158008,0.200569,0.133175,0.141637,0.190917,0.128378,0.164457,0.0,0.154151],[0.20045,0.226414,0.160069,0.168344,0.132408,0.181056,0.151066,0.133909,0.162269,0.126322,0.156946,0.201111,0.118754,0.323308,0.124763,0.125406,0.109283,0.17905,0.156212,0.201184,0.135126,0.132271,0.160356,0.120529,0.111789,0.18062,0.139202,0.172719,0.154151,0.0]],"off_diagonal_summary":{"ari_mean":0.622308,"ari_min":0.445625,"ari_std":0.082681,"procrustes_mean":0.162635,"procrustes_max":0.414079},"framework_axis":"B-6 follow-up: deep-method seed stability for CAE-1D \u2014 pairwise cluster ARI + Procrustes between latent embeddings across N_SEEDS torch initialisations","generated_at":"2026-05-09T19:11:50Z","builder_version":"build_deep_seed_stability v0.1"}