{"scene_id":"botswana","method":"beta_vae_8","n_seeds":30,"latent_dim":8,"samples_per_class":220,"ari_vs_gt_per_seed":[0.158353,0.185088,0.18215,0.208285,0.177275,0.144099,0.156522,0.195418,0.179317,0.20374,0.170915,0.245481,0.176576,0.185681,0.149348,0.197439,0.205231,0.183179,0.174049,0.167854,0.166839,0.194211,0.160436,0.203854,0.209892,0.150735,0.250014,0.226221,0.105857,0.100521],"ari_vs_gt_summary":{"mean":0.180486,"std":0.032842,"min":0.100521,"max":0.250014},"seed_pair_ari":[[1.0,0.390859,0.430336,0.359775,0.535588,0.383163,0.564338,0.21415,0.410934,0.407996,0.458972,0.381593,0.460401,0.342031,0.326316,0.475671,0.370995,0.469356,0.424104,0.423788,0.646109,0.544442,0.513314,0.368711,0.431158,0.392504,0.443273,0.436358,0.237056,0.076017],[0.390859,1.0,0.405928,0.483383,0.413421,0.314696,0.344027,0.155859,0.365892,0.517111,0.482721,0.291072,0.390177,0.229193,0.286059,0.505648,0.500502,0.358316,0.479986,0.474731,0.421914,0.558451,0.30558,0.512821,0.395029,0.275626,0.337166,0.543687,0.159018,0.066975],[0.430336,0.405928,1.0,0.396566,0.444443,0.388057,0.401455,0.177736,0.465265,0.487413,0.490207,0.304027,0.458306,0.282543,0.315146,0.488699,0.415276,0.299325,0.483606,0.476807,0.478487,0.45778,0.402495,0.378293,0.438449,0.400112,0.402966,0.481387,0.199626,0.065909],[0.359775,0.483383,0.396566,1.0,0.392976,0.309299,0.320479,0.165274,0.396874,0.548265,0.506733,0.273916,0.414046,0.221468,0.278687,0.456104,0.507705,0.288445,0.485875,0.467519,0.381975,0.45291,0.322621,0.453585,0.410259,0.289375,0.323875,0.481404,0.159348,0.066722],[0.535588,0.413421,0.444443,0.392976,1.0,0.38633,0.455093,0.190267,0.477391,0.465018,0.456717,0.333495,0.541397,0.301968,0.291512,0.609801,0.440729,0.380292,0.460373,0.466192,0.574126,0.594516,0.482973,0.405868,0.424869,0.406545,0.405191,0.451496,0.195539,0.068838],[0.383163,0.314696,0.388057,0.309299,0.38633,1.0,0.405677,0.214955,0.403305,0.335903,0.350594,0.320898,0.443529,0.36022,0.436525,0.389204,0.318546,0.266157,0.400071,0.412394,0.422382,0.382727,0.391154,0.288069,0.415683,0.510798,0.365589,0.349532,0.246895,0.066551],[0.564338,0.344027,0.401455,0.320479,0.455093,0.405677,1.0,0.20734,0.381876,0.354076,0.372208,0.325653,0.415841,0.350892,0.331393,0.418135,0.321029,0.341896,0.373532,0.373608,0.523765,0.447889,0.508791,0.311641,0.407837,0.424465,0.428282,0.363545,0.26443,0.076857],[0.21415,0.155859,0.177736,0.165274,0.190267,0.214955,0.20734,1.0,0.181356,0.162234,0.167981,0.283666,0.184649,0.213762,0.214376,0.187931,0.159772,0.193861,0.179975,0.182595,0.204617,0.188332,0.2051,0.154225,0.229423,0.203467,0.213364,0.184165,0.201655,0.128511],[0.410934,0.365892,0.465265,0.396874,0.477391,0.403305,0.381876,0.181356,1.0,0.438854,0.442957,0.29022,0.623111,0.254914,0.29736,0.481225,0.493891,0.276823,0.453313,0.420078,0.472123,0.427867,0.422537,0.395379,0.453682,0.406177,0.383262,0.421562,0.182845,0.056381],[0.407996,0.517111,0.487413,0.548265,0.465018,0.335903,0.354076,0.162234,0.438854,1.0,0.612705,0.29489,0.471891,0.233496,0.290437,0.53465,0.618135,0.345393,0.529004,0.514853,0.487682,0.522069,0.348348,0.547876,0.433833,0.325618,0.352175,0.610014,0.160185,0.066622],[0.458972,0.482721,0.490207,0.506733,0.456717,0.350594,0.372208,0.167981,0.442957,0.612705,1.0,0.281881,0.479876,0.233867,0.339467,0.454828,0.56146,0.34256,0.637506,0.630654,0.468877,0.464295,0.34051,0.520273,0.419262,0.325296,0.346768,0.611723,0.175591,0.060612],[0.381593,0.291072,0.304027,0.273916,0.333495,0.320898,0.325653,0.283666,0.29022,0.29489,0.281881,1.0,0.302713,0.341307,0.273133,0.361028,0.282575,0.345344,0.320586,0.332779,0.372996,0.3674,0.311783,0.271208,0.311639,0.314317,0.343453,0.297007,0.21506,0.128344],[0.460401,0.390177,0.458306,0.414046,0.541397,0.443529,0.415841,0.184649,0.623111,0.471891,0.479876,0.302713,1.0,0.282291,0.324617,0.52217,0.529566,0.288502,0.498938,0.471731,0.532237,0.474206,0.418198,0.398625,0.446482,0.412714,0.38647,0.436547,0.19035,0.061422],[0.342031,0.229193,0.282543,0.221468,0.301968,0.36022,0.350892,0.213762,0.254914,0.233496,0.233867,0.341307,0.282291,1.0,0.319825,0.290006,0.221335,0.284307,0.259891,0.275523,0.324982,0.294061,0.332904,0.217173,0.295314,0.371867,0.350018,0.262814,0.287041,0.098444],[0.326316,0.286059,0.315146,0.278687,0.291512,0.436525,0.331393,0.214376,0.29736,0.290437,0.339467,0.273133,0.324617,0.319825,1.0,0.283955,0.271937,0.238316,0.370743,0.379053,0.312517,0.294403,0.297248,0.259509,0.353999,0.35367,0.339866,0.318568,0.261768,0.075431],[0.475671,0.505648,0.488699,0.456104,0.609801,0.389204,0.418135,0.187931,0.481225,0.53465,0.454828,0.361028,0.52217,0.290006,0.283955,1.0,0.523794,0.394056,0.499364,0.495924,0.565296,0.731393,0.441345,0.458387,0.439251,0.383677,0.384209,0.506652,0.190016,0.069106],[0.370995,0.500502,0.415276,0.507705,0.440729,0.318546,0.321029,0.159772,0.493891,0.618135,0.56146,0.282575,0.529566,0.221335,0.271937,0.523794,1.0,0.324321,0.523935,0.495127,0.428673,0.510691,0.317256,0.579651,0.419891,0.310989,0.339506,0.553307,0.150073,0.061318],[0.469356,0.358316,0.299325,0.288445,0.380292,0.266157,0.341896,0.193861,0.276823,0.345393,0.34256,0.345344,0.288502,0.284307,0.238316,0.394056,0.324321,1.0,0.323248,0.336994,0.394461,0.438824,0.33883,0.369892,0.293793,0.278082,0.327569,0.386681,0.186975,0.084327],[0.424104,0.479986,0.483606,0.485875,0.460373,0.400071,0.373532,0.179975,0.453313,0.529004,0.637506,0.320586,0.498938,0.259891,0.370743,0.499364,0.523935,0.323248,1.0,0.726355,0.439689,0.483161,0.351224,0.437189,0.38857,0.354497,0.356967,0.515046,0.195889,0.064637],[0.423788,0.474731,0.476807,0.467519,0.466192,0.412394,0.373608,0.182595,0.420078,0.514853,0.630654,0.332779,0.471731,0.275523,0.379053,0.495924,0.495127,0.336994,0.726355,1.0,0.435944,0.491607,0.34735,0.434634,0.394759,0.355353,0.35669,0.500705,0.204155,0.068499],[0.646109,0.421914,0.478487,0.381975,0.574126,0.422382,0.523765,0.204617,0.472123,0.487682,0.468877,0.372996,0.532237,0.324982,0.312517,0.565296,0.428673,0.394461,0.439689,0.435944,1.0,0.575206,0.496442,0.389974,0.467796,0.415658,0.4267,0.448764,0.217935,0.072187],[0.544442,0.558451,0.45778,0.45291,0.594516,0.382727,0.447889,0.188332,0.427867,0.522069,0.464295,0.3674,0.474206,0.294061,0.294403,0.731393,0.510691,0.438824,0.483161,0.491607,0.575206,1.0,0.442808,0.486988,0.448411,0.353325,0.414017,0.501021,0.191831,0.071475],[0.513314,0.30558,0.402495,0.322621,0.482973,0.391154,0.508791,0.2051,0.422537,0.348348,0.34051,0.311783,0.418198,0.332904,0.297248,0.441345,0.317256,0.33883,0.351224,0.34735,0.496442,0.442808,1.0,0.312729,0.42869,0.505471,0.429185,0.35676,0.230441,0.065992],[0.368711,0.512821,0.378293,0.453585,0.405868,0.288069,0.311641,0.154225,0.395379,0.547876,0.520273,0.271208,0.398625,0.217173,0.259509,0.458387,0.579651,0.369892,0.437189,0.434634,0.389974,0.486988,0.312729,1.0,0.40802,0.288713,0.328804,0.592014,0.144947,0.066558],[0.431158,0.395029,0.438449,0.410259,0.424869,0.415683,0.407837,0.229423,0.453682,0.433833,0.419262,0.311639,0.446482,0.295314,0.353999,0.439251,0.419891,0.293793,0.38857,0.394759,0.467796,0.448411,0.42869,0.40802,1.0,0.39845,0.435822,0.469945,0.22528,0.070654],[0.392504,0.275626,0.400112,0.289375,0.406545,0.510798,0.424465,0.203467,0.406177,0.325618,0.325296,0.314317,0.412714,0.371867,0.35367,0.383677,0.310989,0.278082,0.354497,0.355353,0.415658,0.353325,0.505471,0.288713,0.39845,1.0,0.391176,0.343236,0.256671,0.067937],[0.443273,0.337166,0.402966,0.323875,0.405191,0.365589,0.428282,0.213364,0.383262,0.352175,0.346768,0.343453,0.38647,0.350018,0.339866,0.384209,0.339506,0.327569,0.356967,0.35669,0.4267,0.414017,0.429185,0.328804,0.435822,0.391176,1.0,0.403135,0.21348,0.086073],[0.436358,0.543687,0.481387,0.481404,0.451496,0.349532,0.363545,0.184165,0.421562,0.610014,0.611723,0.297007,0.436547,0.262814,0.318568,0.506652,0.553307,0.386681,0.515046,0.500705,0.448764,0.501021,0.35676,0.592014,0.469945,0.343236,0.403135,1.0,0.17658,0.064987],[0.237056,0.159018,0.199626,0.159348,0.195539,0.246895,0.26443,0.201655,0.182845,0.160185,0.175591,0.21506,0.19035,0.287041,0.261768,0.190016,0.150073,0.186975,0.195889,0.204155,0.217935,0.191831,0.230441,0.144947,0.22528,0.256671,0.21348,0.17658,1.0,0.080881],[0.076017,0.066975,0.065909,0.066722,0.068838,0.066551,0.076857,0.128511,0.056381,0.066622,0.060612,0.128344,0.061422,0.098444,0.075431,0.069106,0.061318,0.084327,0.064637,0.068499,0.072187,0.071475,0.065992,0.066558,0.070654,0.067937,0.086073,0.064987,0.080881,1.0]],"seed_pair_procrustes_dist":[[0.0,0.578152,0.581758,0.204411,0.342253,0.344159,1.416878,2.307375,0.395875,0.469367,0.38018,1.100294,0.32155,1.74654,0.798411,0.141103,0.401294,1.221055,0.465838,0.405243,0.133468,0.284379,1.598255,0.406328,0.777922,0.811283,0.912489,0.363351,3.597827,13.7265],[0.578152,0.0,2.542375,1.429971,0.607404,2.028691,4.565445,6.410254,2.145456,0.294093,0.481987,3.694515,0.638701,5.31458,3.085801,1.093433,0.498415,4.108634,0.282506,0.468563,1.441164,0.698944,4.995633,0.451462,3.032411,3.087629,3.390801,0.538064,9.592364,32.722206],[0.581758,2.542375,0.0,0.355146,0.561392,0.22476,0.623728,1.338955,0.186544,0.646773,0.593233,0.547268,0.550996,0.847486,0.276511,0.436078,0.593326,0.512705,0.655609,0.617135,0.369263,0.543824,0.746924,0.608911,0.246412,0.359503,0.315838,0.582202,2.066978,8.8164],[0.204411,1.429971,0.355146,0.0,0.38125,0.322165,1.323869,2.192739,0.343493,0.48368,0.40629,1.025314,0.35719,1.668511,0.739196,0.198971,0.422712,1.149382,0.487182,0.431927,0.199541,0.332137,1.504113,0.425022,0.701857,0.757401,0.854077,0.389074,3.4329,13.144342],[0.342253,0.607404,0.561392,0.38125,0.0,0.945309,2.553357,3.839145,1.01108,0.224903,0.127017,2.056561,0.094202,3.032822,1.626526,0.359934,0.142601,2.264522,0.247404,0.249086,0.587942,0.171925,2.828466,0.156955,1.583817,1.647925,1.806531,0.12488,5.775065,20.651541],[0.344159,2.028691,0.22476,0.322165,0.945309,0.0,0.873139,1.602389,0.154247,0.588958,0.523389,0.671078,0.474158,1.129154,0.383597,0.333748,0.534408,0.748546,0.590533,0.542222,0.244826,0.45666,1.013841,0.545456,0.397441,0.436076,0.490176,0.51104,2.551425,10.410186],[1.416878,4.565445,0.623728,1.323869,2.553357,0.873139,0.0,0.63573,0.448866,0.77668,0.740891,0.336837,0.713687,0.234059,0.314299,0.632261,0.745503,0.167826,0.777528,0.752378,0.576556,0.703096,0.137288,0.749188,0.314972,0.344339,0.243969,0.732285,0.946766,5.292466],[2.307375,6.410254,1.338955,2.192739,3.839145,1.602389,0.63573,0.0,0.657847,0.850558,0.82802,0.44668,0.814359,0.49237,0.564954,0.755286,0.835536,0.506115,0.84661,0.82009,0.713191,0.7983,0.47384,0.834177,0.58177,0.525901,0.549183,0.823994,0.745434,3.860728],[0.395875,2.145456,0.186544,0.343493,1.01108,0.154247,0.448866,0.657847,0.0,0.601088,0.53921,0.631478,0.490096,1.059514,0.36838,0.350831,0.545096,0.669961,0.605203,0.562184,0.276537,0.475818,0.930737,0.554286,0.33804,0.406768,0.438061,0.526088,2.42589,10.004471],[0.469367,0.294093,0.646773,0.48368,0.224903,0.588958,0.77668,0.850558,0.601088,0.0,0.188013,2.736867,0.303927,3.997412,2.237292,0.664126,0.194693,3.041731,0.138266,0.246386,0.944082,0.367457,3.738958,0.176916,2.18421,2.245429,2.473223,0.228863,7.384525,25.725428],[0.38018,0.481987,0.593233,0.40629,0.127017,0.523389,0.740891,0.82802,0.53921,0.188013,0.0,2.252774,0.139342,3.332513,1.80388,0.441136,0.130772,2.502188,0.166346,0.181301,0.680068,0.190602,3.104402,0.112125,1.766087,1.82445,2.008285,0.097008,6.26336,22.185656],[1.100294,3.694515,0.547268,1.025314,2.056561,0.671078,0.336837,0.44668,0.631478,2.736867,2.252774,0.0,0.683599,0.53824,0.333073,0.589562,0.716963,0.35791,0.744845,0.708294,0.52002,0.662688,0.464633,0.717169,0.333328,0.29517,0.31247,0.699505,1.406026,6.460312],[0.32155,0.638701,0.550996,0.35719,0.094202,0.474158,0.713687,0.814359,0.490096,0.303927,0.139342,0.683599,0.0,2.927747,1.544938,0.318371,0.162651,2.185379,0.245442,0.234093,0.542333,0.141488,2.727582,0.166113,1.512561,1.574445,1.728933,0.123441,5.596178,20.100412],[1.74654,5.31458,0.847486,1.668511,3.032822,1.129154,0.234059,0.49237,1.059514,3.997412,3.332513,0.53824,2.927747,0.0,0.395075,0.683565,0.780012,0.277475,0.808973,0.787105,0.634985,0.743746,0.192205,0.785203,0.4121,0.427372,0.339803,0.769537,0.733638,4.575268],[0.798411,3.085801,0.276511,0.739196,1.626526,0.383597,0.314299,0.564954,0.36838,2.237292,1.80388,0.333073,1.544938,0.395075,0.0,0.511652,0.659429,0.385723,0.697602,0.663706,0.442893,0.602401,0.534193,0.664265,0.205112,0.28483,0.184158,0.639834,1.649787,7.523685],[0.141103,1.093433,0.436078,0.198971,0.359934,0.333748,0.632261,0.755286,0.350831,0.664126,0.441136,0.589562,0.318371,0.683565,0.511652,0.0,0.329142,1.466456,0.402536,0.337837,0.208938,0.201914,1.889688,0.334046,0.967027,0.994668,1.12843,0.292132,4.116898,15.372796],[0.401294,0.498415,0.593326,0.422712,0.142601,0.534408,0.745503,0.835536,0.545096,0.194693,0.130772,0.716963,0.162651,0.780012,0.659429,0.329142,0.0,2.532048,0.223292,0.237601,0.719848,0.244472,3.141709,0.157279,1.785569,1.851471,2.037127,0.156334,6.326817,22.367262],[1.221055,4.108634,0.512705,1.149382,2.264522,0.748546,0.167826,0.506115,0.669961,3.041731,2.502188,0.35791,2.185379,0.277475,0.385723,1.466456,2.532048,0.0,0.758924,0.730302,0.542436,0.675974,0.245197,0.726234,0.293917,0.325066,0.222886,0.708393,1.137407,5.801383],[0.465838,0.282506,0.655609,0.487182,0.247404,0.590533,0.777528,0.84661,0.605203,0.138266,0.166346,0.744845,0.245442,0.808973,0.697602,0.402536,0.223292,0.758924,0.0,0.211849,0.938242,0.354124,3.764719,0.197072,2.212358,2.256945,2.491953,0.248388,7.420829,25.867657],[0.405243,0.468563,0.617135,0.431927,0.249086,0.542222,0.752378,0.82009,0.562184,0.246386,0.181301,0.708294,0.234093,0.787105,0.663706,0.337837,0.237601,0.730302,0.211849,0.0,0.710841,0.234095,3.189579,0.225486,1.837731,1.840639,2.080704,0.231532,6.384583,22.517775],[0.133468,1.441164,0.369263,0.199541,0.587942,0.244826,0.576556,0.713191,0.276537,0.944082,0.680068,0.52002,0.542333,0.634985,0.442893,0.208938,0.719848,0.542436,0.938242,0.710841,0.0,0.319233,1.496726,0.436834,0.717897,0.721539,0.850428,0.398375,3.418629,13.129033],[0.284379,0.698944,0.543824,0.332137,0.171925,0.45666,0.703096,0.7983,0.475818,0.367457,0.190602,0.662688,0.141488,0.743746,0.602401,0.201914,0.244472,0.675974,0.354124,0.234095,0.319233,0.0,2.57371,0.197177,1.417464,1.452026,1.624833,0.151485,5.324211,19.198654],[1.598255,4.995633,0.746924,1.504113,2.828466,1.013841,0.137288,0.47384,0.930737,3.738958,3.104402,0.464633,2.727582,0.192205,0.534193,1.889688,3.141709,0.245197,3.764719,3.189579,1.496726,2.57371,0.0,0.76744,0.359586,0.380499,0.290371,0.751496,0.822427,4.869008],[0.406328,0.451462,0.608911,0.425022,0.156955,0.545456,0.749188,0.834177,0.554286,0.176916,0.112125,0.717169,0.166113,0.785203,0.664265,0.334046,0.157279,0.726234,0.197072,0.225486,0.436834,0.197177,0.76744,0.0,1.846634,1.917835,2.10139,0.10475,6.486298,22.865152],[0.777922,3.032411,0.246412,0.701857,1.583817,0.397441,0.314972,0.58177,0.33804,2.18421,1.766087,0.333328,1.512561,0.4121,0.205112,0.967027,1.785569,0.293917,2.212358,1.837731,0.717897,1.417464,0.359586,1.846634,0.0,0.276606,0.212068,0.631987,1.702039,7.643838],[0.811283,3.087629,0.359503,0.757401,1.647925,0.436076,0.344339,0.525901,0.406768,2.245429,1.82445,0.29517,1.574445,0.427372,0.28483,0.994668,1.851471,0.325066,2.256945,1.840639,0.721539,1.452026,0.380499,1.917835,0.276606,0.0,0.292693,0.648885,1.683227,7.549091],[0.912489,3.390801,0.315838,0.854077,1.806531,0.490176,0.243969,0.549183,0.438061,2.473223,2.008285,0.31247,1.728933,0.339803,0.184158,1.12843,2.037127,0.222886,2.491953,2.080704,0.850428,1.624833,0.290371,2.10139,0.212068,0.292693,0.0,0.660791,1.464499,6.931712],[0.363351,0.538064,0.582202,0.389074,0.12488,0.51104,0.732285,0.823994,0.526088,0.228863,0.097008,0.699505,0.123441,0.769537,0.639834,0.292132,0.156334,0.708393,0.248388,0.231532,0.398375,0.151485,0.751496,0.10475,0.631987,0.648885,0.660791,0.0,6.039657,21.454882],[3.597827,9.592364,2.066978,3.4329,5.775065,2.551425,0.946766,0.745434,2.42589,7.384525,6.26336,1.406026,5.596178,0.733638,1.649787,4.116898,6.326817,1.137407,7.420829,6.384583,3.418629,5.324211,0.822427,6.486298,1.702039,1.683227,1.464499,6.039657,0.0,2.420871],[13.7265,32.722206,8.8164,13.144342,20.651541,10.410186,5.292466,3.860728,10.004471,25.725428,22.185656,6.460312,20.100412,4.575268,7.523685,15.372796,22.367262,5.801383,25.867657,22.517775,13.129033,19.198654,4.869008,22.865152,7.643838,7.549091,6.931712,21.454882,2.420871,0.0]],"off_diagonal_summary":{"ari_mean":0.358256,"ari_min":0.056381,"ari_std":0.131687,"procrustes_mean":1.958886,"procrustes_max":32.722206},"framework_axis":"B-6 follow-up: deep-method seed stability for CAE-1D \u2014 pairwise cluster ARI + Procrustes between latent embeddings across N_SEEDS torch initialisations","generated_at":"2026-05-09T17:54:09Z","builder_version":"build_deep_seed_stability v0.1"}