{"scene_id":"indian-pines-corrected","method":"cae_3d_8","n_seeds":30,"latent_dim":8,"samples_per_class":220,"ari_vs_gt_per_seed":[0.229403,0.274225,0.242461,0.234368,0.255562,0.257526,0.267157,0.259316,0.225772,0.244517,0.269309,0.265878,0.22994,0.230451,0.228657,0.267609,0.257971,0.23914,0.239302,0.237337,0.248346,0.263588,0.23231,0.233763,0.257182,0.232661,0.229375,0.243392,0.235947,0.25507],"ari_vs_gt_summary":{"mean":0.246251,"std":0.014624,"min":0.225772,"max":0.274225},"seed_pair_ari":[[1.0,0.506026,0.659238,0.618513,0.674295,0.577314,0.563971,0.623667,0.634547,0.645407,0.648558,0.592478,0.684939,0.629693,0.733029,0.638871,0.738962,0.642323,0.707652,0.711838,0.650274,0.54445,0.622778,0.741626,0.640721,0.587366,0.675358,0.625197,0.734883,0.596594],[0.506026,1.0,0.567053,0.546503,0.616483,0.579345,0.740581,0.59323,0.521678,0.542334,0.646492,0.665644,0.509809,0.528675,0.499388,0.661559,0.593668,0.586602,0.541316,0.555486,0.538954,0.600713,0.560394,0.536714,0.614667,0.511121,0.53551,0.578573,0.546462,0.536296],[0.659238,0.567053,1.0,0.639715,0.662071,0.598866,0.633401,0.638781,0.588715,0.684943,0.71481,0.699426,0.640404,0.635821,0.623443,0.719981,0.677644,0.696691,0.651469,0.755622,0.683614,0.545845,0.660586,0.709684,0.657384,0.624438,0.693432,0.747292,0.778113,0.579611],[0.618513,0.546503,0.639715,1.0,0.563643,0.679169,0.593918,0.587231,0.669168,0.658555,0.587948,0.618971,0.598969,0.662803,0.613322,0.614302,0.582964,0.652271,0.585024,0.704817,0.617291,0.632689,0.748505,0.635119,0.665337,0.698609,0.686195,0.595305,0.65035,0.632999],[0.674295,0.616483,0.662071,0.563643,1.0,0.608395,0.64875,0.647885,0.599722,0.644227,0.788545,0.690339,0.65511,0.596761,0.62477,0.722499,0.752983,0.632228,0.755669,0.664096,0.596399,0.649482,0.57831,0.677989,0.707498,0.585973,0.636941,0.667774,0.71188,0.578445],[0.577314,0.579345,0.598866,0.679169,0.608395,1.0,0.656136,0.633766,0.656007,0.618111,0.654375,0.683719,0.589042,0.688004,0.586054,0.660679,0.62912,0.645271,0.555729,0.624437,0.594262,0.685008,0.69721,0.62863,0.69698,0.722412,0.678816,0.598519,0.610786,0.711466],[0.563971,0.740581,0.633401,0.593918,0.64875,0.656136,1.0,0.666034,0.56044,0.605586,0.714063,0.759376,0.55509,0.639282,0.543483,0.679277,0.636551,0.716143,0.582599,0.62085,0.592453,0.594162,0.621549,0.620743,0.657498,0.566076,0.613022,0.660438,0.618042,0.589874],[0.623667,0.59323,0.638781,0.587231,0.647885,0.633766,0.666034,1.0,0.546182,0.589399,0.717528,0.716526,0.681188,0.582687,0.677063,0.694793,0.663533,0.632098,0.60654,0.642725,0.725705,0.580433,0.597979,0.645437,0.614354,0.585462,0.598685,0.640851,0.664441,0.581776],[0.634547,0.521678,0.588715,0.669168,0.599722,0.656007,0.56044,0.546182,1.0,0.639424,0.5833,0.596902,0.665699,0.74912,0.669864,0.579422,0.633817,0.665881,0.617481,0.616979,0.60464,0.648429,0.71159,0.637175,0.658978,0.714819,0.715408,0.588953,0.620063,0.624911],[0.645407,0.542334,0.684943,0.658555,0.644227,0.618111,0.605586,0.589399,0.639424,1.0,0.649985,0.639605,0.612307,0.690741,0.591513,0.637359,0.655767,0.699358,0.671808,0.699125,0.592142,0.584296,0.668246,0.686499,0.676738,0.687339,0.751615,0.662953,0.722819,0.542045],[0.648558,0.646492,0.71481,0.587948,0.788545,0.654375,0.714063,0.717528,0.5833,0.649985,1.0,0.784607,0.639364,0.62561,0.618343,0.767359,0.756481,0.693208,0.702698,0.67958,0.645115,0.644254,0.604088,0.705864,0.730029,0.612863,0.66256,0.744061,0.729223,0.593339],[0.592478,0.665644,0.699426,0.618971,0.690339,0.683719,0.759376,0.716526,0.596902,0.639605,0.784607,1.0,0.607411,0.642317,0.588067,0.759159,0.694579,0.731782,0.612259,0.665288,0.645993,0.620174,0.663474,0.685845,0.710918,0.623879,0.683556,0.740901,0.665829,0.613987],[0.684939,0.509809,0.640404,0.598969,0.65511,0.589042,0.55509,0.681188,0.665699,0.612307,0.639364,0.607411,1.0,0.60554,0.846171,0.630875,0.666968,0.635295,0.680375,0.645385,0.773989,0.566623,0.601243,0.68761,0.63048,0.642335,0.627964,0.669192,0.6611,0.555086],[0.629693,0.528675,0.635821,0.662803,0.596761,0.688004,0.639282,0.582687,0.74912,0.690741,0.62561,0.642317,0.60554,1.0,0.596258,0.592598,0.595221,0.786724,0.623487,0.662806,0.603352,0.583523,0.748785,0.698236,0.635743,0.704008,0.801299,0.6499,0.673551,0.599581],[0.733029,0.499388,0.623443,0.613322,0.62477,0.586054,0.543483,0.677063,0.669864,0.591513,0.618343,0.588067,0.846171,0.596258,1.0,0.628062,0.688184,0.621655,0.666705,0.651297,0.746934,0.554567,0.59845,0.703809,0.610989,0.630753,0.632089,0.626514,0.670249,0.581171],[0.638871,0.661559,0.719981,0.614302,0.722499,0.660679,0.679277,0.694793,0.579422,0.637359,0.767359,0.759159,0.630875,0.592598,0.628062,1.0,0.751425,0.659429,0.64443,0.709396,0.680485,0.647049,0.655925,0.689699,0.716528,0.597183,0.643884,0.697731,0.711341,0.617229],[0.738962,0.593668,0.677644,0.582964,0.752983,0.62912,0.636551,0.663533,0.633817,0.655767,0.756481,0.694579,0.666968,0.595221,0.688184,0.751425,1.0,0.630948,0.692423,0.693335,0.630919,0.643207,0.588367,0.710298,0.743539,0.609255,0.656607,0.650376,0.741969,0.618097],[0.642323,0.586602,0.696691,0.652271,0.632228,0.645271,0.716143,0.632098,0.665881,0.699358,0.693208,0.731782,0.635295,0.786724,0.621655,0.659429,0.630948,1.0,0.641579,0.714651,0.66549,0.549132,0.732655,0.766755,0.646407,0.666631,0.769173,0.742571,0.716392,0.576604],[0.707652,0.541316,0.651469,0.585024,0.755669,0.555729,0.582599,0.60654,0.617481,0.671808,0.702698,0.612259,0.680375,0.623487,0.666705,0.64443,0.692423,0.641579,1.0,0.665262,0.605579,0.579203,0.573978,0.706745,0.631498,0.605162,0.639439,0.667413,0.713516,0.537406],[0.711838,0.555486,0.755622,0.704817,0.664096,0.624437,0.62085,0.642725,0.616979,0.699125,0.67958,0.665288,0.645385,0.662806,0.651297,0.709396,0.693335,0.714651,0.665262,1.0,0.661146,0.541438,0.710046,0.781263,0.630959,0.622875,0.718803,0.707118,0.778242,0.612848],[0.650274,0.538954,0.683614,0.617291,0.596399,0.594262,0.592453,0.725705,0.60464,0.592142,0.645115,0.645993,0.773989,0.603352,0.746934,0.680485,0.630919,0.66549,0.605579,0.661146,1.0,0.560959,0.664676,0.687628,0.604638,0.616049,0.635634,0.67291,0.656962,0.590372],[0.54445,0.600713,0.545845,0.632689,0.649482,0.685008,0.594162,0.580433,0.648429,0.584296,0.644254,0.620174,0.566623,0.583523,0.554567,0.647049,0.643207,0.549132,0.579203,0.541438,0.560959,1.0,0.626661,0.542945,0.712885,0.659328,0.580764,0.535537,0.562146,0.646787],[0.622778,0.560394,0.660586,0.748505,0.57831,0.69721,0.621549,0.597979,0.71159,0.668246,0.604088,0.663474,0.601243,0.748785,0.59845,0.655925,0.588367,0.732655,0.573978,0.710046,0.664676,0.626661,1.0,0.675921,0.651692,0.710127,0.737574,0.641435,0.685707,0.669876],[0.741626,0.536714,0.709684,0.635119,0.677989,0.62863,0.620743,0.645437,0.637175,0.686499,0.705864,0.685845,0.68761,0.698236,0.703809,0.689699,0.710298,0.766755,0.706745,0.781263,0.687628,0.542945,0.675921,1.0,0.634131,0.64175,0.744912,0.733393,0.760201,0.600893],[0.640721,0.614667,0.657384,0.665337,0.707498,0.69698,0.657498,0.614354,0.658978,0.676738,0.730029,0.710918,0.63048,0.635743,0.610989,0.716528,0.743539,0.646407,0.631498,0.630959,0.604638,0.712885,0.651692,0.634131,1.0,0.65149,0.67195,0.619172,0.650779,0.609437],[0.587366,0.511121,0.624438,0.698609,0.585973,0.722412,0.566076,0.585462,0.714819,0.687339,0.612863,0.623879,0.642335,0.704008,0.630753,0.597183,0.609255,0.666631,0.605162,0.622875,0.616049,0.659328,0.710127,0.64175,0.65149,1.0,0.721096,0.642788,0.658028,0.622371],[0.675358,0.53551,0.693432,0.686195,0.636941,0.678816,0.613022,0.598685,0.715408,0.751615,0.66256,0.683556,0.627964,0.801299,0.632089,0.643884,0.656607,0.769173,0.639439,0.718803,0.635634,0.580764,0.737574,0.744912,0.67195,0.721096,1.0,0.678195,0.753014,0.607313],[0.625197,0.578573,0.747292,0.595305,0.667774,0.598519,0.660438,0.640851,0.588953,0.662953,0.744061,0.740901,0.669192,0.6499,0.626514,0.697731,0.650376,0.742571,0.667413,0.707118,0.67291,0.535537,0.641435,0.733393,0.619172,0.642788,0.678195,1.0,0.730865,0.53975],[0.734883,0.546462,0.778113,0.65035,0.71188,0.610786,0.618042,0.664441,0.620063,0.722819,0.729223,0.665829,0.6611,0.673551,0.670249,0.711341,0.741969,0.716392,0.713516,0.778242,0.656962,0.562146,0.685707,0.760201,0.650779,0.658028,0.753014,0.730865,1.0,0.5746],[0.596594,0.536296,0.579611,0.632999,0.578445,0.711466,0.589874,0.581776,0.624911,0.542045,0.593339,0.613987,0.555086,0.599581,0.581171,0.617229,0.618097,0.576604,0.537406,0.612848,0.590372,0.646787,0.669876,0.600893,0.609437,0.622371,0.607313,0.53975,0.5746,1.0]],"seed_pair_procrustes_dist":[[0.0,0.214191,0.110074,0.149785,0.248817,0.103228,0.173459,0.142889,0.088323,0.120821,0.178151,0.126431,0.199197,0.106759,0.213193,0.169592,0.086692,0.157432,0.237327,0.159939,0.099058,0.104794,0.100688,0.168058,0.191546,0.111903,0.112176,0.168028,0.188414,0.079034],[0.214191,0.0,0.157612,0.17059,0.234771,0.191254,0.132244,0.159576,0.188221,0.179965,0.175845,0.149372,0.201429,0.170267,0.228637,0.155376,0.189122,0.176267,0.240934,0.195729,0.163867,0.169244,0.164159,0.194244,0.210406,0.171022,0.196268,0.13185,0.202551,0.208591],[0.110074,0.157612,0.0,0.137664,0.250459,0.132515,0.157519,0.119478,0.127292,0.128896,0.172612,0.096609,0.203654,0.126844,0.224629,0.13431,0.091264,0.161239,0.247682,0.155218,0.090195,0.09914,0.102974,0.183417,0.194347,0.105503,0.132979,0.138688,0.180188,0.121686],[0.149785,0.17059,0.137664,0.0,0.153515,0.104077,0.128365,0.155385,0.129482,0.098302,0.122034,0.160338,0.128249,0.127859,0.139104,0.116661,0.139219,0.130436,0.157137,0.114306,0.141657,0.116937,0.104974,0.133103,0.108794,0.124858,0.119455,0.134471,0.112457,0.157925],[0.248817,0.234771,0.250459,0.153515,0.0,0.162231,0.15347,0.206592,0.187089,0.147586,0.117777,0.222416,0.109675,0.172281,0.121739,0.162483,0.214159,0.13743,0.089816,0.155672,0.217304,0.207842,0.163714,0.152229,0.124096,0.193136,0.157459,0.179723,0.107926,0.234367],[0.103228,0.191254,0.132515,0.104077,0.162231,0.0,0.13586,0.126957,0.087969,0.071214,0.123028,0.131698,0.125661,0.090969,0.133755,0.118601,0.107216,0.107118,0.168406,0.109946,0.114276,0.114839,0.092028,0.110138,0.128386,0.092532,0.088792,0.118672,0.118521,0.123446],[0.173459,0.132244,0.157519,0.128365,0.15347,0.13586,0.0,0.119847,0.133096,0.12408,0.105838,0.125016,0.133986,0.117398,0.161196,0.135401,0.164476,0.105145,0.178607,0.149989,0.135623,0.148917,0.110969,0.142382,0.13389,0.141651,0.124278,0.123303,0.139059,0.170216],[0.142889,0.159576,0.119478,0.155385,0.206592,0.126957,0.119847,0.0,0.12495,0.124094,0.140765,0.079517,0.168126,0.116662,0.189721,0.133552,0.127499,0.1259,0.225558,0.15006,0.090505,0.138057,0.107586,0.155237,0.186002,0.110236,0.13007,0.117296,0.166571,0.146039],[0.088323,0.188221,0.127292,0.129482,0.187089,0.087969,0.133096,0.12495,0.0,0.099199,0.149326,0.119057,0.154779,0.075665,0.171927,0.146265,0.105584,0.112553,0.204551,0.124125,0.093353,0.107974,0.094101,0.124875,0.164609,0.098241,0.083807,0.130657,0.161069,0.096157],[0.120821,0.179965,0.128896,0.098302,0.147586,0.071214,0.12408,0.124094,0.099199,0.0,0.103438,0.134889,0.110962,0.092625,0.122858,0.097669,0.115977,0.093917,0.153618,0.088147,0.111201,0.122971,0.088073,0.10929,0.118124,0.091906,0.081639,0.102582,0.100514,0.135886],[0.178151,0.175845,0.172612,0.122034,0.117777,0.123028,0.105838,0.140765,0.149326,0.103438,0.0,0.153654,0.102677,0.124129,0.119865,0.119794,0.162598,0.089441,0.132894,0.120246,0.148477,0.156099,0.110907,0.122659,0.108885,0.13466,0.116932,0.126915,0.097421,0.180909],[0.126431,0.149372,0.096609,0.160338,0.222416,0.131698,0.125016,0.079517,0.119057,0.134889,0.153654,0.0,0.20122,0.119245,0.228954,0.150157,0.107605,0.153624,0.259246,0.172091,0.085201,0.12976,0.108269,0.173815,0.216463,0.118229,0.143813,0.127347,0.197148,0.127476],[0.199197,0.201429,0.203654,0.128249,0.109675,0.125661,0.133986,0.168126,0.154779,0.110962,0.102677,0.20122,0.0,0.129707,0.068486,0.117016,0.173156,0.09052,0.102865,0.102617,0.169286,0.173292,0.132786,0.097558,0.110036,0.141882,0.122082,0.12356,0.079617,0.197418],[0.106759,0.170267,0.126844,0.127859,0.172281,0.090969,0.117398,0.116662,0.075665,0.092625,0.124129,0.119245,0.129707,0.0,0.15836,0.130684,0.111254,0.103417,0.185685,0.131492,0.106036,0.110939,0.088444,0.116121,0.163283,0.097536,0.088148,0.121051,0.144719,0.120775],[0.213193,0.228637,0.224629,0.139104,0.121739,0.133755,0.161196,0.189721,0.171927,0.122858,0.119865,0.228954,0.068486,0.15836,0.0,0.128954,0.185491,0.110297,0.100881,0.117172,0.182207,0.182158,0.151007,0.102043,0.114433,0.153982,0.133748,0.143279,0.088135,0.205292],[0.169592,0.155376,0.13431,0.116661,0.162483,0.118601,0.135401,0.133552,0.146265,0.097669,0.119794,0.150157,0.117016,0.130684,0.128954,0.0,0.1387,0.12829,0.180616,0.104038,0.13332,0.131483,0.118444,0.117353,0.140666,0.103937,0.121609,0.085375,0.103308,0.167053],[0.086692,0.189122,0.091264,0.139219,0.214159,0.107216,0.164476,0.127499,0.105584,0.115977,0.162598,0.107605,0.173156,0.111254,0.185491,0.1387,0.0,0.167766,0.243973,0.157375,0.098916,0.108317,0.105848,0.171861,0.212413,0.105964,0.134587,0.148895,0.188825,0.103317],[0.157432,0.176267,0.161239,0.130436,0.13743,0.107118,0.105145,0.1259,0.112553,0.093917,0.089441,0.153624,0.09052,0.103417,0.110297,0.12829,0.167766,0.0,0.139508,0.113432,0.130542,0.150839,0.107516,0.108972,0.128185,0.117396,0.089426,0.11691,0.109903,0.16644],[0.237327,0.240934,0.247682,0.157137,0.089816,0.168406,0.178607,0.225558,0.204551,0.153618,0.132894,0.259246,0.102865,0.185685,0.100881,0.180616,0.243973,0.139508,0.0,0.155121,0.213544,0.208156,0.165795,0.147579,0.139008,0.192608,0.163744,0.179852,0.11443,0.232929],[0.159939,0.195729,0.155218,0.114306,0.155672,0.109946,0.149989,0.15006,0.124125,0.088147,0.120246,0.172091,0.102617,0.131492,0.117172,0.104038,0.157375,0.113432,0.155121,0.0,0.137207,0.142321,0.119898,0.113608,0.129057,0.109775,0.106446,0.11429,0.104795,0.161088],[0.099058,0.163867,0.090195,0.141657,0.217304,0.114276,0.135623,0.090505,0.093353,0.111201,0.148477,0.085201,0.169286,0.106036,0.182207,0.13332,0.098916,0.130542,0.213544,0.137207,0.0,0.102604,0.098469,0.165466,0.193031,0.101918,0.120674,0.128775,0.187355,0.098025],[0.104794,0.169244,0.09914,0.116937,0.207842,0.114839,0.148917,0.138057,0.107974,0.122971,0.156099,0.12976,0.173292,0.110939,0.182158,0.131483,0.108317,0.150839,0.208156,0.142321,0.102604,0.0,0.104364,0.162922,0.179096,0.112198,0.133974,0.150921,0.186856,0.100026],[0.100688,0.164159,0.102974,0.104974,0.163714,0.092028,0.110969,0.107586,0.094101,0.088073,0.110907,0.108269,0.132786,0.088444,0.151007,0.118444,0.105848,0.107516,0.165795,0.119898,0.098469,0.104364,0.0,0.136172,0.148493,0.104975,0.096032,0.126654,0.139222,0.117454],[0.168058,0.194244,0.183417,0.133103,0.152229,0.110138,0.142382,0.155237,0.124875,0.10929,0.122659,0.173815,0.097558,0.116121,0.102043,0.117353,0.171861,0.108972,0.147579,0.113608,0.165466,0.162922,0.136172,0.0,0.147375,0.112369,0.121636,0.116738,0.115978,0.164856],[0.191546,0.210406,0.194347,0.108794,0.124096,0.128386,0.13389,0.186002,0.164609,0.118124,0.108885,0.216463,0.110036,0.163283,0.114433,0.140666,0.212413,0.128185,0.139008,0.129057,0.193031,0.179096,0.148493,0.147375,0.0,0.152479,0.127044,0.149322,0.109591,0.187753],[0.111903,0.171022,0.105503,0.124858,0.193136,0.092532,0.141651,0.110236,0.098241,0.091906,0.13466,0.118229,0.141882,0.097536,0.153982,0.103937,0.105964,0.117396,0.192608,0.109775,0.101918,0.112198,0.104975,0.112369,0.152479,0.0,0.1065,0.107266,0.145997,0.120323],[0.112176,0.196268,0.132979,0.119455,0.157459,0.088792,0.124278,0.13007,0.083807,0.081639,0.116932,0.143813,0.122082,0.088148,0.133748,0.121609,0.134587,0.089426,0.163744,0.106446,0.120674,0.133974,0.096032,0.121636,0.127044,0.1065,0.0,0.12972,0.120552,0.124028],[0.168028,0.13185,0.138688,0.134471,0.179723,0.118672,0.123303,0.117296,0.130657,0.102582,0.126915,0.127347,0.12356,0.121051,0.143279,0.085375,0.148895,0.11691,0.179852,0.11429,0.128775,0.150921,0.126654,0.116738,0.149322,0.107266,0.12972,0.0,0.132063,0.165027],[0.188414,0.202551,0.180188,0.112457,0.107926,0.118521,0.139059,0.166571,0.161069,0.100514,0.097421,0.197148,0.079617,0.144719,0.088135,0.103308,0.188825,0.109903,0.11443,0.104795,0.187355,0.186856,0.139222,0.115978,0.109591,0.145997,0.120552,0.132063,0.0,0.191001],[0.079034,0.208591,0.121686,0.157925,0.234367,0.123446,0.170216,0.146039,0.096157,0.135886,0.180909,0.127476,0.197418,0.120775,0.205292,0.167053,0.103317,0.16644,0.232929,0.161088,0.098025,0.100026,0.117454,0.164856,0.187753,0.120323,0.124028,0.165027,0.191001,0.0]],"off_diagonal_summary":{"ari_mean":0.646999,"ari_min":0.499388,"ari_std":0.059465,"procrustes_mean":0.138988,"procrustes_max":0.259246},"framework_axis":"B-6 follow-up: deep-method seed stability for CAE-1D \u2014 pairwise cluster ARI + Procrustes between latent embeddings across N_SEEDS torch initialisations","generated_at":"2026-05-09T18:30:51Z","builder_version":"build_deep_seed_stability v0.1"}