{"scene_id":"indian-pines-corrected","method":"cae_1d_8","n_seeds":30,"latent_dim":8,"samples_per_class":220,"ari_vs_gt_per_seed":[0.300027,0.293364,0.300817,0.304021,0.330436,0.288562,0.290306,0.324234,0.30076,0.301154,0.298362,0.311307,0.297818,0.308139,0.299398,0.297505,0.303762,0.288072,0.313597,0.303003,0.304245,0.296223,0.300174,0.312881,0.306281,0.297653,0.296989,0.299769,0.295198,0.291373],"ari_vs_gt_summary":{"mean":0.301848,"std":0.009322,"min":0.288072,"max":0.330436},"seed_pair_ari":[[1.0,0.768072,0.772659,0.693798,0.767068,0.752775,0.773112,0.753732,0.72433,0.857488,0.790536,0.756844,0.757416,0.707615,0.817067,0.826626,0.763042,0.718838,0.769502,0.822651,0.756037,0.764027,0.744328,0.748612,0.741585,0.826619,0.757491,0.814007,0.790063,0.750499],[0.768072,1.0,0.812376,0.686155,0.666248,0.905718,0.782222,0.717124,0.698875,0.832504,0.722479,0.673054,0.836206,0.725533,0.707991,0.845461,0.845312,0.747151,0.778489,0.800781,0.910776,0.778845,0.82117,0.647378,0.779414,0.834476,0.833047,0.717332,0.847717,0.823861],[0.772659,0.812376,1.0,0.750149,0.666621,0.835281,0.725488,0.705542,0.71894,0.780406,0.701977,0.715433,0.806847,0.726937,0.715206,0.801537,0.808163,0.715851,0.758445,0.759449,0.814287,0.755587,0.874303,0.656847,0.860925,0.795686,0.850532,0.712396,0.777479,0.810825],[0.693798,0.686155,0.750149,1.0,0.664988,0.688839,0.680828,0.668627,0.763012,0.707955,0.682694,0.73765,0.710481,0.720377,0.700976,0.721708,0.737048,0.653452,0.706804,0.702101,0.706228,0.699841,0.724792,0.668106,0.772773,0.736391,0.714,0.690295,0.712143,0.691046],[0.767068,0.666248,0.666621,0.664988,1.0,0.646879,0.732699,0.753304,0.765362,0.766436,0.865492,0.827678,0.669214,0.733255,0.829431,0.733425,0.69076,0.634815,0.748591,0.774193,0.671933,0.685474,0.658842,0.830837,0.686169,0.732944,0.670937,0.858645,0.709176,0.641912],[0.752775,0.905718,0.835281,0.688839,0.646879,1.0,0.779957,0.695811,0.692568,0.805745,0.698994,0.668726,0.855292,0.723556,0.686608,0.816844,0.82694,0.767346,0.757407,0.780894,0.874704,0.77084,0.83491,0.625052,0.788192,0.800036,0.840075,0.705346,0.825679,0.854415],[0.773112,0.782222,0.725488,0.680828,0.732699,0.779957,1.0,0.651696,0.776928,0.748127,0.798872,0.747665,0.77224,0.693987,0.791178,0.760884,0.758393,0.718145,0.691935,0.734636,0.766047,0.71417,0.724343,0.707117,0.692345,0.754232,0.742876,0.783427,0.791834,0.761045],[0.753732,0.717124,0.705542,0.668627,0.753304,0.695811,0.651696,1.0,0.671926,0.775353,0.700939,0.710996,0.718913,0.723928,0.69922,0.748857,0.727044,0.677018,0.796262,0.785075,0.727213,0.720498,0.705661,0.78371,0.74038,0.762908,0.710214,0.729306,0.737738,0.673443],[0.72433,0.698875,0.71894,0.763012,0.765362,0.692568,0.776928,0.671926,1.0,0.722228,0.814401,0.828421,0.729037,0.666886,0.811681,0.738406,0.772016,0.614669,0.734282,0.703957,0.707174,0.687715,0.678277,0.779266,0.714059,0.757782,0.66703,0.782674,0.750786,0.688801],[0.857488,0.832504,0.780406,0.707955,0.766436,0.805745,0.748127,0.775353,0.722228,1.0,0.789204,0.755668,0.812796,0.736673,0.78437,0.907946,0.839339,0.737405,0.856798,0.879452,0.810934,0.822477,0.773391,0.725002,0.76498,0.879605,0.784438,0.799263,0.847541,0.749872],[0.790536,0.722479,0.701977,0.682694,0.865492,0.698994,0.798872,0.700939,0.814401,0.789204,1.0,0.808016,0.723999,0.689517,0.854721,0.78756,0.743127,0.638826,0.767908,0.777358,0.714476,0.732272,0.686738,0.785895,0.67679,0.749848,0.708259,0.854311,0.767916,0.694148],[0.756844,0.673054,0.715433,0.73765,0.827678,0.668726,0.747665,0.710996,0.828421,0.755668,0.808016,1.0,0.718838,0.683086,0.836994,0.751559,0.73784,0.64831,0.713515,0.770609,0.693948,0.683851,0.687647,0.806142,0.747357,0.765288,0.677467,0.881752,0.735992,0.668172],[0.757416,0.836206,0.806847,0.710481,0.669214,0.855292,0.77224,0.718913,0.729037,0.812796,0.723999,0.718838,1.0,0.688157,0.693821,0.848036,0.888905,0.795972,0.814224,0.793205,0.853343,0.811308,0.79501,0.638151,0.755685,0.811044,0.780249,0.718323,0.848495,0.80142],[0.707615,0.725533,0.726937,0.720377,0.733255,0.723556,0.693987,0.723928,0.666886,0.736673,0.689517,0.683086,0.688157,1.0,0.669544,0.713191,0.687786,0.688276,0.750872,0.714271,0.715981,0.696876,0.738073,0.725942,0.773462,0.712182,0.754888,0.686942,0.703441,0.689352],[0.817067,0.707991,0.715206,0.700976,0.829431,0.686608,0.791178,0.69922,0.811681,0.78437,0.854721,0.836994,0.693821,0.669544,1.0,0.76881,0.725435,0.639493,0.717535,0.770794,0.714287,0.711898,0.685504,0.820615,0.69593,0.794204,0.700317,0.870734,0.760791,0.685071],[0.826626,0.845461,0.801537,0.721708,0.733425,0.816844,0.760884,0.748857,0.738406,0.907946,0.78756,0.751559,0.848036,0.713191,0.76881,1.0,0.856649,0.736146,0.859642,0.87904,0.821954,0.828726,0.797935,0.688012,0.762648,0.861195,0.811338,0.785205,0.855757,0.769209],[0.763042,0.845312,0.808163,0.737048,0.69076,0.82694,0.758393,0.727044,0.772016,0.839339,0.743127,0.73784,0.888905,0.687786,0.725435,0.856649,1.0,0.732287,0.816284,0.808915,0.864037,0.830101,0.80566,0.671512,0.778076,0.862653,0.785214,0.736707,0.886126,0.785229],[0.718838,0.747151,0.715851,0.653452,0.634815,0.767346,0.718145,0.677018,0.614669,0.737405,0.638826,0.64831,0.795972,0.688276,0.639493,0.736146,0.732287,1.0,0.696914,0.741236,0.745618,0.762155,0.704014,0.593244,0.689437,0.731341,0.707932,0.678097,0.741929,0.745439],[0.769502,0.778489,0.758445,0.706804,0.748591,0.757407,0.691935,0.796262,0.734282,0.856798,0.767908,0.713515,0.814224,0.750872,0.717535,0.859642,0.816284,0.696914,1.0,0.799515,0.760734,0.794957,0.742024,0.740003,0.724483,0.803598,0.733406,0.712739,0.804318,0.715652],[0.822651,0.800781,0.759449,0.702101,0.774193,0.780894,0.734636,0.785075,0.703957,0.879452,0.777358,0.770609,0.793205,0.714271,0.770794,0.87904,0.808915,0.741236,0.799515,1.0,0.793104,0.802161,0.762023,0.704787,0.773616,0.840475,0.777488,0.813647,0.821719,0.739405],[0.756037,0.910776,0.814287,0.706228,0.671933,0.874704,0.766047,0.727213,0.707174,0.810934,0.714476,0.693948,0.853343,0.715981,0.714287,0.821954,0.864037,0.745618,0.760734,0.793104,1.0,0.781431,0.825321,0.652477,0.804471,0.824425,0.832038,0.718908,0.84525,0.819391],[0.764027,0.778845,0.755587,0.699841,0.685474,0.77084,0.71417,0.720498,0.687715,0.822477,0.732272,0.683851,0.811308,0.696876,0.711898,0.828726,0.830101,0.762155,0.794957,0.802161,0.781431,1.0,0.760395,0.655659,0.723984,0.806686,0.756933,0.719585,0.795636,0.738577],[0.744328,0.82117,0.874303,0.724792,0.658842,0.83491,0.724343,0.705661,0.678277,0.773391,0.686738,0.687647,0.79501,0.738073,0.685504,0.797935,0.80566,0.704014,0.742024,0.762023,0.825321,0.760395,1.0,0.63674,0.858239,0.778807,0.905827,0.694886,0.775507,0.79983],[0.748612,0.647378,0.656847,0.668106,0.830837,0.625052,0.707117,0.78371,0.779266,0.725002,0.785895,0.806142,0.638151,0.725942,0.820615,0.688012,0.671512,0.593244,0.740003,0.704787,0.652477,0.655659,0.63674,1.0,0.681711,0.727692,0.641279,0.817867,0.684609,0.613205],[0.741585,0.779414,0.860925,0.772773,0.686169,0.788192,0.692345,0.74038,0.714059,0.76498,0.67679,0.747357,0.755685,0.773462,0.69593,0.762648,0.778076,0.689437,0.724483,0.773616,0.804471,0.723984,0.858239,0.681711,1.0,0.798516,0.857796,0.720758,0.77438,0.760082],[0.826619,0.834476,0.795686,0.736391,0.732944,0.800036,0.754232,0.762908,0.757782,0.879605,0.749848,0.765288,0.811044,0.712182,0.794204,0.861195,0.862653,0.731341,0.803598,0.840475,0.824425,0.806686,0.778807,0.727692,0.798516,1.0,0.784091,0.779544,0.886477,0.766619],[0.757491,0.833047,0.850532,0.714,0.670937,0.840075,0.742876,0.710214,0.66703,0.784438,0.708259,0.677467,0.780249,0.754888,0.700317,0.811338,0.785214,0.707932,0.733406,0.777488,0.832038,0.756933,0.905827,0.641279,0.857796,0.784091,1.0,0.708287,0.796034,0.800398],[0.814007,0.717332,0.712396,0.690295,0.858645,0.705346,0.783427,0.729306,0.782674,0.799263,0.854311,0.881752,0.718323,0.686942,0.870734,0.785205,0.736707,0.678097,0.712739,0.813647,0.718908,0.719585,0.694886,0.817867,0.720758,0.779544,0.708287,1.0,0.762205,0.689241],[0.790063,0.847717,0.777479,0.712143,0.709176,0.825679,0.791834,0.737738,0.750786,0.847541,0.767916,0.735992,0.848495,0.703441,0.760791,0.855757,0.886126,0.741929,0.804318,0.821719,0.84525,0.795636,0.775507,0.684609,0.77438,0.886477,0.796034,0.762205,1.0,0.782386],[0.750499,0.823861,0.810825,0.691046,0.641912,0.854415,0.761045,0.673443,0.688801,0.749872,0.694148,0.668172,0.80142,0.689352,0.685071,0.769209,0.785229,0.745439,0.715652,0.739405,0.819391,0.738577,0.79983,0.613205,0.760082,0.766619,0.800398,0.689241,0.782386,1.0]],"seed_pair_procrustes_dist":[[0.0,0.052637,0.084544,0.201256,0.08711,0.118129,0.110227,0.097671,0.07531,0.071282,0.075649,0.113573,0.082642,0.142255,0.059339,0.050703,0.067896,0.092023,0.085408,0.101968,0.066058,0.107281,0.107595,0.062161,0.080374,0.07038,0.062003,0.088164,0.111543,0.195564],[0.052637,0.0,0.072463,0.199692,0.081307,0.104382,0.107702,0.098221,0.067689,0.065101,0.059758,0.121752,0.06934,0.141751,0.067221,0.048873,0.050871,0.083653,0.067266,0.09701,0.059133,0.091921,0.096116,0.069682,0.084656,0.080673,0.062176,0.097927,0.111722,0.19422],[0.084544,0.072463,0.0,0.218128,0.101936,0.126201,0.124402,0.110491,0.085796,0.098561,0.086496,0.141743,0.080382,0.15634,0.061265,0.092337,0.063776,0.082498,0.062772,0.111094,0.073045,0.10559,0.118295,0.075709,0.090723,0.109661,0.066213,0.11671,0.138387,0.211884],[0.201256,0.199692,0.218128,0.0,0.277057,0.134467,0.149108,0.27382,0.201047,0.277421,0.232982,0.126728,0.201223,0.113904,0.279738,0.220943,0.236005,0.237098,0.285503,0.317063,0.208036,0.165135,0.152207,0.263613,0.184212,0.178561,0.237913,0.197986,0.127433,0.045576],[0.08711,0.081307,0.101936,0.277057,0.0,0.137119,0.132151,0.066984,0.116825,0.072973,0.061814,0.140897,0.095586,0.150943,0.084738,0.077177,0.105542,0.087942,0.079766,0.079847,0.101808,0.121249,0.141316,0.072615,0.116941,0.120646,0.116509,0.086392,0.132827,0.226128],[0.118129,0.104382,0.126201,0.134467,0.137119,0.0,0.058639,0.159895,0.090894,0.145854,0.102161,0.078114,0.074002,0.075245,0.152998,0.102342,0.107279,0.107803,0.144648,0.182531,0.091528,0.05827,0.058299,0.146235,0.086635,0.09068,0.119775,0.109306,0.062118,0.119542],[0.110227,0.107702,0.124402,0.149108,0.132151,0.058639,0.0,0.159014,0.086593,0.146749,0.104498,0.061858,0.077467,0.068618,0.142224,0.099929,0.114524,0.096974,0.137834,0.182401,0.096085,0.080067,0.085532,0.132604,0.075398,0.075907,0.121717,0.093463,0.058332,0.133175],[0.097671,0.098221,0.110491,0.27382,0.066984,0.159895,0.159014,0.0,0.128445,0.100821,0.094351,0.145696,0.110078,0.153161,0.100014,0.096884,0.114644,0.109356,0.109892,0.098129,0.102667,0.12283,0.140453,0.075103,0.11545,0.130133,0.117373,0.089756,0.143483,0.22426],[0.07531,0.067689,0.085796,0.201047,0.116825,0.090894,0.086593,0.128445,0.0,0.116112,0.084277,0.094326,0.06606,0.120807,0.093368,0.076993,0.058354,0.096183,0.104437,0.151272,0.049503,0.083916,0.077707,0.090415,0.053574,0.057064,0.063264,0.097252,0.087727,0.157861],[0.071282,0.065101,0.098561,0.277421,0.072973,0.145854,0.146749,0.100821,0.116112,0.0,0.073932,0.147853,0.095446,0.162517,0.087673,0.058037,0.086072,0.091373,0.071012,0.058829,0.098127,0.118722,0.130643,0.096126,0.122049,0.111772,0.097643,0.110834,0.137845,0.223143],[0.075649,0.059758,0.086496,0.232982,0.061814,0.102161,0.104498,0.094351,0.084277,0.073932,0.0,0.114405,0.059812,0.126788,0.085922,0.059961,0.073225,0.067847,0.075173,0.100605,0.072156,0.087501,0.100063,0.083023,0.091428,0.095224,0.090397,0.086124,0.101786,0.191996],[0.113573,0.121752,0.141743,0.126728,0.140897,0.078114,0.061858,0.145696,0.094326,0.147853,0.114405,0.0,0.101459,0.063936,0.154922,0.110923,0.135946,0.128968,0.16791,0.200835,0.106839,0.094712,0.091846,0.138037,0.080531,0.072503,0.132629,0.083614,0.044452,0.116317],[0.082642,0.06934,0.080382,0.201223,0.095586,0.074002,0.077467,0.110078,0.06606,0.095446,0.059812,0.101459,0.0,0.102646,0.101281,0.063816,0.064826,0.056073,0.082792,0.129058,0.05957,0.057939,0.073406,0.096102,0.068573,0.080937,0.076685,0.087025,0.088761,0.166804],[0.142255,0.141751,0.15634,0.113904,0.150943,0.075245,0.068618,0.153161,0.120807,0.162517,0.126788,0.063936,0.102646,0.0,0.184486,0.135502,0.159118,0.132902,0.185119,0.215475,0.131741,0.09055,0.105207,0.165279,0.104023,0.113567,0.163801,0.102447,0.064793,0.113998],[0.059339,0.067221,0.061265,0.279738,0.084738,0.152998,0.142224,0.100014,0.093368,0.087673,0.085922,0.154922,0.101281,0.184486,0.0,0.081935,0.074743,0.093049,0.075513,0.099594,0.0762,0.121613,0.129259,0.05293,0.091077,0.098416,0.074951,0.099813,0.132082,0.216336],[0.050703,0.048873,0.092337,0.220943,0.077177,0.102342,0.099929,0.096884,0.076993,0.058037,0.059961,0.110923,0.063816,0.135502,0.081935,0.0,0.071009,0.07797,0.081401,0.100021,0.070317,0.082903,0.092781,0.082822,0.084587,0.068141,0.076951,0.079599,0.094858,0.182906],[0.067896,0.050871,0.063776,0.236005,0.105542,0.107279,0.114524,0.114644,0.058354,0.086072,0.073225,0.135946,0.064826,0.159118,0.074743,0.071009,0.0,0.084216,0.076392,0.11571,0.047568,0.082758,0.08451,0.087365,0.075245,0.08398,0.044975,0.109344,0.113038,0.183546],[0.092023,0.083653,0.082498,0.237098,0.087942,0.107803,0.096974,0.109356,0.096183,0.091373,0.067847,0.128968,0.056073,0.132902,0.093049,0.07797,0.084216,0.0,0.071287,0.112545,0.085343,0.088209,0.109907,0.097108,0.088254,0.104882,0.096364,0.09321,0.114294,0.196271],[0.085408,0.067266,0.062772,0.285503,0.079766,0.144648,0.137834,0.109892,0.104437,0.071012,0.075173,0.16791,0.082792,0.185119,0.075513,0.081401,0.076392,0.071287,0.0,0.088032,0.089777,0.109586,0.128962,0.086669,0.110463,0.115989,0.087206,0.115609,0.139656,0.223535],[0.101968,0.09701,0.111094,0.317063,0.079847,0.182531,0.182401,0.098129,0.151272,0.058829,0.100605,0.200835,0.129058,0.215475,0.099594,0.100021,0.11571,0.112545,0.088032,0.0,0.122606,0.141102,0.157052,0.106393,0.145183,0.144631,0.121808,0.129234,0.166555,0.249918],[0.066058,0.059133,0.073045,0.208036,0.101808,0.091528,0.096085,0.102667,0.049503,0.098127,0.072156,0.106839,0.05957,0.131741,0.0762,0.070317,0.047568,0.085343,0.089777,0.122606,0.0,0.071077,0.072835,0.077012,0.050217,0.067339,0.052717,0.08616,0.092883,0.166278],[0.107281,0.091921,0.10559,0.165135,0.121249,0.05827,0.080067,0.12283,0.083916,0.118722,0.087501,0.094712,0.057939,0.09055,0.121613,0.082903,0.082758,0.088209,0.109586,0.141102,0.071077,0.0,0.05777,0.122823,0.07847,0.090788,0.09918,0.09924,0.07927,0.140898],[0.107595,0.096116,0.118295,0.152207,0.141316,0.058299,0.085532,0.140453,0.077707,0.130643,0.100063,0.091846,0.073406,0.105207,0.129259,0.092781,0.08451,0.109907,0.128962,0.157052,0.072835,0.05777,0.0,0.135705,0.08278,0.0866,0.094017,0.118473,0.078947,0.125186],[0.062161,0.069682,0.075709,0.263613,0.072615,0.146235,0.132604,0.075103,0.090415,0.096126,0.083023,0.138037,0.096102,0.165279,0.05293,0.082822,0.087365,0.097108,0.086669,0.106393,0.077012,0.122823,0.135705,0.0,0.080325,0.092629,0.083117,0.080576,0.121745,0.207932],[0.080374,0.084656,0.090723,0.184212,0.116941,0.086635,0.075398,0.11545,0.053574,0.122049,0.091428,0.080531,0.068573,0.104023,0.091077,0.084587,0.075245,0.088254,0.110463,0.145183,0.050217,0.07847,0.08278,0.080325,0.0,0.058754,0.076678,0.074945,0.076699,0.149302],[0.07038,0.080673,0.109661,0.178561,0.120646,0.09068,0.075907,0.130133,0.057064,0.111772,0.095224,0.072503,0.080937,0.113567,0.098416,0.068141,0.08398,0.104882,0.115989,0.144631,0.067339,0.090788,0.0866,0.092629,0.058754,0.0,0.085803,0.081499,0.066826,0.146823],[0.062003,0.062176,0.066213,0.237913,0.116509,0.119775,0.121717,0.117373,0.063264,0.097643,0.090397,0.132629,0.076685,0.163801,0.074951,0.076951,0.044975,0.096364,0.087206,0.121808,0.052717,0.09918,0.094017,0.083117,0.076678,0.085803,0.0,0.110707,0.116799,0.183724],[0.088164,0.097927,0.11671,0.197986,0.086392,0.109306,0.093463,0.089756,0.097252,0.110834,0.086124,0.083614,0.087025,0.102447,0.099813,0.079599,0.109344,0.09321,0.115609,0.129234,0.08616,0.09924,0.118473,0.080576,0.074945,0.081499,0.110707,0.0,0.082293,0.173322],[0.111543,0.111722,0.138387,0.127433,0.132827,0.062118,0.058332,0.143483,0.087727,0.137845,0.101786,0.044452,0.088761,0.064793,0.132082,0.094858,0.113038,0.114294,0.139656,0.166555,0.092883,0.07927,0.078947,0.121745,0.076699,0.066826,0.116799,0.082293,0.0,0.113431],[0.195564,0.19422,0.211884,0.045576,0.226128,0.119542,0.133175,0.22426,0.157861,0.223143,0.191996,0.116317,0.166804,0.113998,0.216336,0.182906,0.183546,0.196271,0.223535,0.249918,0.166278,0.140898,0.125186,0.207932,0.149302,0.146823,0.183724,0.173322,0.113431,0.0]],"off_diagonal_summary":{"ari_mean":0.754583,"ari_min":0.593244,"ari_std":0.060838,"procrustes_mean":0.109813,"procrustes_max":0.317063},"framework_axis":"B-6 follow-up: deep-method seed stability for CAE-1D \u2014 pairwise cluster ARI + Procrustes between latent embeddings across N_SEEDS torch initialisations","generated_at":"2026-05-09T17:17:40Z","builder_version":"build_deep_seed_stability v0.1"}