{"scene_id":"indian-pines-corrected","method":"cae_2d_8","n_seeds":30,"latent_dim":8,"samples_per_class":220,"ari_vs_gt_per_seed":[0.291191,0.294331,0.293506,0.293631,0.287211,0.29365,0.291116,0.293194,0.294551,0.292204,0.293347,0.292503,0.297515,0.291064,0.294027,0.288584,0.297399,0.294845,0.291313,0.292068,0.293636,0.293804,0.296324,0.299096,0.295151,0.298058,0.294118,0.291465,0.298808,0.291957],"ari_vs_gt_summary":{"mean":0.293656,"std":0.002725,"min":0.287211,"max":0.299096},"seed_pair_ari":[[1.0,0.852704,0.82843,0.840749,0.772211,0.923358,0.902976,0.851411,0.80984,0.835564,0.839967,0.829452,0.903816,0.844732,0.837203,0.848434,0.889198,0.844735,0.74385,0.83357,0.842472,0.812228,0.866531,0.859569,0.816205,0.868336,0.842531,0.840868,0.900883,0.809298],[0.852704,1.0,0.914563,0.918903,0.832848,0.866689,0.845983,0.938167,0.893428,0.914572,0.941323,0.936569,0.861405,0.8561,0.898702,0.845386,0.873804,0.932877,0.765947,0.907856,0.951993,0.904756,0.924172,0.856507,0.928521,0.862028,0.962083,0.916034,0.884921,0.865143],[0.82843,0.914563,1.0,0.873532,0.793052,0.836988,0.850913,0.893483,0.871421,0.894984,0.918658,0.927943,0.841337,0.812736,0.841568,0.800973,0.853981,0.90057,0.731777,0.874667,0.91128,0.914284,0.904126,0.846216,0.879058,0.841621,0.913955,0.880574,0.859602,0.894187],[0.840749,0.918903,0.873532,1.0,0.81808,0.841705,0.831601,0.891703,0.883394,0.892137,0.888505,0.880486,0.844902,0.872935,0.891165,0.840417,0.868085,0.91589,0.78683,0.879575,0.896836,0.899758,0.900835,0.882714,0.940582,0.876738,0.914919,0.888191,0.873998,0.824093],[0.772211,0.832848,0.793052,0.81808,1.0,0.760154,0.777472,0.83408,0.855502,0.81235,0.82449,0.801234,0.798647,0.799143,0.82931,0.832681,0.795694,0.816767,0.832865,0.87648,0.829605,0.803808,0.815753,0.81593,0.805475,0.82018,0.82183,0.860281,0.780892,0.760394],[0.923358,0.866689,0.836988,0.841705,0.760154,1.0,0.867417,0.845605,0.802863,0.841609,0.860253,0.84227,0.864264,0.841737,0.838071,0.838948,0.8971,0.841045,0.726334,0.826672,0.85799,0.820238,0.862529,0.838656,0.819136,0.849339,0.853218,0.825857,0.897137,0.812184],[0.902976,0.845983,0.850913,0.831601,0.777472,0.867417,1.0,0.852358,0.819272,0.814572,0.835107,0.825385,0.893694,0.837892,0.831642,0.831424,0.892399,0.828007,0.747735,0.844938,0.830911,0.820006,0.860771,0.869165,0.805455,0.873216,0.846558,0.845939,0.885525,0.823757],[0.851411,0.938167,0.893483,0.891703,0.83408,0.845605,0.852358,1.0,0.880147,0.909068,0.924503,0.905995,0.862302,0.82609,0.861813,0.827128,0.867055,0.921718,0.764312,0.920489,0.93177,0.890414,0.898613,0.849967,0.891038,0.851159,0.948967,0.92713,0.868235,0.849699],[0.80984,0.893428,0.871421,0.883394,0.855502,0.802863,0.819272,0.880147,1.0,0.887337,0.873124,0.881523,0.856821,0.841934,0.869852,0.811501,0.842396,0.892081,0.782063,0.914975,0.903327,0.891686,0.886526,0.89464,0.867432,0.896674,0.889022,0.915497,0.852761,0.814305],[0.835564,0.914572,0.894984,0.892137,0.81235,0.841609,0.814572,0.909068,0.887337,1.0,0.931331,0.912427,0.832453,0.825606,0.85137,0.809186,0.839613,0.90021,0.755979,0.901824,0.917317,0.925359,0.889691,0.850188,0.880389,0.849782,0.909987,0.910929,0.851732,0.836244],[0.839967,0.941323,0.918658,0.888505,0.82449,0.860253,0.835107,0.924503,0.873124,0.931331,1.0,0.942944,0.834289,0.827392,0.863318,0.82666,0.853477,0.904428,0.752013,0.916409,0.935482,0.92522,0.897234,0.83749,0.893425,0.842476,0.932518,0.906632,0.853513,0.861727],[0.829452,0.936569,0.927943,0.880486,0.801234,0.84227,0.825385,0.905995,0.881523,0.912427,0.942944,1.0,0.852137,0.833189,0.870982,0.812146,0.851561,0.925493,0.737297,0.885032,0.941661,0.932228,0.904846,0.842565,0.892474,0.843711,0.932159,0.888886,0.864805,0.86933],[0.903816,0.861405,0.841337,0.844902,0.798647,0.864264,0.893694,0.862302,0.856821,0.832453,0.834289,0.852137,1.0,0.847502,0.855377,0.84789,0.904627,0.863053,0.760335,0.851113,0.857786,0.826857,0.891805,0.914436,0.821758,0.918358,0.850027,0.862709,0.92343,0.811428],[0.844732,0.8561,0.812736,0.872935,0.799143,0.841737,0.837892,0.82609,0.841934,0.825606,0.827392,0.833189,0.847502,1.0,0.934267,0.884138,0.88024,0.83485,0.78007,0.830288,0.852511,0.816756,0.85231,0.864941,0.837631,0.87638,0.838341,0.837805,0.876495,0.820688],[0.837203,0.898702,0.841568,0.891165,0.82931,0.838071,0.831642,0.861813,0.869852,0.85137,0.863318,0.870982,0.855377,0.934267,1.0,0.88219,0.862624,0.869179,0.780657,0.85861,0.88517,0.841859,0.880178,0.857623,0.867195,0.862057,0.873469,0.863769,0.86506,0.852672],[0.848434,0.845386,0.800973,0.840417,0.832681,0.838948,0.831424,0.827128,0.811501,0.809186,0.82666,0.812146,0.84789,0.884138,0.88219,1.0,0.87097,0.821079,0.813902,0.822843,0.835639,0.789678,0.839294,0.838845,0.819676,0.843033,0.826283,0.821556,0.864735,0.792787],[0.889198,0.873804,0.853981,0.868085,0.795694,0.8971,0.892399,0.867055,0.842396,0.839613,0.853477,0.851561,0.904627,0.88024,0.862624,0.87097,1.0,0.860475,0.773604,0.848785,0.875956,0.842092,0.895685,0.907283,0.844608,0.914857,0.876463,0.84719,0.950886,0.819136],[0.844735,0.932877,0.90057,0.91589,0.816767,0.841045,0.828007,0.921718,0.892081,0.90021,0.904428,0.925493,0.863053,0.83485,0.869179,0.821079,0.860475,1.0,0.760962,0.888971,0.935529,0.906059,0.934384,0.861451,0.910839,0.862592,0.928744,0.894271,0.877684,0.858042],[0.74385,0.765947,0.731777,0.78683,0.832865,0.726334,0.747735,0.764312,0.782063,0.755979,0.752013,0.737297,0.760335,0.78007,0.780657,0.813902,0.773604,0.760962,1.0,0.788161,0.765527,0.76033,0.763587,0.789991,0.771189,0.791664,0.758199,0.789559,0.757266,0.701382],[0.83357,0.907856,0.874667,0.879575,0.87648,0.826672,0.844938,0.920489,0.914975,0.901824,0.916409,0.885032,0.851113,0.830288,0.85861,0.822843,0.848785,0.888971,0.788161,1.0,0.911485,0.884846,0.881388,0.867135,0.864727,0.873254,0.90247,0.953399,0.837418,0.825588],[0.842472,0.951993,0.91128,0.896836,0.829605,0.85799,0.830911,0.93177,0.903327,0.917317,0.935482,0.941661,0.857786,0.852511,0.88517,0.835639,0.875956,0.935529,0.765527,0.911485,1.0,0.919092,0.921641,0.860974,0.906017,0.868682,0.94187,0.913813,0.887179,0.855495],[0.812228,0.904756,0.914284,0.899758,0.803808,0.820238,0.820006,0.890414,0.891686,0.925359,0.92522,0.932228,0.826857,0.816756,0.841859,0.789678,0.842092,0.906059,0.76033,0.884846,0.919092,1.0,0.890214,0.85928,0.902227,0.852827,0.906452,0.893525,0.849121,0.84264],[0.866531,0.924172,0.904126,0.900835,0.815753,0.862529,0.860771,0.898613,0.886526,0.889691,0.897234,0.904846,0.891805,0.85231,0.880178,0.839294,0.895685,0.934384,0.763587,0.881388,0.921641,0.890214,1.0,0.885254,0.894328,0.889931,0.911211,0.888245,0.908461,0.853323],[0.859569,0.856507,0.846216,0.882714,0.81593,0.838656,0.869165,0.849967,0.89464,0.850188,0.83749,0.842565,0.914436,0.864941,0.857623,0.838845,0.907283,0.861451,0.789991,0.867135,0.860974,0.85928,0.885254,1.0,0.840534,0.964998,0.856549,0.872921,0.918039,0.805757],[0.816205,0.928521,0.879058,0.940582,0.805475,0.819136,0.805455,0.891038,0.867432,0.880389,0.893425,0.892474,0.821758,0.837631,0.867195,0.819676,0.844608,0.910839,0.771189,0.864727,0.906017,0.902227,0.894328,0.840534,1.0,0.838643,0.92182,0.871917,0.851684,0.833797],[0.868336,0.862028,0.841621,0.876738,0.82018,0.849339,0.873216,0.851159,0.896674,0.849782,0.842476,0.843711,0.918358,0.87638,0.862057,0.843033,0.914857,0.862592,0.791664,0.873254,0.868682,0.852827,0.889931,0.964998,0.838643,1.0,0.857157,0.876166,0.925635,0.803324],[0.842531,0.962083,0.913955,0.914919,0.82183,0.853218,0.846558,0.948967,0.889022,0.909987,0.932518,0.932159,0.850027,0.838341,0.873469,0.826283,0.876463,0.928744,0.758199,0.90247,0.94187,0.906452,0.911211,0.856549,0.92182,0.857157,1.0,0.906488,0.882228,0.86949],[0.840868,0.916034,0.880574,0.888191,0.860281,0.825857,0.845939,0.92713,0.915497,0.910929,0.906632,0.888886,0.862709,0.837805,0.863769,0.821556,0.84719,0.894271,0.789559,0.953399,0.913813,0.893525,0.888245,0.872921,0.871917,0.876166,0.906488,1.0,0.847333,0.822427],[0.900883,0.884921,0.859602,0.873998,0.780892,0.897137,0.885525,0.868235,0.852761,0.851732,0.853513,0.864805,0.92343,0.876495,0.86506,0.864735,0.950886,0.877684,0.757266,0.837418,0.887179,0.849121,0.908461,0.918039,0.851684,0.925635,0.882228,0.847333,1.0,0.826537],[0.809298,0.865143,0.894187,0.824093,0.760394,0.812184,0.823757,0.849699,0.814305,0.836244,0.861727,0.86933,0.811428,0.820688,0.852672,0.792787,0.819136,0.858042,0.701382,0.825588,0.855495,0.84264,0.853323,0.805757,0.833797,0.803324,0.86949,0.822427,0.826537,1.0]],"seed_pair_procrustes_dist":[[0.0,0.034226,0.043336,0.0501,0.02856,0.036427,0.052415,0.036446,0.042493,0.033646,0.039009,0.039845,0.039366,0.050046,0.048763,0.044829,0.045019,0.051841,0.041758,0.032649,0.037639,0.046636,0.053051,0.035905,0.040037,0.036841,0.027661,0.042311,0.040943,0.043119],[0.034226,0.0,0.047714,0.04218,0.038246,0.034128,0.061226,0.045624,0.04478,0.033791,0.03501,0.043314,0.047775,0.048137,0.042116,0.038167,0.043115,0.049147,0.04371,0.030665,0.038752,0.050201,0.054807,0.038566,0.036556,0.037885,0.033098,0.044645,0.039463,0.052905],[0.043336,0.047714,0.0,0.052753,0.046201,0.046721,0.047699,0.053796,0.047651,0.052932,0.04454,0.050746,0.050801,0.062235,0.059122,0.0564,0.058281,0.06544,0.058883,0.042545,0.050293,0.053146,0.061355,0.045379,0.042203,0.045492,0.042234,0.045709,0.053623,0.039631],[0.0501,0.04218,0.052753,0.0,0.052337,0.038049,0.057409,0.058594,0.051325,0.047121,0.042426,0.046863,0.05619,0.050315,0.040605,0.044926,0.052674,0.05483,0.052482,0.042416,0.046485,0.054049,0.054772,0.053775,0.046706,0.043845,0.042641,0.051559,0.0498,0.055482],[0.02856,0.038246,0.046201,0.052337,0.0,0.034841,0.053915,0.044813,0.049699,0.040998,0.036216,0.037686,0.040622,0.044853,0.046192,0.041642,0.045698,0.047428,0.041941,0.032991,0.037439,0.044748,0.046929,0.033617,0.045985,0.033111,0.02811,0.049801,0.041286,0.043807],[0.036427,0.034128,0.046721,0.038049,0.034841,0.0,0.05348,0.051212,0.051836,0.034706,0.029046,0.030172,0.037543,0.046862,0.036081,0.032844,0.052074,0.041078,0.040702,0.028632,0.034393,0.035764,0.04391,0.035042,0.045561,0.031939,0.034016,0.050876,0.042785,0.042722],[0.052415,0.061226,0.047699,0.057409,0.053915,0.05348,0.0,0.060382,0.048613,0.059933,0.051095,0.056111,0.057548,0.064572,0.062317,0.06205,0.061739,0.070906,0.062984,0.05396,0.053638,0.061159,0.066423,0.05913,0.057926,0.048037,0.044894,0.057758,0.05545,0.04181],[0.036446,0.045624,0.053796,0.058594,0.044813,0.051212,0.060382,0.0,0.049467,0.03956,0.049233,0.054667,0.058156,0.051545,0.054258,0.054203,0.045056,0.06855,0.044476,0.044521,0.048013,0.064149,0.067759,0.053271,0.045124,0.053861,0.03885,0.047581,0.046665,0.059833],[0.042493,0.04478,0.047651,0.051325,0.049699,0.051836,0.048613,0.049467,0.0,0.049155,0.047034,0.05538,0.059716,0.059206,0.05657,0.05659,0.04371,0.070069,0.055236,0.047104,0.047123,0.064239,0.069915,0.056546,0.040952,0.045426,0.041129,0.046324,0.044212,0.05269],[0.033646,0.033791,0.052932,0.047121,0.040998,0.034706,0.059933,0.03956,0.049155,0.0,0.040688,0.040416,0.045717,0.050309,0.043309,0.039805,0.047607,0.050697,0.036365,0.032591,0.036021,0.046496,0.055109,0.044534,0.041646,0.044329,0.034353,0.045189,0.044512,0.051432],[0.039009,0.03501,0.04454,0.042426,0.036216,0.029046,0.051095,0.049233,0.047034,0.040688,0.0,0.037247,0.045209,0.044878,0.036091,0.035073,0.046566,0.045386,0.042048,0.032746,0.03394,0.044505,0.047651,0.039157,0.046961,0.03574,0.033486,0.055548,0.040059,0.044952],[0.039845,0.043314,0.050746,0.046863,0.037686,0.030172,0.056111,0.054667,0.05538,0.040416,0.037247,0.0,0.037518,0.049799,0.036692,0.033612,0.059185,0.04057,0.03781,0.036366,0.035156,0.031375,0.043961,0.040291,0.054892,0.038655,0.038745,0.059804,0.051715,0.046414],[0.039366,0.047775,0.050801,0.05619,0.040622,0.037543,0.057548,0.058156,0.059716,0.045717,0.045209,0.037518,0.0,0.060632,0.04849,0.04334,0.067242,0.04186,0.051701,0.041805,0.044946,0.037215,0.040946,0.036291,0.061281,0.044741,0.043999,0.061215,0.057718,0.04516],[0.050046,0.048137,0.062235,0.050315,0.044853,0.046862,0.064572,0.051545,0.059206,0.050309,0.044878,0.049799,0.060632,0.0,0.041958,0.044833,0.048152,0.055184,0.042149,0.048099,0.044852,0.060401,0.052445,0.053096,0.055864,0.045972,0.040727,0.062146,0.044467,0.063171],[0.048763,0.042116,0.059122,0.040605,0.046192,0.036081,0.062317,0.054258,0.05657,0.043309,0.036091,0.036692,0.04849,0.041958,0.0,0.029961,0.052883,0.042985,0.038116,0.041627,0.034112,0.048228,0.043512,0.048812,0.05751,0.046772,0.043192,0.063208,0.047587,0.058811],[0.044829,0.038167,0.0564,0.044926,0.041642,0.032844,0.06205,0.054203,0.05659,0.039805,0.035073,0.033612,0.04334,0.044833,0.029961,0.0,0.057563,0.037798,0.036137,0.039693,0.035232,0.041315,0.044564,0.041509,0.057946,0.043815,0.040773,0.064358,0.048451,0.055798],[0.045019,0.043115,0.058281,0.052674,0.045698,0.052074,0.061739,0.045056,0.04371,0.047607,0.046566,0.059185,0.067242,0.048152,0.052883,0.057563,0.0,0.064533,0.048499,0.044004,0.045507,0.068364,0.064242,0.057832,0.042242,0.049151,0.038971,0.049316,0.039505,0.063272],[0.051841,0.049147,0.06544,0.05483,0.047428,0.041078,0.070906,0.06855,0.070069,0.050697,0.045386,0.04057,0.04186,0.055184,0.042985,0.037798,0.064533,0.0,0.051969,0.04668,0.045225,0.039802,0.037217,0.043267,0.06936,0.051967,0.050132,0.074506,0.058882,0.060694],[0.041758,0.04371,0.058883,0.052482,0.041941,0.040702,0.062984,0.044476,0.055236,0.036365,0.042048,0.03781,0.051701,0.042149,0.038116,0.036137,0.048499,0.051969,0.0,0.041028,0.034864,0.048674,0.053871,0.049604,0.054292,0.048724,0.039026,0.059024,0.047581,0.059028],[0.032649,0.030665,0.042545,0.042416,0.032991,0.028632,0.05396,0.044521,0.047104,0.032591,0.032746,0.036366,0.041805,0.048099,0.041627,0.039693,0.044004,0.04668,0.041028,0.0,0.033952,0.043537,0.049868,0.035963,0.036583,0.036369,0.029303,0.044651,0.03876,0.045336],[0.037639,0.038752,0.050293,0.046485,0.037439,0.034393,0.053638,0.048013,0.047123,0.036021,0.03394,0.035156,0.044946,0.044852,0.034112,0.035232,0.045507,0.045225,0.034864,0.033952,0.0,0.042167,0.047209,0.042468,0.048289,0.038053,0.032742,0.053232,0.040383,0.048139],[0.046636,0.050201,0.053146,0.054049,0.044748,0.035764,0.061159,0.064149,0.064239,0.046496,0.044505,0.031375,0.037215,0.060401,0.048228,0.041315,0.068364,0.039802,0.048674,0.043537,0.042167,0.0,0.042361,0.041355,0.062759,0.044203,0.047122,0.066247,0.060567,0.042466],[0.053051,0.054807,0.061355,0.054772,0.046929,0.04391,0.066423,0.067759,0.069915,0.055109,0.047651,0.043961,0.040946,0.052445,0.043512,0.044564,0.064242,0.037217,0.053871,0.049868,0.047209,0.042361,0.0,0.045923,0.069752,0.05024,0.049445,0.072832,0.061363,0.053242],[0.035905,0.038566,0.045379,0.053775,0.033617,0.035042,0.05913,0.053271,0.056546,0.044534,0.039157,0.040291,0.036291,0.053096,0.048812,0.041509,0.057832,0.043267,0.049604,0.035963,0.042468,0.041355,0.045923,0.0,0.051368,0.036578,0.038195,0.057231,0.046139,0.043807],[0.040037,0.036556,0.042203,0.046706,0.045985,0.045561,0.057926,0.045124,0.040952,0.041646,0.046961,0.054892,0.061281,0.055864,0.05751,0.057946,0.042242,0.06936,0.054292,0.036583,0.048289,0.062759,0.069752,0.051368,0.0,0.043186,0.038469,0.029726,0.043062,0.052854],[0.036841,0.037885,0.045492,0.043845,0.033111,0.031939,0.048037,0.053861,0.045426,0.044329,0.03574,0.038655,0.044741,0.045972,0.046772,0.043815,0.049151,0.051967,0.048724,0.036369,0.038053,0.044203,0.05024,0.036578,0.043186,0.0,0.03201,0.050284,0.040638,0.040005],[0.027661,0.033098,0.042234,0.042641,0.02811,0.034016,0.044894,0.03885,0.041129,0.034353,0.033486,0.038745,0.043999,0.040727,0.043192,0.040773,0.038971,0.050132,0.039026,0.029303,0.032742,0.047122,0.049445,0.038195,0.038469,0.03201,0.0,0.043423,0.035984,0.040725],[0.042311,0.044645,0.045709,0.051559,0.049801,0.050876,0.057758,0.047581,0.046324,0.045189,0.055548,0.059804,0.061215,0.062146,0.063208,0.064358,0.049316,0.074506,0.059024,0.044651,0.053232,0.066247,0.072832,0.057231,0.029726,0.050284,0.043423,0.0,0.051973,0.054596],[0.040943,0.039463,0.053623,0.0498,0.041286,0.042785,0.05545,0.046665,0.044212,0.044512,0.040059,0.051715,0.057718,0.044467,0.047587,0.048451,0.039505,0.058882,0.047581,0.03876,0.040383,0.060567,0.061363,0.046139,0.043062,0.040638,0.035984,0.051973,0.0,0.055572],[0.043119,0.052905,0.039631,0.055482,0.043807,0.042722,0.04181,0.059833,0.05269,0.051432,0.044952,0.046414,0.04516,0.063171,0.058811,0.055798,0.063272,0.060694,0.059028,0.045336,0.048139,0.042466,0.053242,0.043807,0.052854,0.040005,0.040725,0.054596,0.055572,0.0]],"off_diagonal_summary":{"ari_mean":0.859955,"ari_min":0.701382,"ari_std":0.045232,"procrustes_mean":0.046888,"procrustes_max":0.074506},"framework_axis":"B-6 follow-up: deep-method seed stability for CAE-1D \u2014 pairwise cluster ARI + Procrustes between latent embeddings across N_SEEDS torch initialisations","generated_at":"2026-05-09T17:58:36Z","builder_version":"build_deep_seed_stability v0.1"}