{"scene_id":"kennedy-space-center","method":"cae_3d_8","n_seeds":30,"latent_dim":8,"samples_per_class":220,"ari_vs_gt_per_seed":[0.199369,0.211934,0.200786,0.197785,0.196949,0.200949,0.198294,0.201588,0.198716,0.200619,0.201794,0.197432,0.197591,0.1966,0.197151,0.203907,0.203682,0.195054,0.195693,0.206293,0.196034,0.201778,0.199877,0.199987,0.206905,0.202378,0.200786,0.199888,0.201718,0.196449],"ari_vs_gt_summary":{"mean":0.200266,"std":0.003647,"min":0.195054,"max":0.211934},"seed_pair_ari":[[1.0,0.78486,0.823493,0.855724,0.871254,0.885945,0.8715,0.880526,0.870185,0.873349,0.837158,0.858742,0.880281,0.828106,0.857127,0.739448,0.862902,0.852617,0.823402,0.801525,0.861208,0.877628,0.865201,0.824393,0.670444,0.834869,0.839788,0.845333,0.86637,0.860577],[0.78486,1.0,0.802107,0.776414,0.810894,0.7666,0.782527,0.774493,0.792577,0.790788,0.764379,0.769159,0.804415,0.759145,0.771304,0.728261,0.738722,0.750601,0.762144,0.801161,0.790345,0.794214,0.787567,0.770298,0.664661,0.753724,0.769756,0.782525,0.766311,0.776082],[0.823493,0.802107,1.0,0.832736,0.843144,0.813953,0.820418,0.829334,0.83676,0.806621,0.831539,0.841354,0.864719,0.832479,0.816114,0.774644,0.80694,0.811216,0.833985,0.841439,0.830928,0.85054,0.825001,0.839372,0.646005,0.81091,0.82903,0.836031,0.80156,0.824939],[0.855724,0.776414,0.832736,1.0,0.873487,0.874389,0.841389,0.872339,0.896773,0.852335,0.877336,0.875773,0.861907,0.85676,0.872435,0.703898,0.809089,0.865153,0.855727,0.781607,0.88976,0.845151,0.879348,0.839874,0.66465,0.811151,0.862807,0.855914,0.877098,0.861445],[0.871254,0.810894,0.843144,0.873487,1.0,0.863607,0.870106,0.850414,0.883206,0.869351,0.838907,0.847772,0.879606,0.826195,0.847804,0.747537,0.805254,0.82753,0.828842,0.828922,0.88173,0.861085,0.855344,0.836353,0.658113,0.812555,0.826628,0.855732,0.846965,0.853497],[0.885945,0.7666,0.813953,0.874389,0.863607,1.0,0.847068,0.887044,0.885391,0.865785,0.887452,0.88141,0.874586,0.855839,0.874647,0.70763,0.837603,0.877955,0.862645,0.778709,0.879162,0.867631,0.894136,0.827873,0.663385,0.84006,0.877238,0.868824,0.910381,0.862059],[0.8715,0.782527,0.820418,0.841389,0.870106,0.847068,1.0,0.830977,0.873762,0.856304,0.812272,0.815133,0.845322,0.813901,0.852333,0.726892,0.811298,0.829067,0.806761,0.798509,0.869847,0.827477,0.83838,0.804647,0.672847,0.782291,0.81067,0.849163,0.829762,0.817245],[0.880526,0.774493,0.829334,0.872339,0.850414,0.887044,0.830977,1.0,0.869935,0.85238,0.855309,0.864883,0.863784,0.845441,0.840945,0.726816,0.832376,0.850532,0.830483,0.791211,0.862584,0.860013,0.882739,0.84702,0.662579,0.83342,0.870249,0.84963,0.89286,0.860681],[0.870185,0.792577,0.83676,0.896773,0.883206,0.885391,0.873762,0.869935,1.0,0.886296,0.85634,0.867453,0.84832,0.850599,0.872004,0.720899,0.813812,0.853729,0.841013,0.806735,0.920756,0.844906,0.899111,0.837771,0.670353,0.802477,0.853588,0.869922,0.888133,0.860241],[0.873349,0.790788,0.806621,0.852335,0.869351,0.865785,0.856304,0.85238,0.886296,1.0,0.816478,0.850052,0.846223,0.827292,0.854325,0.718861,0.800974,0.835676,0.822994,0.811964,0.87963,0.82928,0.853393,0.820844,0.67409,0.797528,0.82741,0.847033,0.869388,0.842757],[0.837158,0.764379,0.831539,0.877336,0.838907,0.887452,0.812272,0.855309,0.85634,0.816478,1.0,0.895631,0.859008,0.889804,0.853358,0.695712,0.839562,0.865836,0.878301,0.764349,0.847052,0.868425,0.884093,0.824149,0.664796,0.853843,0.909757,0.886995,0.879832,0.881074],[0.858742,0.769159,0.841354,0.875773,0.847772,0.88141,0.815133,0.864883,0.867453,0.850052,0.895631,1.0,0.872547,0.889305,0.859799,0.710192,0.828042,0.854995,0.901885,0.797244,0.855248,0.866069,0.879358,0.862094,0.666094,0.849478,0.901033,0.883169,0.870396,0.897876],[0.880281,0.804415,0.864719,0.861907,0.879606,0.874586,0.845322,0.863784,0.84832,0.846223,0.859008,0.872547,1.0,0.848994,0.852978,0.745651,0.836791,0.848055,0.852208,0.813383,0.852429,0.875215,0.856842,0.840611,0.669382,0.838894,0.854907,0.867681,0.849635,0.855464],[0.828106,0.759145,0.832479,0.85676,0.826195,0.855839,0.813901,0.845441,0.850599,0.827292,0.889804,0.889305,0.848994,1.0,0.841703,0.700286,0.818776,0.86601,0.887459,0.770474,0.837209,0.835105,0.847555,0.861441,0.663699,0.84306,0.896445,0.889752,0.844397,0.895241],[0.857127,0.771304,0.816114,0.872435,0.847804,0.874647,0.852333,0.840945,0.872004,0.854325,0.853358,0.859799,0.852978,0.841703,1.0,0.703143,0.82547,0.878384,0.841062,0.778614,0.871577,0.850063,0.870649,0.827397,0.669769,0.816388,0.845454,0.857568,0.877781,0.838829],[0.739448,0.728261,0.774644,0.703898,0.747537,0.70763,0.726892,0.726816,0.720899,0.718861,0.695712,0.710192,0.745651,0.700286,0.703143,1.0,0.713035,0.697285,0.692545,0.798628,0.722719,0.738082,0.698466,0.731675,0.599264,0.71414,0.704687,0.704094,0.701028,0.709117],[0.862902,0.738722,0.80694,0.809089,0.805254,0.837603,0.811298,0.832376,0.813812,0.800974,0.839562,0.828042,0.836791,0.818776,0.82547,0.713035,1.0,0.84634,0.799376,0.74967,0.805908,0.869814,0.824515,0.782118,0.673339,0.847746,0.843349,0.824024,0.841764,0.816188],[0.852617,0.750601,0.811216,0.865153,0.82753,0.877955,0.829067,0.850532,0.853729,0.835676,0.865836,0.854995,0.848055,0.86601,0.878384,0.697285,0.84634,1.0,0.841194,0.757227,0.85349,0.828503,0.847556,0.827443,0.670054,0.829366,0.867718,0.863162,0.87173,0.856737],[0.823402,0.762144,0.833985,0.855727,0.828842,0.862645,0.806761,0.830483,0.841013,0.822994,0.878301,0.901885,0.852208,0.887459,0.841062,0.692545,0.799376,0.841194,1.0,0.769479,0.843774,0.835897,0.853244,0.852037,0.657125,0.828506,0.882833,0.876772,0.838833,0.882538],[0.801525,0.801161,0.841439,0.781607,0.828922,0.778709,0.798509,0.791211,0.806735,0.811964,0.764349,0.797244,0.813383,0.770474,0.778614,0.798628,0.74967,0.757227,0.769479,1.0,0.800969,0.802526,0.791754,0.813838,0.644828,0.764547,0.771291,0.788314,0.775602,0.789173],[0.861208,0.790345,0.830928,0.88976,0.88173,0.879162,0.869847,0.862584,0.920756,0.87963,0.847052,0.855248,0.852429,0.837209,0.871577,0.722719,0.805908,0.85349,0.843774,0.800969,1.0,0.836752,0.892539,0.837773,0.674517,0.796039,0.833166,0.862491,0.87741,0.849531],[0.877628,0.794214,0.85054,0.845151,0.861085,0.867631,0.827477,0.860013,0.844906,0.82928,0.868425,0.866069,0.875215,0.835105,0.850063,0.738082,0.869814,0.828503,0.835897,0.802526,0.836752,1.0,0.869612,0.813989,0.659023,0.857193,0.857558,0.851656,0.866827,0.846448],[0.865201,0.787567,0.825001,0.879348,0.855344,0.894136,0.83838,0.882739,0.899111,0.853393,0.884093,0.879358,0.856842,0.847555,0.870649,0.698466,0.824515,0.847556,0.853244,0.791754,0.892539,0.869612,1.0,0.830722,0.667199,0.8144,0.87611,0.86955,0.913719,0.862366],[0.824393,0.770298,0.839372,0.839874,0.836353,0.827873,0.804647,0.84702,0.837771,0.820844,0.824149,0.862094,0.840611,0.861441,0.827397,0.731675,0.782118,0.827443,0.852037,0.813838,0.837773,0.813989,0.830722,1.0,0.652996,0.800922,0.840051,0.856326,0.814866,0.863274],[0.670444,0.664661,0.646005,0.66465,0.658113,0.663385,0.672847,0.662579,0.670353,0.67409,0.664796,0.666094,0.669382,0.663699,0.669769,0.599264,0.673339,0.670054,0.657125,0.644828,0.674517,0.659023,0.667199,0.652996,1.0,0.648531,0.657365,0.66304,0.671201,0.664899],[0.834869,0.753724,0.81091,0.811151,0.812555,0.84006,0.782291,0.83342,0.802477,0.797528,0.853843,0.849478,0.838894,0.84306,0.816388,0.71414,0.847746,0.829366,0.828506,0.764547,0.796039,0.857193,0.8144,0.800922,0.648531,1.0,0.853876,0.832914,0.83381,0.850056],[0.839788,0.769756,0.82903,0.862807,0.826628,0.877238,0.81067,0.870249,0.853588,0.82741,0.909757,0.901033,0.854907,0.896445,0.845454,0.704687,0.843349,0.867718,0.882833,0.771291,0.833166,0.857558,0.87611,0.840051,0.657365,0.853876,1.0,0.882326,0.875722,0.877015],[0.845333,0.782525,0.836031,0.855914,0.855732,0.868824,0.849163,0.84963,0.869922,0.847033,0.886995,0.883169,0.867681,0.889752,0.857568,0.704094,0.824024,0.863162,0.876772,0.788314,0.862491,0.851656,0.86955,0.856326,0.66304,0.832914,0.882326,1.0,0.87143,0.883294],[0.86637,0.766311,0.80156,0.877098,0.846965,0.910381,0.829762,0.89286,0.888133,0.869388,0.879832,0.870396,0.849635,0.844397,0.877781,0.701028,0.841764,0.87173,0.838833,0.775602,0.87741,0.866827,0.913719,0.814866,0.671201,0.83381,0.875722,0.87143,1.0,0.857154],[0.860577,0.776082,0.824939,0.861445,0.853497,0.862059,0.817245,0.860681,0.860241,0.842757,0.881074,0.897876,0.855464,0.895241,0.838829,0.709117,0.816188,0.856737,0.882538,0.789173,0.849531,0.846448,0.862366,0.863274,0.664899,0.850056,0.877015,0.883294,0.857154,1.0]],"seed_pair_procrustes_dist":[[0.0,0.136095,0.103547,0.130157,0.154391,0.086168,0.141951,0.074017,0.117426,0.133584,0.140775,0.132037,0.174443,0.10833,0.147438,0.095788,0.072303,0.099661,0.1445,0.14655,0.115418,0.094344,0.105352,0.126431,0.103713,0.092857,0.093425,0.155442,0.110247,0.139789],[0.136095,0.0,0.109829,0.110945,0.083109,0.120289,0.095943,0.126677,0.069627,0.099087,0.154353,0.143169,0.187636,0.114823,0.094131,0.128919,0.121567,0.106004,0.097201,0.083391,0.105206,0.089939,0.136601,0.104851,0.08832,0.114319,0.129944,0.100838,0.125071,0.098349],[0.103547,0.109829,0.0,0.087262,0.10185,0.090243,0.092198,0.074325,0.096885,0.096192,0.083315,0.078534,0.113764,0.079707,0.09654,0.104595,0.091533,0.08571,0.088255,0.124511,0.088671,0.085165,0.077215,0.085137,0.094966,0.088278,0.087361,0.100417,0.083883,0.087912],[0.130157,0.110945,0.087262,0.0,0.091513,0.10206,0.090106,0.091445,0.090165,0.107244,0.089816,0.092408,0.126459,0.099407,0.064391,0.150081,0.103892,0.06543,0.075304,0.147811,0.108117,0.109005,0.101454,0.111885,0.08347,0.107293,0.083609,0.098922,0.095745,0.076429],[0.154391,0.083109,0.10185,0.091513,0.0,0.113573,0.065099,0.116823,0.08127,0.070252,0.12036,0.108473,0.139192,0.098189,0.073217,0.148802,0.128425,0.104832,0.080034,0.108568,0.090173,0.099609,0.114117,0.083579,0.09904,0.118238,0.127602,0.073236,0.103974,0.072248],[0.086168,0.120289,0.090243,0.10206,0.113573,0.0,0.102051,0.087652,0.075583,0.108369,0.11987,0.112218,0.161601,0.076491,0.119559,0.128813,0.085028,0.079325,0.11172,0.131092,0.087855,0.080346,0.092804,0.109266,0.074924,0.093867,0.084257,0.129768,0.098141,0.10557],[0.141951,0.095943,0.092198,0.090106,0.065099,0.102051,0.0,0.113629,0.077222,0.078115,0.113749,0.10544,0.138311,0.087332,0.08357,0.14602,0.128108,0.098128,0.077889,0.116403,0.075385,0.104297,0.100717,0.074847,0.083688,0.119656,0.123916,0.0777,0.107535,0.073407],[0.074017,0.126677,0.074325,0.091445,0.116823,0.087652,0.113629,0.0,0.102847,0.096397,0.091271,0.082813,0.122795,0.085676,0.105463,0.107263,0.072133,0.079577,0.107865,0.137058,0.096731,0.081835,0.074015,0.098064,0.09758,0.077426,0.071765,0.115438,0.061693,0.100921],[0.117426,0.069627,0.096885,0.090165,0.08127,0.075583,0.077222,0.102847,0.0,0.092495,0.135936,0.126252,0.180069,0.088266,0.090317,0.137162,0.101998,0.079181,0.089292,0.096621,0.084031,0.075752,0.111725,0.100544,0.054425,0.102814,0.10194,0.103264,0.105692,0.086814],[0.133584,0.099087,0.096192,0.107244,0.070252,0.108369,0.078115,0.096397,0.092495,0.0,0.112349,0.091858,0.131772,0.08019,0.085975,0.132972,0.118285,0.106014,0.087827,0.097279,0.070746,0.081689,0.090576,0.060345,0.10034,0.104109,0.122938,0.069921,0.073141,0.0765],[0.140775,0.154353,0.083315,0.089816,0.12036,0.11987,0.113749,0.091271,0.135936,0.112349,0.0,0.048989,0.081778,0.085071,0.098553,0.15663,0.116836,0.098094,0.0842,0.163328,0.105037,0.116961,0.071283,0.102296,0.114039,0.108936,0.095984,0.098394,0.073129,0.084491],[0.132037,0.143169,0.078534,0.092408,0.108473,0.112218,0.10544,0.082813,0.126252,0.091858,0.048989,0.0,0.076175,0.076415,0.091821,0.14535,0.109294,0.096899,0.081076,0.150056,0.094322,0.104215,0.065509,0.090627,0.110956,0.101529,0.093078,0.090658,0.062308,0.076494],[0.174443,0.187636,0.113764,0.126459,0.139192,0.161601,0.138311,0.122795,0.180069,0.131772,0.081778,0.076175,0.0,0.120214,0.124477,0.165358,0.145977,0.136236,0.120124,0.18327,0.127317,0.144544,0.099364,0.122253,0.152116,0.139321,0.132673,0.122819,0.105742,0.111852],[0.10833,0.114823,0.079707,0.099407,0.098189,0.076491,0.087332,0.085676,0.088266,0.08019,0.085071,0.076415,0.120214,0.0,0.101901,0.132455,0.093294,0.083074,0.08034,0.124496,0.067423,0.079497,0.07687,0.072959,0.082488,0.080926,0.091852,0.088886,0.075761,0.072895],[0.147438,0.094131,0.09654,0.064391,0.073217,0.119559,0.08357,0.105463,0.090317,0.085975,0.098553,0.091821,0.124477,0.101901,0.0,0.156906,0.112808,0.076755,0.062931,0.127292,0.109033,0.10149,0.111343,0.10174,0.089442,0.106562,0.099528,0.074452,0.091619,0.063968],[0.095788,0.128919,0.104595,0.150081,0.148802,0.128813,0.14602,0.107263,0.137162,0.132972,0.15663,0.14535,0.165358,0.132455,0.156906,0.0,0.113863,0.1396,0.165834,0.123098,0.131991,0.10794,0.141491,0.13329,0.137754,0.116075,0.139355,0.168029,0.143756,0.159284],[0.072303,0.121567,0.091533,0.103892,0.128425,0.085028,0.128108,0.072133,0.101998,0.118285,0.116836,0.109294,0.145977,0.093294,0.112808,0.113863,0.0,0.074102,0.120126,0.136057,0.123416,0.073475,0.117257,0.126371,0.096537,0.064446,0.061467,0.137235,0.101751,0.114708],[0.099661,0.106004,0.08571,0.06543,0.104832,0.079325,0.098128,0.079577,0.079181,0.106014,0.098094,0.096899,0.136236,0.083074,0.076755,0.1396,0.074102,0.0,0.086013,0.137772,0.106011,0.088855,0.104074,0.110945,0.064869,0.083502,0.06076,0.10894,0.093131,0.084318],[0.1445,0.097201,0.088255,0.075304,0.080034,0.11172,0.077889,0.107865,0.089292,0.087827,0.0842,0.081076,0.120124,0.08034,0.062931,0.165834,0.120126,0.086013,0.0,0.125875,0.095558,0.099369,0.098793,0.089615,0.082832,0.102361,0.100756,0.064587,0.088994,0.058238],[0.14655,0.083391,0.124511,0.147811,0.108568,0.131092,0.116403,0.137058,0.096621,0.097279,0.163328,0.150056,0.18327,0.124496,0.127292,0.123098,0.136057,0.137772,0.125875,0.0,0.121876,0.0916,0.156864,0.11478,0.123161,0.127838,0.161738,0.126545,0.140054,0.137815],[0.115418,0.105206,0.088671,0.108117,0.090173,0.087855,0.075385,0.096731,0.084031,0.070746,0.105037,0.094322,0.127317,0.067423,0.109033,0.131991,0.123416,0.106011,0.095558,0.121876,0.0,0.090293,0.07243,0.059686,0.084619,0.111971,0.122028,0.093267,0.087366,0.086335],[0.094344,0.089939,0.085165,0.109005,0.099609,0.080346,0.104297,0.081835,0.075752,0.081689,0.116961,0.104215,0.144544,0.079497,0.10149,0.10794,0.073475,0.088855,0.099369,0.0916,0.090293,0.0,0.105782,0.096062,0.089966,0.069452,0.093753,0.11085,0.088392,0.099412],[0.105352,0.136601,0.077215,0.101454,0.114117,0.092804,0.100717,0.074015,0.111725,0.090576,0.071283,0.065509,0.099364,0.07687,0.111343,0.141491,0.117257,0.104074,0.098793,0.156864,0.07243,0.105782,0.0,0.083097,0.095646,0.108223,0.100748,0.101844,0.061363,0.094239],[0.126431,0.104851,0.085137,0.111885,0.083579,0.109266,0.074847,0.098064,0.100544,0.060345,0.102296,0.090627,0.122253,0.072959,0.10174,0.13329,0.126371,0.110945,0.089615,0.11478,0.059686,0.096062,0.083097,0.0,0.101549,0.108385,0.127334,0.071024,0.084424,0.084422],[0.103713,0.08832,0.094966,0.08347,0.09904,0.074924,0.083688,0.09758,0.054425,0.10034,0.114039,0.110956,0.152116,0.082488,0.089442,0.137754,0.096537,0.064869,0.082832,0.123161,0.084619,0.089966,0.095646,0.101549,0.0,0.10252,0.094222,0.107515,0.105663,0.091638],[0.092857,0.114319,0.088278,0.107293,0.118238,0.093867,0.119656,0.077426,0.102814,0.104109,0.108936,0.101529,0.139321,0.080926,0.106562,0.116075,0.064446,0.083502,0.102361,0.127838,0.111971,0.069452,0.108223,0.108385,0.10252,0.0,0.079097,0.118274,0.093788,0.100936],[0.093425,0.129944,0.087361,0.083609,0.127602,0.084257,0.123916,0.071765,0.10194,0.122938,0.095984,0.093078,0.132673,0.091852,0.099528,0.139355,0.061467,0.06076,0.100756,0.161738,0.122028,0.093753,0.100748,0.127334,0.094222,0.079097,0.0,0.130602,0.093834,0.101271],[0.155442,0.100838,0.100417,0.098922,0.073236,0.129768,0.0777,0.115438,0.103264,0.069921,0.098394,0.090658,0.122819,0.088886,0.074452,0.168029,0.137235,0.10894,0.064587,0.126545,0.093267,0.11085,0.101844,0.071024,0.107515,0.118274,0.130602,0.0,0.086759,0.066808],[0.110247,0.125071,0.083883,0.095745,0.103974,0.098141,0.107535,0.061693,0.105692,0.073141,0.073129,0.062308,0.105742,0.075761,0.091619,0.143756,0.101751,0.093131,0.088994,0.140054,0.087366,0.088392,0.061363,0.084424,0.105663,0.093788,0.093834,0.086759,0.0,0.083547],[0.139789,0.098349,0.087912,0.076429,0.072248,0.10557,0.073407,0.100921,0.086814,0.0765,0.084491,0.076494,0.111852,0.072895,0.063968,0.159284,0.114708,0.084318,0.058238,0.137815,0.086335,0.099412,0.094239,0.084422,0.091638,0.100936,0.101271,0.066808,0.083547,0.0]],"off_diagonal_summary":{"ari_mean":0.822332,"ari_min":0.599264,"ari_std":0.061518,"procrustes_mean":0.102904,"procrustes_max":0.187636},"framework_axis":"B-6 follow-up: deep-method seed stability for CAE-1D \u2014 pairwise cluster ARI + Procrustes between latent embeddings across N_SEEDS torch initialisations","generated_at":"2026-05-09T19:02:41Z","builder_version":"build_deep_seed_stability v0.1"}