{"scene_id":"pavia-university","method":"cae_2d_8","n_seeds":30,"latent_dim":8,"samples_per_class":220,"ari_vs_gt_per_seed":[0.402142,0.402946,0.402789,0.460519,0.402416,0.402768,0.401466,0.405166,0.404031,0.4042,0.402392,0.402542,0.405963,0.402629,0.399754,0.405953,0.401817,0.462868,0.405124,0.402198,0.402543,0.406556,0.403484,0.406272,0.404323,0.407363,0.404468,0.403574,0.403659,0.402102],"ari_vs_gt_summary":{"mean":0.407467,"std":0.014592,"min":0.399754,"max":0.462868},"seed_pair_ari":[[1.0,0.917882,0.939244,0.715969,0.91849,0.958941,0.938709,0.937869,0.901043,0.921393,0.939133,0.944702,0.919364,0.951672,0.955769,0.913601,0.924904,0.7141,0.9239,0.953725,0.980012,0.907825,0.940227,0.914433,0.90092,0.904046,0.896136,0.924558,0.944665,0.936948],[0.917882,1.0,0.878875,0.717674,0.858873,0.898659,0.867648,0.877719,0.954133,0.867088,0.878962,0.950706,0.872395,0.899395,0.948138,0.863005,0.864726,0.729122,0.867762,0.89097,0.899225,0.852252,0.871062,0.859165,0.967292,0.859484,0.837736,0.858343,0.889283,0.869278],[0.939244,0.878875,1.0,0.720366,0.958279,0.948732,0.964458,0.957249,0.855792,0.95807,0.976747,0.90625,0.962973,0.960141,0.917555,0.960062,0.965932,0.718353,0.968521,0.973776,0.955419,0.946279,0.963901,0.952178,0.867278,0.945045,0.93427,0.960284,0.960724,0.968017],[0.715969,0.717674,0.720366,1.0,0.724381,0.720836,0.723831,0.723853,0.725411,0.725342,0.725532,0.720332,0.720894,0.717665,0.718858,0.726075,0.725387,0.965047,0.724729,0.719646,0.721591,0.72678,0.728077,0.7303,0.727384,0.727473,0.731427,0.724682,0.71943,0.727217],[0.91849,0.858873,0.958279,0.724381,1.0,0.936977,0.971149,0.950329,0.839985,0.965786,0.968491,0.888608,0.968377,0.934769,0.89913,0.9773,0.974157,0.719389,0.967702,0.951998,0.935336,0.971614,0.961294,0.973808,0.847105,0.966616,0.962025,0.972965,0.943191,0.971069],[0.958941,0.898659,0.948732,0.720836,0.936977,1.0,0.948955,0.951421,0.883239,0.931646,0.950527,0.92774,0.937972,0.970321,0.938172,0.930391,0.943189,0.715618,0.93801,0.958669,0.955634,0.927357,0.955648,0.931435,0.885796,0.918547,0.912599,0.93838,0.976014,0.952696],[0.938709,0.867648,0.964458,0.723831,0.971149,0.948955,1.0,0.960659,0.857452,0.960663,0.981021,0.898709,0.963414,0.951688,0.910523,0.957339,0.974841,0.713949,0.970384,0.968243,0.955205,0.953767,0.970117,0.958959,0.855262,0.948247,0.940169,0.970996,0.956504,0.982663],[0.937869,0.877719,0.957249,0.723853,0.950329,0.951421,0.960659,1.0,0.861425,0.964883,0.961876,0.894866,0.970193,0.949107,0.905062,0.961274,0.967797,0.727271,0.963777,0.959226,0.950941,0.952569,0.980935,0.966209,0.862668,0.957653,0.934318,0.965974,0.956249,0.964531],[0.901043,0.954133,0.855792,0.725411,0.839985,0.883239,0.857452,0.861425,1.0,0.841317,0.854325,0.922998,0.847214,0.87524,0.916228,0.837678,0.840946,0.730248,0.841278,0.866696,0.885561,0.831728,0.854829,0.840799,0.957858,0.835085,0.820808,0.843264,0.871515,0.852273],[0.921393,0.867088,0.95807,0.725342,0.965786,0.931646,0.960663,0.964883,0.841317,1.0,0.967761,0.89127,0.966196,0.944018,0.900274,0.975551,0.973323,0.724631,0.97897,0.950593,0.931963,0.965313,0.968353,0.973809,0.854281,0.976534,0.953828,0.981253,0.941207,0.958296],[0.939133,0.878962,0.976747,0.725532,0.968491,0.950527,0.981021,0.961876,0.854325,0.967761,1.0,0.906075,0.970968,0.961657,0.915385,0.964982,0.973282,0.722446,0.976792,0.971125,0.952974,0.957247,0.973034,0.963372,0.865644,0.953922,0.942779,0.967206,0.959704,0.984519],[0.944702,0.950706,0.90625,0.720332,0.888608,0.92774,0.898709,0.894866,0.922998,0.89127,0.906075,1.0,0.889995,0.92919,0.982508,0.883398,0.891455,0.720727,0.895768,0.919731,0.927975,0.875712,0.900494,0.881686,0.944399,0.880089,0.863073,0.884879,0.921463,0.894646],[0.919364,0.872395,0.962973,0.720894,0.968377,0.937972,0.963414,0.970193,0.847214,0.966196,0.970968,0.889995,1.0,0.944398,0.898071,0.973883,0.970668,0.724742,0.974886,0.95176,0.936271,0.970874,0.965858,0.97381,0.857682,0.970776,0.950951,0.968227,0.946936,0.966142],[0.951672,0.899395,0.960141,0.717665,0.934769,0.970321,0.951688,0.949107,0.87524,0.944018,0.961657,0.92919,0.944398,1.0,0.938154,0.9359,0.942457,0.715732,0.952661,0.967558,0.957508,0.923259,0.956332,0.930085,0.885312,0.931322,0.910824,0.939587,0.970572,0.948796],[0.955769,0.948138,0.917555,0.718858,0.89913,0.938172,0.910523,0.905062,0.916228,0.900274,0.915385,0.982508,0.898071,0.938154,1.0,0.892311,0.90212,0.716942,0.903961,0.930946,0.941637,0.885988,0.909801,0.889566,0.929895,0.887921,0.873061,0.894918,0.92772,0.905415],[0.913601,0.863005,0.960062,0.726075,0.9773,0.930391,0.957339,0.961274,0.837678,0.975551,0.964982,0.883398,0.973883,0.9359,0.892311,1.0,0.975721,0.725194,0.979658,0.944089,0.931338,0.971861,0.962659,0.981128,0.847998,0.980289,0.961865,0.980576,0.940382,0.960138],[0.924904,0.864726,0.965932,0.725387,0.974157,0.943189,0.974841,0.967797,0.840946,0.973323,0.973282,0.891455,0.970668,0.942457,0.90212,0.975721,1.0,0.720544,0.979108,0.959507,0.943249,0.963424,0.975394,0.969719,0.8516,0.960384,0.951456,0.978042,0.949751,0.973736],[0.7141,0.729122,0.718353,0.965047,0.719389,0.715618,0.713949,0.727271,0.730248,0.724631,0.722446,0.720727,0.724742,0.715732,0.716942,0.725194,0.720544,1.0,0.719224,0.719668,0.716881,0.720924,0.722005,0.726644,0.737039,0.72852,0.722678,0.718843,0.716448,0.718429],[0.9239,0.867762,0.968521,0.724729,0.967702,0.93801,0.970384,0.963777,0.841278,0.97897,0.976792,0.895768,0.974886,0.952661,0.903961,0.979658,0.979108,0.719224,1.0,0.959693,0.940071,0.962367,0.97537,0.971159,0.852991,0.970646,0.951336,0.981787,0.946658,0.970877],[0.953725,0.89097,0.973776,0.719646,0.951998,0.958669,0.968243,0.959226,0.866696,0.950593,0.971125,0.919731,0.95176,0.967558,0.930946,0.944089,0.959507,0.719668,0.959693,1.0,0.965612,0.937829,0.96459,0.940995,0.876386,0.938197,0.924842,0.955843,0.962118,0.96434],[0.980012,0.899225,0.955419,0.721591,0.935336,0.955634,0.955205,0.950941,0.885561,0.931963,0.952974,0.927975,0.936271,0.957508,0.941637,0.931338,0.943249,0.716881,0.940071,0.965612,1.0,0.923106,0.956782,0.930986,0.884977,0.919271,0.910814,0.937955,0.955264,0.951861],[0.907825,0.852252,0.946279,0.72678,0.971614,0.927357,0.953767,0.952569,0.831728,0.965313,0.957247,0.875712,0.970874,0.923259,0.885988,0.971861,0.963424,0.720924,0.962367,0.937829,0.923106,1.0,0.95709,0.983057,0.840673,0.971581,0.971223,0.972611,0.938484,0.956477],[0.940227,0.871062,0.963901,0.728077,0.961294,0.955648,0.970117,0.980935,0.854829,0.968353,0.973034,0.900494,0.965858,0.956332,0.909801,0.962659,0.975394,0.722005,0.97537,0.96459,0.956782,0.95709,1.0,0.965834,0.858353,0.956968,0.943807,0.973274,0.961148,0.972002],[0.914433,0.859165,0.952178,0.7303,0.973808,0.931435,0.958959,0.966209,0.840799,0.973809,0.963372,0.881686,0.97381,0.930085,0.889566,0.981128,0.969719,0.726644,0.971159,0.940995,0.930986,0.983057,0.965834,1.0,0.847488,0.983032,0.96391,0.976514,0.942175,0.961138],[0.90092,0.967292,0.867278,0.727384,0.847105,0.885796,0.855262,0.862668,0.957858,0.854281,0.865644,0.944399,0.857682,0.885312,0.929895,0.847998,0.8516,0.737039,0.852991,0.876386,0.884977,0.840673,0.858353,0.847488,1.0,0.846194,0.826689,0.845489,0.880501,0.855164],[0.904046,0.859484,0.945045,0.727473,0.966616,0.918547,0.948247,0.957653,0.835085,0.976534,0.953922,0.880089,0.970776,0.931322,0.887921,0.980289,0.960384,0.72852,0.970646,0.938197,0.919271,0.971581,0.956968,0.983032,0.846194,1.0,0.960168,0.970803,0.930039,0.947992],[0.896136,0.837736,0.93427,0.731427,0.962025,0.912599,0.940169,0.934318,0.820808,0.953828,0.942779,0.863073,0.950951,0.910824,0.873061,0.961865,0.951456,0.722678,0.951336,0.924842,0.910814,0.971223,0.943807,0.96391,0.826689,0.960168,1.0,0.961327,0.918201,0.944054],[0.924558,0.858343,0.960284,0.724682,0.972965,0.93838,0.970996,0.965974,0.843264,0.981253,0.967206,0.884879,0.968227,0.939587,0.894918,0.980576,0.978042,0.718843,0.981787,0.955843,0.937955,0.972611,0.973274,0.976514,0.845489,0.970803,0.961327,1.0,0.946048,0.969147],[0.944665,0.889283,0.960724,0.71943,0.943191,0.976014,0.956504,0.956249,0.871515,0.941207,0.959704,0.921463,0.946936,0.970572,0.92772,0.940382,0.949751,0.716448,0.946658,0.962118,0.955264,0.938484,0.961148,0.942175,0.880501,0.930039,0.918201,0.946048,1.0,0.95404],[0.936948,0.869278,0.968017,0.727217,0.971069,0.952696,0.982663,0.964531,0.852273,0.958296,0.984519,0.894646,0.966142,0.948796,0.905415,0.960138,0.973736,0.718429,0.970877,0.96434,0.951861,0.956477,0.972002,0.961138,0.855164,0.947992,0.944054,0.969147,0.95404,1.0]],"seed_pair_procrustes_dist":[[0.0,0.084068,0.065987,0.080824,0.065913,0.063722,0.062599,0.071288,0.054691,0.056172,0.051616,0.063841,0.107792,0.06645,0.052506,0.076315,0.054011,0.068687,0.085358,0.070721,0.045808,0.073269,0.057314,0.082551,0.071574,0.064888,0.058062,0.07005,0.064535,0.086421],[0.084068,0.0,0.084283,0.077192,0.067965,0.084055,0.079803,0.078724,0.081577,0.079573,0.068375,0.0677,0.067124,0.074888,0.080464,0.059842,0.088143,0.065364,0.072575,0.086036,0.090079,0.0716,0.074888,0.078865,0.061122,0.07988,0.067477,0.084728,0.074938,0.070622],[0.065987,0.084283,0.0,0.054533,0.061739,0.058379,0.055025,0.067542,0.05922,0.052053,0.057429,0.057247,0.099561,0.049572,0.069841,0.063076,0.071759,0.061558,0.073975,0.071111,0.052988,0.065485,0.06259,0.074528,0.0575,0.048132,0.071222,0.066556,0.049574,0.082259],[0.080824,0.077192,0.054533,0.0,0.054927,0.052515,0.063768,0.074802,0.059815,0.064919,0.054809,0.063029,0.082373,0.054859,0.073471,0.051724,0.081446,0.068031,0.072012,0.078995,0.070019,0.060439,0.0798,0.070422,0.058055,0.05966,0.075084,0.070451,0.052982,0.083883],[0.065913,0.067965,0.061739,0.054927,0.0,0.049007,0.051327,0.079485,0.048877,0.058392,0.054238,0.059426,0.074847,0.063723,0.068787,0.051134,0.062036,0.055734,0.062454,0.057489,0.065211,0.052846,0.06899,0.053574,0.051883,0.055041,0.053189,0.07058,0.050796,0.060849],[0.063722,0.084055,0.058379,0.052515,0.049007,0.0,0.049284,0.080538,0.051403,0.054671,0.051321,0.060981,0.090897,0.061817,0.063067,0.065243,0.055722,0.059111,0.063587,0.06055,0.057119,0.055175,0.077891,0.056168,0.061925,0.04944,0.063812,0.067255,0.039797,0.07491],[0.062599,0.079803,0.055025,0.063768,0.051327,0.049284,0.0,0.073282,0.053131,0.053421,0.060971,0.05721,0.091038,0.067083,0.067879,0.065477,0.06705,0.049528,0.062374,0.057214,0.060042,0.056845,0.072608,0.055676,0.05635,0.051352,0.058243,0.064809,0.043182,0.071234],[0.071288,0.078724,0.067542,0.074802,0.079485,0.080538,0.073282,0.0,0.075776,0.070915,0.070536,0.05916,0.105011,0.067302,0.073618,0.07423,0.08632,0.075179,0.094506,0.096346,0.074123,0.069693,0.05887,0.089883,0.076159,0.073277,0.073686,0.061153,0.065908,0.095617],[0.054691,0.081577,0.05922,0.059815,0.048877,0.051403,0.053131,0.075776,0.0,0.05538,0.051173,0.058471,0.09423,0.057657,0.064196,0.064586,0.065764,0.062169,0.07311,0.068868,0.050386,0.060051,0.065549,0.073412,0.058261,0.058645,0.067348,0.064939,0.055278,0.073967],[0.056172,0.079573,0.052053,0.064919,0.058392,0.054671,0.053421,0.070915,0.05538,0.0,0.05517,0.058539,0.101213,0.062683,0.064825,0.06774,0.0585,0.060208,0.072052,0.066836,0.048809,0.066739,0.069586,0.06279,0.057228,0.04588,0.063345,0.062462,0.046299,0.085157],[0.051616,0.068375,0.057429,0.054809,0.054238,0.051321,0.060971,0.070536,0.051173,0.05517,0.0,0.059068,0.096226,0.048037,0.048275,0.063009,0.063473,0.066494,0.07309,0.07337,0.048952,0.062192,0.068065,0.077326,0.05552,0.058225,0.061175,0.05939,0.052055,0.084091],[0.063841,0.0677,0.057247,0.063029,0.059426,0.060981,0.05721,0.05916,0.058471,0.058539,0.059068,0.0,0.077852,0.058443,0.074064,0.053234,0.072682,0.058934,0.071444,0.07369,0.066755,0.057607,0.048943,0.06992,0.057301,0.058991,0.063277,0.071182,0.056792,0.063102],[0.107792,0.067124,0.099561,0.082373,0.074847,0.090897,0.091038,0.105011,0.09423,0.101213,0.096226,0.077852,0.0,0.093788,0.115001,0.061641,0.108858,0.073189,0.073054,0.089348,0.114156,0.076158,0.089339,0.07437,0.073205,0.093052,0.086226,0.112071,0.085118,0.060478],[0.06645,0.074888,0.049572,0.054859,0.063723,0.061817,0.067083,0.067302,0.057657,0.062683,0.048037,0.058443,0.093788,0.0,0.060855,0.062022,0.070906,0.071177,0.077302,0.072074,0.059957,0.053849,0.062824,0.081721,0.054085,0.056295,0.066977,0.061544,0.058556,0.083647],[0.052506,0.080464,0.069841,0.073471,0.068787,0.063067,0.067879,0.073618,0.064196,0.064825,0.048275,0.074064,0.115001,0.060855,0.0,0.08329,0.059829,0.079962,0.087608,0.083191,0.048523,0.071697,0.074368,0.089075,0.072289,0.062345,0.063426,0.052772,0.065861,0.097811],[0.076315,0.059842,0.063076,0.051724,0.051134,0.065243,0.065477,0.07423,0.064586,0.06774,0.063009,0.053234,0.061641,0.062022,0.08329,0.0,0.081417,0.050217,0.058711,0.070138,0.083689,0.061355,0.070303,0.061202,0.052768,0.063688,0.060908,0.083414,0.058426,0.069998],[0.054011,0.088143,0.071759,0.081446,0.062036,0.055722,0.06705,0.08632,0.065764,0.0585,0.063473,0.072682,0.108858,0.070906,0.059829,0.081417,0.0,0.07172,0.092188,0.054992,0.05846,0.071011,0.071677,0.074442,0.078387,0.06703,0.058534,0.074671,0.067006,0.087575],[0.068687,0.065364,0.061558,0.068031,0.055734,0.059111,0.049528,0.075179,0.062169,0.060208,0.066494,0.058934,0.073189,0.071177,0.079962,0.050217,0.07172,0.0,0.055016,0.062073,0.074595,0.063026,0.073374,0.051649,0.055032,0.057918,0.058387,0.0836,0.049872,0.066297],[0.085358,0.072575,0.073975,0.072012,0.062454,0.063587,0.062374,0.094506,0.07311,0.072052,0.07309,0.071444,0.073054,0.077302,0.087608,0.058711,0.092188,0.055016,0.0,0.073746,0.085323,0.068727,0.086491,0.056055,0.05159,0.06027,0.068736,0.088743,0.060511,0.074277],[0.070721,0.086036,0.071111,0.078995,0.057489,0.06055,0.057214,0.096346,0.068868,0.066836,0.07337,0.07369,0.089348,0.072074,0.083191,0.070138,0.054992,0.062073,0.073746,0.0,0.074142,0.064594,0.078683,0.059339,0.067848,0.070129,0.060178,0.084093,0.064935,0.075991],[0.045808,0.090079,0.052988,0.070019,0.065211,0.057119,0.060042,0.074123,0.050386,0.048809,0.048952,0.066755,0.114156,0.059957,0.048523,0.083689,0.05846,0.074595,0.085323,0.074142,0.0,0.072442,0.065513,0.08393,0.067093,0.055601,0.072122,0.058405,0.058367,0.091842],[0.073269,0.0716,0.065485,0.060439,0.052846,0.055175,0.056845,0.069693,0.060051,0.066739,0.062192,0.057607,0.076158,0.053849,0.071697,0.061355,0.071011,0.063026,0.068727,0.064594,0.072442,0.0,0.067689,0.056313,0.051826,0.058218,0.059375,0.06467,0.050846,0.069135],[0.057314,0.074888,0.06259,0.0798,0.06899,0.077891,0.072608,0.05887,0.065549,0.069586,0.068065,0.048943,0.089339,0.062824,0.074368,0.070303,0.071677,0.073374,0.086491,0.078683,0.065513,0.067689,0.0,0.088566,0.065953,0.06827,0.067235,0.077424,0.070258,0.071749],[0.082551,0.078865,0.074528,0.070422,0.053574,0.056168,0.055676,0.089883,0.073412,0.06279,0.077326,0.06992,0.07437,0.081721,0.089075,0.061202,0.074442,0.051649,0.056055,0.059339,0.08393,0.056313,0.088566,0.0,0.059426,0.057904,0.062541,0.084795,0.051354,0.073551],[0.071574,0.061122,0.0575,0.058055,0.051883,0.061925,0.05635,0.076159,0.058261,0.057228,0.05552,0.057301,0.073205,0.054085,0.072289,0.052768,0.078387,0.055032,0.05159,0.067848,0.067093,0.051826,0.065953,0.059426,0.0,0.053438,0.0582,0.069652,0.051715,0.069322],[0.064888,0.07988,0.048132,0.05966,0.055041,0.04944,0.051352,0.073277,0.058645,0.04588,0.058225,0.058991,0.093052,0.056295,0.062345,0.063688,0.06703,0.057918,0.06027,0.070129,0.055601,0.058218,0.06827,0.057904,0.053438,0.0,0.063763,0.064246,0.04777,0.076489],[0.058062,0.067477,0.071222,0.075084,0.053189,0.063812,0.058243,0.073686,0.067348,0.063345,0.061175,0.063277,0.086226,0.066977,0.063426,0.060908,0.058534,0.058387,0.068736,0.060178,0.072122,0.059375,0.067235,0.062541,0.0582,0.063763,0.0,0.072333,0.058898,0.078717],[0.07005,0.084728,0.066556,0.070451,0.07058,0.067255,0.064809,0.061153,0.064939,0.062462,0.05939,0.071182,0.112071,0.061544,0.052772,0.083414,0.074671,0.0836,0.088743,0.084093,0.058405,0.06467,0.077424,0.084795,0.069652,0.064246,0.072333,0.0,0.06021,0.10142],[0.064535,0.074938,0.049574,0.052982,0.050796,0.039797,0.043182,0.065908,0.055278,0.046299,0.052055,0.056792,0.085118,0.058556,0.065861,0.058426,0.067006,0.049872,0.060511,0.064935,0.058367,0.050846,0.070258,0.051354,0.051715,0.04777,0.058898,0.06021,0.0,0.078535],[0.086421,0.070622,0.082259,0.083883,0.060849,0.07491,0.071234,0.095617,0.073967,0.085157,0.084091,0.063102,0.060478,0.083647,0.097811,0.069998,0.087575,0.066297,0.074277,0.075991,0.091842,0.069135,0.071749,0.073551,0.069322,0.076489,0.078717,0.10142,0.078535,0.0]],"off_diagonal_summary":{"ari_mean":0.90531,"ari_min":0.713949,"ari_std":0.079986,"procrustes_mean":0.067355,"procrustes_max":0.115001},"framework_axis":"B-6 follow-up: deep-method seed stability for CAE-1D \u2014 pairwise cluster ARI + Procrustes between latent embeddings across N_SEEDS torch initialisations","generated_at":"2026-05-09T18:09:33Z","builder_version":"build_deep_seed_stability v0.1"}