{"scene_id":"pavia-university","method":"cae_3d_8","n_seeds":30,"latent_dim":8,"samples_per_class":220,"ari_vs_gt_per_seed":[0.438562,0.431139,0.435377,0.435227,0.432849,0.43378,0.42123,0.430797,0.444249,0.416576,0.430272,0.429113,0.429053,0.426125,0.425458,0.441376,0.436315,0.442408,0.423466,0.428174,0.448104,0.442582,0.438437,0.418842,0.431612,0.439525,0.412999,0.432772,0.430957,0.425562],"ari_vs_gt_summary":{"mean":0.431765,"std":0.008205,"min":0.412999,"max":0.448104},"seed_pair_ari":[[1.0,0.868347,0.887454,0.905314,0.858224,0.936162,0.831428,0.859277,0.870267,0.822527,0.914065,0.83675,0.878612,0.827548,0.829519,0.869155,0.913018,0.905379,0.836419,0.85099,0.903396,0.892818,0.896991,0.823526,0.89034,0.894501,0.823111,0.841856,0.844014,0.86347],[0.868347,1.0,0.843338,0.842599,0.911839,0.857214,0.897595,0.936313,0.83285,0.911804,0.863977,0.911413,0.913156,0.909388,0.914223,0.834862,0.858925,0.841155,0.924262,0.878335,0.830597,0.833173,0.858249,0.911918,0.854634,0.840705,0.903489,0.924619,0.923674,0.865432],[0.887454,0.843338,1.0,0.897362,0.842773,0.890747,0.821305,0.831468,0.885333,0.803296,0.907857,0.809875,0.853536,0.808932,0.816182,0.881797,0.915544,0.898119,0.818924,0.853908,0.868811,0.881382,0.9102,0.796889,0.880293,0.895622,0.78774,0.814551,0.829229,0.820533],[0.905314,0.842599,0.897362,1.0,0.864535,0.896166,0.823384,0.828214,0.893413,0.816007,0.907466,0.805877,0.861893,0.811727,0.821462,0.899021,0.919385,0.900776,0.822709,0.871678,0.863857,0.8964,0.91499,0.800145,0.862613,0.890582,0.799207,0.814357,0.829643,0.861222],[0.858224,0.911839,0.842773,0.864535,1.0,0.857449,0.879981,0.903075,0.853419,0.877151,0.856037,0.870522,0.884217,0.875156,0.884443,0.862247,0.853363,0.867096,0.871986,0.894285,0.845445,0.851962,0.85666,0.870443,0.841772,0.862904,0.859146,0.896724,0.890307,0.868679],[0.936162,0.857214,0.890747,0.896166,0.857449,1.0,0.825877,0.83797,0.870745,0.807409,0.92182,0.814376,0.859533,0.812033,0.812878,0.862077,0.9074,0.888679,0.820822,0.845341,0.904136,0.901326,0.886909,0.808574,0.8865,0.901301,0.80781,0.824902,0.820652,0.846549],[0.831428,0.897595,0.821305,0.823384,0.879981,0.825877,1.0,0.909922,0.826359,0.892793,0.858233,0.893329,0.875021,0.888455,0.884731,0.817849,0.836434,0.81979,0.887456,0.862579,0.798782,0.821611,0.841993,0.895003,0.867765,0.820859,0.870364,0.898504,0.889355,0.830532],[0.859277,0.936313,0.831468,0.828214,0.903075,0.83797,0.909922,1.0,0.827324,0.915301,0.854267,0.916925,0.91507,0.904937,0.930948,0.836187,0.848264,0.845856,0.93029,0.888709,0.830574,0.825609,0.849928,0.921555,0.860247,0.838405,0.900863,0.93055,0.929646,0.854967],[0.870267,0.83285,0.885333,0.893413,0.853419,0.870745,0.826359,0.827324,1.0,0.807455,0.898049,0.806615,0.835366,0.808815,0.810265,0.905892,0.912683,0.879862,0.805691,0.854809,0.849113,0.89401,0.917695,0.798258,0.876875,0.90693,0.783664,0.811204,0.820311,0.816902],[0.822527,0.911804,0.803296,0.816007,0.877151,0.807409,0.892793,0.915301,0.807455,1.0,0.826009,0.923508,0.89496,0.906333,0.922446,0.816096,0.81717,0.799819,0.921559,0.853065,0.792855,0.794934,0.833623,0.94329,0.828557,0.800346,0.936207,0.925619,0.925424,0.860516],[0.914065,0.863977,0.907857,0.907466,0.856037,0.92182,0.858233,0.854267,0.898049,0.826009,1.0,0.832693,0.869854,0.831901,0.837878,0.888025,0.93015,0.900543,0.831023,0.857276,0.874345,0.89072,0.922304,0.825261,0.91385,0.907528,0.818231,0.837664,0.837188,0.839916],[0.83675,0.911413,0.809875,0.805877,0.870522,0.814376,0.893329,0.916925,0.806615,0.923508,0.832693,1.0,0.900125,0.913143,0.925464,0.823585,0.833105,0.819317,0.92802,0.864012,0.809571,0.804863,0.828813,0.941448,0.858175,0.814804,0.920168,0.950549,0.933299,0.845622],[0.878612,0.913156,0.853536,0.861893,0.884217,0.859533,0.875021,0.91507,0.835366,0.89496,0.869854,0.900125,1.0,0.898189,0.918055,0.856293,0.871347,0.862213,0.913796,0.907787,0.838595,0.836504,0.880129,0.891081,0.849282,0.852157,0.877977,0.90295,0.924206,0.902259],[0.827548,0.909388,0.808932,0.811727,0.875156,0.812033,0.888455,0.904937,0.808815,0.906333,0.831901,0.913143,0.898189,1.0,0.933697,0.829692,0.828297,0.815093,0.937076,0.87815,0.793573,0.81204,0.841616,0.910376,0.827411,0.808279,0.879526,0.921962,0.931084,0.855347],[0.829519,0.914223,0.816182,0.821462,0.884443,0.812878,0.884731,0.930948,0.810265,0.922446,0.837878,0.925464,0.918055,0.933697,1.0,0.837518,0.833243,0.822192,0.94664,0.894754,0.800286,0.808523,0.844777,0.921803,0.84277,0.814621,0.907961,0.925327,0.938589,0.854451],[0.869155,0.834862,0.881797,0.899021,0.862247,0.862077,0.817849,0.836187,0.905892,0.816096,0.888025,0.823585,0.856293,0.829692,0.837518,1.0,0.899232,0.911799,0.827542,0.886392,0.846672,0.880258,0.917459,0.809192,0.875464,0.915883,0.795464,0.835,0.851606,0.834284],[0.913018,0.858925,0.915544,0.919385,0.853363,0.9074,0.836434,0.848264,0.912683,0.81717,0.93015,0.833105,0.871347,0.828297,0.833243,0.899232,1.0,0.911775,0.830969,0.866386,0.882375,0.900274,0.928578,0.818335,0.907021,0.920869,0.807787,0.83264,0.842831,0.846436],[0.905379,0.841155,0.898119,0.900776,0.867096,0.888679,0.81979,0.845856,0.879862,0.799819,0.900543,0.819317,0.862213,0.815093,0.822192,0.911799,0.911775,1.0,0.812128,0.871088,0.885885,0.882848,0.89973,0.799,0.89014,0.916869,0.78653,0.829887,0.835846,0.851734],[0.836419,0.924262,0.818924,0.822709,0.871986,0.820822,0.887456,0.93029,0.805691,0.921559,0.831023,0.92802,0.913796,0.937076,0.94664,0.827542,0.830969,0.812128,1.0,0.889113,0.79337,0.806199,0.839724,0.93258,0.84197,0.81277,0.905615,0.930082,0.944455,0.860283],[0.85099,0.878335,0.853908,0.871678,0.894285,0.845341,0.862579,0.888709,0.854809,0.853065,0.857276,0.864012,0.907787,0.87815,0.894754,0.886392,0.866386,0.871088,0.889113,1.0,0.821507,0.832315,0.880856,0.856677,0.839857,0.863455,0.835271,0.87091,0.892854,0.855749],[0.903396,0.830597,0.868811,0.863857,0.845445,0.904136,0.798782,0.830574,0.849113,0.792855,0.874345,0.809571,0.838595,0.793573,0.800286,0.846672,0.882375,0.885885,0.79337,0.821507,1.0,0.88167,0.857468,0.795517,0.855229,0.876993,0.788688,0.810344,0.808288,0.83542],[0.892818,0.833173,0.881382,0.8964,0.851962,0.901326,0.821611,0.825609,0.89401,0.794934,0.89072,0.804863,0.836504,0.81204,0.808523,0.880258,0.900274,0.882848,0.806199,0.832315,0.88167,1.0,0.887615,0.798738,0.890206,0.907081,0.775224,0.816753,0.80985,0.837655],[0.896991,0.858249,0.9102,0.91499,0.85666,0.886909,0.841993,0.849928,0.917695,0.833623,0.922304,0.828813,0.880129,0.841616,0.844777,0.917459,0.928578,0.89973,0.839724,0.880856,0.857468,0.887615,1.0,0.828224,0.890344,0.911781,0.809894,0.836881,0.850785,0.844552],[0.823526,0.911918,0.796889,0.800145,0.870443,0.808574,0.895003,0.921555,0.798258,0.94329,0.825261,0.941448,0.891081,0.910376,0.921803,0.809192,0.818335,0.799,0.93258,0.856677,0.795517,0.798738,0.828224,1.0,0.838781,0.796239,0.919564,0.94391,0.927657,0.845331],[0.89034,0.854634,0.880293,0.862613,0.841772,0.8865,0.867765,0.860247,0.876875,0.828557,0.91385,0.858175,0.849282,0.827411,0.84277,0.875464,0.907021,0.89014,0.84197,0.839857,0.855229,0.890206,0.890344,0.838781,1.0,0.903792,0.814812,0.842,0.835975,0.814794],[0.894501,0.840705,0.895622,0.890582,0.862904,0.901301,0.820859,0.838405,0.90693,0.800346,0.907528,0.814804,0.852157,0.808279,0.814621,0.915883,0.920869,0.916869,0.81277,0.863455,0.876993,0.907081,0.911781,0.796239,0.903792,1.0,0.78901,0.820963,0.826732,0.833307],[0.823111,0.903489,0.78774,0.799207,0.859146,0.80781,0.870364,0.900863,0.783664,0.936207,0.818231,0.920168,0.877977,0.879526,0.907961,0.795464,0.807787,0.78653,0.905615,0.835271,0.788688,0.775224,0.809894,0.919564,0.814812,0.78901,1.0,0.909755,0.906446,0.861102],[0.841856,0.924619,0.814551,0.814357,0.896724,0.824902,0.898504,0.93055,0.811204,0.925619,0.837664,0.950549,0.90295,0.921962,0.925327,0.835,0.83264,0.829887,0.930082,0.87091,0.810344,0.816753,0.836881,0.94391,0.842,0.820963,0.909755,1.0,0.941479,0.850063],[0.844014,0.923674,0.829229,0.829643,0.890307,0.820652,0.889355,0.929646,0.820311,0.925424,0.837188,0.933299,0.924206,0.931084,0.938589,0.851606,0.842831,0.835846,0.944455,0.892854,0.808288,0.80985,0.850785,0.927657,0.835975,0.826732,0.906446,0.941479,1.0,0.861251],[0.86347,0.865432,0.820533,0.861222,0.868679,0.846549,0.830532,0.854967,0.816902,0.860516,0.839916,0.845622,0.902259,0.855347,0.854451,0.834284,0.846436,0.851734,0.860283,0.855749,0.83542,0.837655,0.844552,0.845331,0.814794,0.833307,0.861102,0.850063,0.861251,1.0]],"seed_pair_procrustes_dist":[[0.0,0.08361,0.148877,0.067069,0.160225,0.089457,0.127826,0.087219,0.18482,0.12501,0.114125,0.090107,0.139868,0.145192,0.109536,0.131203,0.117175,0.086895,0.15228,0.132836,0.129924,0.123057,0.128741,0.096781,0.137694,0.146347,0.115982,0.11173,0.088322,0.166348],[0.08361,0.0,0.142826,0.091324,0.129813,0.067425,0.117623,0.074381,0.143312,0.085208,0.133664,0.104459,0.094483,0.169,0.102011,0.110233,0.132894,0.072344,0.109599,0.133281,0.104761,0.103152,0.130943,0.077335,0.138429,0.10555,0.095517,0.074667,0.089797,0.141614],[0.148877,0.142826,0.0,0.148246,0.242756,0.125468,0.091114,0.143339,0.151311,0.192729,0.090089,0.134663,0.162657,0.182986,0.168317,0.115956,0.10267,0.155721,0.165025,0.152605,0.200569,0.187483,0.094459,0.149392,0.086959,0.130295,0.142989,0.160976,0.148047,0.262884],[0.067069,0.091324,0.148246,0.0,0.1582,0.100574,0.129307,0.089156,0.187011,0.128016,0.114974,0.086853,0.152187,0.143316,0.111856,0.139803,0.107756,0.09937,0.162522,0.130905,0.138539,0.129074,0.123378,0.102273,0.147725,0.154279,0.110369,0.126315,0.099172,0.169235],[0.160225,0.129813,0.242756,0.1582,0.0,0.147474,0.206361,0.145497,0.184123,0.103013,0.217173,0.177964,0.161492,0.235473,0.162364,0.177271,0.207687,0.115998,0.180145,0.2038,0.098351,0.112127,0.21912,0.145846,0.216186,0.16674,0.163443,0.13592,0.163952,0.11695],[0.089457,0.067425,0.125468,0.100574,0.147474,0.0,0.108508,0.093784,0.129872,0.1093,0.120882,0.116089,0.103994,0.180161,0.126707,0.11113,0.122564,0.088105,0.125447,0.14801,0.108716,0.105831,0.125641,0.093987,0.119469,0.096106,0.10811,0.096976,0.112567,0.167266],[0.127826,0.117623,0.091114,0.129307,0.206361,0.108508,0.0,0.113209,0.143903,0.160525,0.098002,0.10952,0.132453,0.154532,0.132458,0.08993,0.108417,0.135963,0.12743,0.117514,0.187523,0.169278,0.079955,0.114361,0.09653,0.120779,0.117716,0.122544,0.111054,0.226966],[0.087219,0.074381,0.143339,0.089156,0.145497,0.093784,0.113209,0.0,0.17368,0.096194,0.119475,0.076182,0.108313,0.14105,0.068834,0.124985,0.121146,0.093086,0.107071,0.095533,0.140298,0.135918,0.112679,0.058315,0.151209,0.133239,0.074543,0.091455,0.075297,0.148012],[0.18482,0.143312,0.151311,0.187011,0.184123,0.129872,0.143903,0.17368,0.0,0.148522,0.1681,0.176446,0.141276,0.237217,0.185639,0.105005,0.16393,0.142225,0.153826,0.194121,0.144671,0.130671,0.159356,0.15246,0.127544,0.080047,0.159157,0.132663,0.167913,0.214973],[0.12501,0.085208,0.192729,0.128016,0.103013,0.1093,0.160525,0.096194,0.148522,0.0,0.175639,0.129174,0.094829,0.188096,0.104082,0.136174,0.169325,0.094187,0.108505,0.145392,0.107677,0.112316,0.16268,0.080535,0.182812,0.12983,0.104782,0.083976,0.11014,0.099021],[0.114125,0.133664,0.090089,0.114974,0.217173,0.120882,0.098002,0.119475,0.1681,0.175639,0.0,0.098813,0.18496,0.14443,0.148601,0.140398,0.067283,0.151808,0.183626,0.127037,0.202859,0.186371,0.083912,0.137871,0.105869,0.162662,0.134797,0.168034,0.130428,0.253176],[0.090107,0.104459,0.134663,0.086853,0.177964,0.116089,0.10952,0.076182,0.176446,0.129174,0.098813,0.0,0.147664,0.105251,0.082726,0.132024,0.09638,0.115984,0.139261,0.078534,0.180917,0.170846,0.092787,0.089917,0.148164,0.163143,0.091015,0.122948,0.070791,0.190865],[0.139868,0.094483,0.162657,0.152187,0.161492,0.103994,0.132453,0.108313,0.141276,0.094829,0.18496,0.147664,0.0,0.183895,0.107355,0.118304,0.168228,0.109486,0.06987,0.136366,0.144181,0.148805,0.141582,0.083846,0.164996,0.114384,0.098033,0.078696,0.109731,0.14695],[0.145192,0.169,0.182986,0.143316,0.235473,0.180161,0.154532,0.14105,0.237217,0.188096,0.14443,0.105251,0.183895,0.0,0.137628,0.208445,0.155654,0.197487,0.206933,0.116359,0.269536,0.25156,0.135672,0.161,0.218737,0.25749,0.160434,0.204921,0.127172,0.247642],[0.109536,0.102011,0.168317,0.111856,0.162364,0.126707,0.132458,0.068834,0.185639,0.104082,0.148601,0.082726,0.107355,0.137628,0.0,0.144054,0.147833,0.118144,0.106325,0.077781,0.174955,0.172809,0.126387,0.068084,0.182532,0.168975,0.082459,0.105121,0.073876,0.148646],[0.131203,0.110233,0.115956,0.139803,0.177271,0.11113,0.08993,0.124985,0.105005,0.136174,0.140398,0.132024,0.118304,0.208445,0.144054,0.0,0.127729,0.112356,0.122758,0.13511,0.159783,0.142512,0.111632,0.113584,0.095116,0.093569,0.121881,0.09419,0.107201,0.208661],[0.117175,0.132894,0.10267,0.107756,0.207687,0.122564,0.108417,0.121146,0.16393,0.169325,0.067283,0.09638,0.168228,0.155654,0.147833,0.127729,0.0,0.145239,0.187792,0.133335,0.195303,0.17506,0.089655,0.14229,0.115754,0.162484,0.13312,0.168109,0.129055,0.248192],[0.086895,0.072344,0.155721,0.09937,0.115998,0.088105,0.135963,0.093086,0.142225,0.094187,0.151808,0.115984,0.109486,0.197487,0.118144,0.112356,0.145239,0.0,0.131922,0.144245,0.098887,0.105384,0.14811,0.093826,0.14247,0.119575,0.11229,0.086309,0.099237,0.147655],[0.15228,0.109599,0.165025,0.162522,0.180145,0.125447,0.12743,0.107071,0.153826,0.108505,0.183626,0.139261,0.06987,0.206933,0.106325,0.122758,0.187792,0.131922,0.0,0.117483,0.169827,0.16745,0.136138,0.084055,0.171021,0.124935,0.093862,0.084999,0.104848,0.16128],[0.132836,0.133281,0.152605,0.130905,0.2038,0.14801,0.117514,0.095533,0.194121,0.145392,0.127037,0.078534,0.136366,0.116359,0.077781,0.13511,0.133335,0.144245,0.117483,0.0,0.220352,0.209568,0.101084,0.102394,0.177733,0.186176,0.098621,0.139157,0.087521,0.206331],[0.129924,0.104761,0.200569,0.138539,0.098351,0.108716,0.187523,0.140298,0.144671,0.107677,0.202859,0.180917,0.144181,0.269536,0.174955,0.159783,0.195303,0.098887,0.169827,0.220352,0.0,0.077773,0.196479,0.135911,0.173124,0.131585,0.157623,0.125028,0.156263,0.140371],[0.123057,0.103152,0.187483,0.129074,0.112127,0.105831,0.169278,0.135918,0.130671,0.112316,0.186371,0.170846,0.148805,0.25156,0.172809,0.142512,0.17506,0.105384,0.16745,0.209568,0.077773,0.0,0.179288,0.132479,0.154637,0.12414,0.154421,0.122964,0.148583,0.156173],[0.128741,0.130943,0.094459,0.123378,0.21912,0.125641,0.079955,0.112679,0.159356,0.16268,0.083912,0.092787,0.141582,0.135672,0.126387,0.111632,0.089655,0.14811,0.136138,0.101084,0.196479,0.179288,0.0,0.119536,0.122902,0.155328,0.111705,0.150019,0.108188,0.238094],[0.096781,0.077335,0.149392,0.102273,0.145846,0.093987,0.114361,0.058315,0.15246,0.080535,0.137871,0.089917,0.083846,0.161,0.068084,0.113584,0.14229,0.093826,0.084055,0.102394,0.135911,0.132479,0.119536,0.0,0.153878,0.129952,0.074758,0.079631,0.074894,0.139842],[0.137694,0.138429,0.086959,0.147725,0.216186,0.119469,0.09653,0.151209,0.127544,0.182812,0.105869,0.148164,0.164996,0.218737,0.182532,0.095116,0.115754,0.14247,0.171021,0.177733,0.173124,0.154637,0.122902,0.153878,0.0,0.120692,0.160841,0.151328,0.147203,0.257625],[0.146347,0.10555,0.130295,0.154279,0.16674,0.096106,0.120779,0.133239,0.080047,0.12983,0.162662,0.163143,0.114384,0.25749,0.168975,0.093569,0.162484,0.119575,0.124935,0.186176,0.131585,0.12414,0.155328,0.129952,0.120692,0.0,0.130203,0.099665,0.137082,0.192206],[0.115982,0.095517,0.142989,0.110369,0.163443,0.10811,0.117716,0.074543,0.159157,0.104782,0.134797,0.091015,0.098033,0.160434,0.082459,0.121881,0.13312,0.11229,0.093862,0.098621,0.157623,0.154421,0.111705,0.074758,0.160841,0.130203,0.0,0.108833,0.08772,0.164267],[0.11173,0.074667,0.160976,0.126315,0.13592,0.096976,0.122544,0.091455,0.132663,0.083976,0.168034,0.122948,0.078696,0.204921,0.105121,0.09419,0.168109,0.086309,0.084999,0.139157,0.125028,0.122964,0.150019,0.079631,0.151328,0.099665,0.108833,0.0,0.086718,0.141424],[0.088322,0.089797,0.148047,0.099172,0.163952,0.112567,0.111054,0.075297,0.167913,0.11014,0.130428,0.070791,0.109731,0.127172,0.073876,0.107201,0.129055,0.099237,0.104848,0.087521,0.156263,0.148583,0.108188,0.074894,0.147203,0.137082,0.08772,0.086718,0.0,0.166112],[0.166348,0.141614,0.262884,0.169235,0.11695,0.167266,0.226966,0.148012,0.214973,0.099021,0.253176,0.190865,0.14695,0.247642,0.148646,0.208661,0.248192,0.147655,0.16128,0.206331,0.140371,0.156173,0.238094,0.139842,0.257625,0.192206,0.164267,0.141424,0.166112,0.0]],"off_diagonal_summary":{"ari_mean":0.863352,"ari_min":0.775224,"ari_std":0.040869,"procrustes_mean":0.135142,"procrustes_max":0.269536},"framework_axis":"B-6 follow-up: deep-method seed stability for CAE-1D \u2014 pairwise cluster ARI + Procrustes between latent embeddings across N_SEEDS torch initialisations","generated_at":"2026-05-09T18:52:05Z","builder_version":"build_deep_seed_stability v0.1"}