{"scene_id":"pavia-university","method":"cae_1d_8","n_seeds":30,"latent_dim":8,"samples_per_class":220,"ari_vs_gt_per_seed":[0.475985,0.477159,0.483472,0.475876,0.496095,0.482156,0.49036,0.496909,0.485971,0.479641,0.473991,0.475657,0.486639,0.470809,0.488486,0.475436,0.488763,0.488746,0.480961,0.475423,0.483387,0.486148,0.496066,0.488182,0.478464,0.48234,0.485808,0.497355,0.469451,0.46915],"ari_vs_gt_summary":{"mean":0.48283,"std":0.007965,"min":0.46915,"max":0.497355},"seed_pair_ari":[[1.0,0.89356,0.932856,0.875001,0.889476,0.894812,0.921705,0.853039,0.89589,0.892455,0.910552,0.90706,0.920661,0.909222,0.878949,0.88704,0.856626,0.932051,0.907774,0.89377,0.916974,0.903224,0.868664,0.90409,0.944221,0.859443,0.875211,0.873072,0.79521,0.818836],[0.89356,1.0,0.887204,0.91983,0.913347,0.864797,0.895325,0.861609,0.937848,0.840438,0.879541,0.964022,0.888646,0.865039,0.956813,0.820184,0.810616,0.89608,0.948932,0.864375,0.939091,0.859914,0.837576,0.940894,0.927054,0.790236,0.862826,0.894422,0.76462,0.883551],[0.932856,0.887204,1.0,0.843234,0.924805,0.930322,0.919247,0.893384,0.880185,0.930021,0.951259,0.900221,0.932239,0.911701,0.869009,0.910767,0.894975,0.968306,0.889502,0.934757,0.910491,0.930435,0.909338,0.893511,0.910573,0.874703,0.924432,0.911273,0.803541,0.807106],[0.875001,0.91983,0.843234,1.0,0.860762,0.826269,0.858556,0.819849,0.90887,0.810156,0.829433,0.912224,0.861821,0.839277,0.912934,0.800687,0.778146,0.849871,0.926272,0.830969,0.892688,0.834565,0.808077,0.899829,0.911608,0.777834,0.8251,0.85282,0.76378,0.91938],[0.889476,0.913347,0.924805,0.860762,1.0,0.892188,0.927711,0.923156,0.910992,0.885577,0.89776,0.912497,0.922863,0.85873,0.90478,0.867996,0.869225,0.939037,0.908449,0.884831,0.910618,0.901282,0.90149,0.914772,0.909593,0.831677,0.913781,0.94471,0.783881,0.824263],[0.894812,0.864797,0.930322,0.826269,0.892188,1.0,0.890751,0.890527,0.864778,0.934482,0.94253,0.87296,0.892933,0.938839,0.849482,0.912118,0.907962,0.916533,0.862322,0.965788,0.907288,0.915797,0.9117,0.889671,0.879559,0.883847,0.950078,0.891049,0.809731,0.789964],[0.921705,0.895325,0.919247,0.858556,0.927711,0.890751,1.0,0.895262,0.914675,0.893178,0.886584,0.903653,0.94072,0.872717,0.889191,0.876144,0.87172,0.927645,0.906016,0.887167,0.906079,0.923662,0.896836,0.904506,0.923958,0.850963,0.89878,0.905511,0.792634,0.815789],[0.853039,0.861609,0.893384,0.819849,0.923156,0.890527,0.895262,1.0,0.883414,0.890876,0.875657,0.86111,0.905174,0.856049,0.859265,0.86734,0.902759,0.898669,0.87039,0.883521,0.889457,0.914247,0.93899,0.887827,0.870711,0.86627,0.924025,0.921199,0.774947,0.787493],[0.89589,0.937848,0.880185,0.90887,0.910992,0.864778,0.914675,0.883414,1.0,0.848048,0.85253,0.929958,0.901116,0.865503,0.938152,0.832812,0.830872,0.887043,0.950638,0.861562,0.935185,0.881807,0.869084,0.952282,0.938018,0.808658,0.879584,0.911311,0.776001,0.858121],[0.892455,0.840438,0.930021,0.810156,0.885577,0.934482,0.893178,0.890876,0.848048,1.0,0.933748,0.849657,0.900387,0.915737,0.823353,0.959643,0.945376,0.919606,0.844051,0.94491,0.869028,0.928045,0.927748,0.857002,0.875597,0.914233,0.926455,0.876496,0.822344,0.777828],[0.910552,0.879541,0.951259,0.829433,0.89776,0.94253,0.886584,0.875657,0.85253,0.933748,1.0,0.87937,0.893527,0.916526,0.845474,0.922835,0.901466,0.935679,0.861353,0.938115,0.894241,0.902962,0.891829,0.86884,0.887666,0.876298,0.913322,0.878222,0.796501,0.803401],[0.90706,0.964022,0.900221,0.912224,0.912497,0.87296,0.903653,0.86111,0.929958,0.849657,0.87937,1.0,0.894657,0.869628,0.935058,0.830505,0.819306,0.909968,0.938773,0.871842,0.929359,0.864879,0.843405,0.934634,0.936965,0.800881,0.866877,0.88896,0.765968,0.874127],[0.920661,0.888646,0.932239,0.861821,0.922863,0.892933,0.94072,0.905174,0.901116,0.900387,0.893527,0.894657,1.0,0.89338,0.877174,0.886343,0.865262,0.930539,0.908343,0.901839,0.916869,0.9449,0.909519,0.903728,0.930851,0.869726,0.911245,0.918747,0.801125,0.814468],[0.909222,0.865039,0.911701,0.839277,0.85873,0.938839,0.872717,0.856049,0.865503,0.915737,0.916526,0.869628,0.89338,1.0,0.840288,0.90126,0.876427,0.893034,0.873974,0.948699,0.906297,0.904324,0.880839,0.878622,0.898756,0.879296,0.92025,0.855483,0.802715,0.792229],[0.878949,0.956813,0.869009,0.912934,0.90478,0.849482,0.889191,0.859265,0.938152,0.823353,0.845474,0.935058,0.877174,0.840288,1.0,0.807089,0.812582,0.87597,0.940835,0.83824,0.914495,0.852625,0.836339,0.939325,0.904528,0.787594,0.857191,0.902285,0.763548,0.872985],[0.88704,0.820184,0.910767,0.800687,0.867996,0.912118,0.876144,0.86734,0.832812,0.959643,0.922835,0.830505,0.886343,0.90126,0.807089,1.0,0.924528,0.900518,0.829668,0.91904,0.855329,0.909728,0.903474,0.837299,0.859711,0.918999,0.90336,0.858496,0.823394,0.763808],[0.856626,0.810616,0.894975,0.778146,0.869225,0.907962,0.87172,0.902759,0.830872,0.945376,0.901466,0.819306,0.865262,0.876427,0.812582,0.924528,1.0,0.889058,0.815845,0.906684,0.840532,0.902415,0.930462,0.835758,0.8377,0.915885,0.909347,0.867597,0.788676,0.754868],[0.932051,0.89608,0.968306,0.849871,0.939037,0.916533,0.927645,0.898669,0.887043,0.919606,0.935679,0.909968,0.930539,0.893034,0.87597,0.900518,0.889058,1.0,0.89131,0.913343,0.91505,0.914455,0.898972,0.904681,0.917914,0.860681,0.914858,0.915435,0.794295,0.812861],[0.907774,0.948932,0.889502,0.926272,0.908449,0.862322,0.906016,0.87039,0.950638,0.844051,0.861353,0.938773,0.908343,0.873974,0.940835,0.829668,0.815845,0.89131,1.0,0.868187,0.933469,0.883984,0.851617,0.941548,0.938517,0.81443,0.874791,0.899267,0.776917,0.868354],[0.89377,0.864375,0.934757,0.830969,0.884831,0.965788,0.887167,0.883521,0.861562,0.94491,0.938115,0.871842,0.901839,0.948699,0.83824,0.91904,0.906684,0.913343,0.868187,1.0,0.895312,0.923127,0.909056,0.875664,0.887842,0.89605,0.940505,0.876955,0.817845,0.795587],[0.916974,0.939091,0.910491,0.892688,0.910618,0.907288,0.906079,0.889457,0.935185,0.869028,0.894241,0.929359,0.916869,0.906297,0.914495,0.855329,0.840532,0.91505,0.933469,0.895312,1.0,0.895898,0.876796,0.962906,0.9411,0.818885,0.902376,0.914831,0.785098,0.849006],[0.903224,0.859914,0.930435,0.834565,0.901282,0.915797,0.923662,0.914247,0.881807,0.928045,0.902962,0.864879,0.9449,0.904324,0.852625,0.909728,0.902415,0.914455,0.883984,0.923127,0.895898,1.0,0.951416,0.882076,0.898868,0.898871,0.936801,0.912967,0.813543,0.78859],[0.868664,0.837576,0.909338,0.808077,0.90149,0.9117,0.896836,0.93899,0.869084,0.927748,0.891829,0.843405,0.909519,0.880839,0.836339,0.903474,0.930462,0.898972,0.851617,0.909056,0.876796,0.951416,1.0,0.870823,0.869069,0.894361,0.933067,0.902417,0.797865,0.771786],[0.90409,0.940894,0.893511,0.899829,0.914772,0.889671,0.904506,0.887827,0.952282,0.857002,0.86884,0.934634,0.903728,0.878622,0.939325,0.837299,0.835758,0.904681,0.941548,0.875664,0.962906,0.882076,0.870823,1.0,0.935448,0.808316,0.896413,0.919415,0.779555,0.853149],[0.944221,0.927054,0.910573,0.911608,0.909593,0.879559,0.923958,0.870711,0.938018,0.875597,0.887666,0.936965,0.930851,0.898756,0.904528,0.859711,0.8377,0.917914,0.938517,0.887842,0.9411,0.898868,0.869069,0.935448,1.0,0.829186,0.882064,0.886767,0.787196,0.853851],[0.859443,0.790236,0.874703,0.777834,0.831677,0.883847,0.850963,0.86627,0.808658,0.914233,0.876298,0.800881,0.869726,0.879296,0.787594,0.918999,0.915885,0.860681,0.81443,0.89605,0.818885,0.898871,0.894361,0.808316,0.829186,1.0,0.879806,0.844787,0.801577,0.738432],[0.875211,0.862826,0.924432,0.8251,0.913781,0.950078,0.89878,0.924025,0.879584,0.926455,0.913322,0.866877,0.911245,0.92025,0.857191,0.90336,0.909347,0.914858,0.874791,0.940505,0.902376,0.936801,0.933067,0.896413,0.882064,0.879806,1.0,0.907484,0.80896,0.78488],[0.873072,0.894422,0.911273,0.85282,0.94471,0.891049,0.905511,0.921199,0.911311,0.876496,0.878222,0.88896,0.918747,0.855483,0.902285,0.858496,0.867597,0.915435,0.899267,0.876955,0.914831,0.912967,0.902417,0.919415,0.886767,0.844787,0.907484,1.0,0.778971,0.811468],[0.79521,0.76462,0.803541,0.76378,0.783881,0.809731,0.792634,0.774947,0.776001,0.822344,0.796501,0.765968,0.801125,0.802715,0.763548,0.823394,0.788676,0.794295,0.776917,0.817845,0.785098,0.813543,0.797865,0.779555,0.787196,0.801577,0.80896,0.778971,1.0,0.737472],[0.818836,0.883551,0.807106,0.91938,0.824263,0.789964,0.815789,0.787493,0.858121,0.777828,0.803401,0.874127,0.814468,0.792229,0.872985,0.763808,0.754868,0.812861,0.868354,0.795587,0.849006,0.78859,0.771786,0.853149,0.853851,0.738432,0.78488,0.811468,0.737472,1.0]],"seed_pair_procrustes_dist":[[0.0,0.112579,0.105567,0.047737,0.125199,0.187314,0.083882,0.208356,0.143067,0.213517,0.144512,0.064757,0.146441,0.19379,0.172786,0.158358,0.221718,0.090197,0.08931,0.163072,0.18718,0.148571,0.195763,0.182749,0.096661,0.133813,0.222624,0.148286,0.160681,0.089972],[0.112579,0.0,0.054661,0.105718,0.097205,0.106641,0.096163,0.186624,0.078897,0.169573,0.119589,0.084241,0.102651,0.147998,0.109856,0.160446,0.173445,0.093891,0.088489,0.121459,0.105577,0.081134,0.135721,0.109724,0.088224,0.110918,0.141648,0.097276,0.105618,0.126735],[0.105567,0.054661,0.0,0.106829,0.083742,0.113692,0.081073,0.167331,0.084313,0.169925,0.122775,0.077524,0.100378,0.155417,0.112337,0.14821,0.159826,0.075994,0.082985,0.121111,0.115151,0.076029,0.128254,0.112728,0.094134,0.08734,0.137718,0.088258,0.116436,0.129681],[0.047737,0.105718,0.106829,0.0,0.121627,0.180054,0.084994,0.198515,0.131503,0.203772,0.143994,0.072624,0.149329,0.187548,0.177901,0.152706,0.219759,0.088206,0.091158,0.152451,0.176938,0.153973,0.187455,0.174564,0.086021,0.148663,0.221045,0.152512,0.15119,0.066529],[0.125199,0.097205,0.083742,0.121627,0.0,0.127978,0.094163,0.126634,0.09642,0.147842,0.102517,0.116523,0.158698,0.150908,0.172312,0.109625,0.122049,0.062058,0.109846,0.098719,0.163375,0.108132,0.094918,0.159905,0.111057,0.136359,0.14324,0.13408,0.153192,0.140958],[0.187314,0.106641,0.113692,0.180054,0.127978,0.0,0.163367,0.161627,0.09247,0.110891,0.121004,0.158273,0.161203,0.101096,0.171945,0.14792,0.133058,0.124188,0.151374,0.080838,0.09713,0.109724,0.089463,0.111281,0.126703,0.156112,0.084072,0.144682,0.107163,0.184799],[0.083882,0.096163,0.081073,0.084994,0.094163,0.163367,0.0,0.168202,0.107131,0.205393,0.150642,0.075193,0.127947,0.199183,0.138645,0.158467,0.184933,0.086464,0.07873,0.154783,0.164432,0.123082,0.162393,0.154521,0.104228,0.12409,0.188942,0.127269,0.15935,0.099553],[0.208356,0.186624,0.167331,0.198515,0.126634,0.161627,0.168202,0.0,0.161015,0.175981,0.178948,0.203575,0.247076,0.202671,0.237466,0.162907,0.10046,0.145891,0.183623,0.141661,0.212403,0.182981,0.124828,0.198378,0.201286,0.21308,0.157888,0.19645,0.22784,0.214381],[0.143067,0.078897,0.084313,0.131503,0.09642,0.09247,0.107131,0.161015,0.0,0.146475,0.131495,0.116584,0.119082,0.144344,0.137996,0.145435,0.148583,0.100281,0.111627,0.102971,0.099425,0.092107,0.108125,0.102362,0.090791,0.132695,0.125565,0.118741,0.101529,0.136931],[0.213517,0.169573,0.169925,0.203772,0.147842,0.110891,0.205393,0.175981,0.146475,0.0,0.114329,0.218214,0.219207,0.083874,0.267765,0.114816,0.150705,0.153504,0.214037,0.0776,0.200004,0.15758,0.098853,0.210603,0.148887,0.194048,0.143599,0.205284,0.146662,0.228857],[0.144512,0.119589,0.122775,0.143994,0.102517,0.121004,0.150642,0.178948,0.131495,0.114329,0.0,0.160619,0.199193,0.095227,0.227663,0.096177,0.148817,0.107449,0.156882,0.082726,0.193861,0.126822,0.119131,0.207127,0.122654,0.159932,0.158142,0.17549,0.158736,0.183368],[0.064757,0.084241,0.077524,0.072624,0.116523,0.158273,0.075193,0.203575,0.116584,0.218214,0.160619,0.0,0.123099,0.197449,0.126175,0.174113,0.204118,0.086785,0.07357,0.158685,0.143974,0.132428,0.178931,0.135047,0.102322,0.127787,0.196319,0.111969,0.14889,0.081623],[0.146441,0.102651,0.100378,0.149329,0.158698,0.161203,0.127947,0.247076,0.119082,0.219207,0.199193,0.123099,0.0,0.19292,0.12946,0.193231,0.22342,0.132754,0.130837,0.166871,0.135688,0.107684,0.172755,0.129296,0.104942,0.093537,0.189702,0.101093,0.098982,0.145932],[0.19379,0.147998,0.155417,0.187548,0.150908,0.101096,0.199183,0.202671,0.144344,0.083874,0.095227,0.197449,0.19292,0.0,0.248622,0.119429,0.166613,0.149046,0.187648,0.076816,0.187001,0.143342,0.121179,0.205218,0.143641,0.180908,0.140082,0.202035,0.136649,0.222151],[0.172786,0.109856,0.112337,0.177901,0.172312,0.171945,0.138645,0.237466,0.137996,0.267765,0.227663,0.126175,0.12946,0.248622,0.0,0.231215,0.207827,0.149077,0.111552,0.191727,0.121426,0.12973,0.189316,0.103979,0.164752,0.144093,0.172511,0.100631,0.166965,0.161075],[0.158358,0.160446,0.14821,0.152706,0.109625,0.14792,0.158467,0.162907,0.145435,0.114816,0.096177,0.174113,0.193231,0.119429,0.231215,0.0,0.166127,0.116466,0.187668,0.105332,0.232503,0.175632,0.135194,0.242445,0.138273,0.189742,0.199955,0.222037,0.184652,0.189907],[0.221718,0.173445,0.159826,0.219759,0.122049,0.133058,0.184933,0.10046,0.148583,0.150705,0.148817,0.204118,0.22342,0.166613,0.207827,0.166127,0.0,0.150016,0.188282,0.121156,0.199792,0.159735,0.089792,0.196872,0.201208,0.203823,0.109296,0.195065,0.218862,0.237505],[0.090197,0.093891,0.075994,0.088206,0.062058,0.124188,0.086464,0.145891,0.100281,0.153504,0.107449,0.086785,0.132754,0.149046,0.149077,0.116466,0.150016,0.0,0.092872,0.101831,0.158519,0.11514,0.122557,0.152711,0.093788,0.123324,0.163511,0.124253,0.140003,0.115735],[0.08931,0.088489,0.082985,0.091158,0.109846,0.151374,0.07873,0.183623,0.111627,0.214037,0.156882,0.07357,0.130837,0.187648,0.111552,0.187668,0.188282,0.092872,0.0,0.148761,0.150538,0.11998,0.165991,0.139344,0.122681,0.127755,0.173847,0.122036,0.155556,0.118453],[0.163072,0.121459,0.121111,0.152451,0.098719,0.080838,0.154783,0.141661,0.102971,0.0776,0.082726,0.158685,0.166871,0.076816,0.191727,0.105332,0.121156,0.101831,0.148761,0.0,0.155339,0.119264,0.074034,0.164918,0.117159,0.159701,0.11699,0.163717,0.126942,0.181432],[0.18718,0.105577,0.115151,0.176938,0.163375,0.09713,0.164432,0.212403,0.099425,0.200004,0.193861,0.143974,0.135688,0.187001,0.121426,0.232503,0.199792,0.158519,0.150538,0.155339,0.0,0.129157,0.147086,0.05523,0.135298,0.162252,0.131574,0.125094,0.114672,0.158661],[0.148571,0.081134,0.076029,0.153973,0.108132,0.109724,0.123082,0.182981,0.092107,0.15758,0.126822,0.132428,0.107684,0.143342,0.12973,0.175632,0.159735,0.11514,0.11998,0.119264,0.129157,0.0,0.112446,0.133034,0.11206,0.077523,0.114036,0.086464,0.111502,0.175202],[0.195763,0.135721,0.128254,0.187455,0.094918,0.089463,0.162393,0.124828,0.108125,0.098853,0.119131,0.178931,0.172755,0.121179,0.189316,0.135194,0.089792,0.122557,0.165991,0.074034,0.147086,0.112446,0.0,0.163726,0.146451,0.162361,0.095447,0.160321,0.148738,0.203704],[0.182749,0.109724,0.112728,0.174564,0.159905,0.111281,0.154521,0.198378,0.102362,0.210603,0.207127,0.135047,0.129296,0.205218,0.103979,0.242445,0.196872,0.152711,0.139344,0.164918,0.05523,0.133034,0.163726,0.0,0.141301,0.155889,0.133025,0.108568,0.125974,0.155103],[0.096661,0.088224,0.094134,0.086021,0.111057,0.126703,0.104228,0.201286,0.090791,0.148887,0.122654,0.102322,0.104942,0.143641,0.164752,0.138273,0.201208,0.093788,0.122681,0.117159,0.135298,0.11206,0.146451,0.141301,0.0,0.126737,0.180439,0.137618,0.088436,0.108386],[0.133813,0.110918,0.08734,0.148663,0.136359,0.156112,0.12409,0.21308,0.132695,0.194048,0.159932,0.127787,0.093537,0.180908,0.144093,0.189742,0.203823,0.123324,0.127755,0.159701,0.162252,0.077523,0.162361,0.155889,0.126737,0.0,0.170383,0.095087,0.128752,0.173577],[0.222624,0.141648,0.137718,0.221045,0.14324,0.084072,0.188942,0.157888,0.125565,0.143599,0.158142,0.196319,0.189702,0.140082,0.172511,0.199955,0.109296,0.163511,0.173847,0.11699,0.131574,0.114036,0.095447,0.133025,0.180439,0.170383,0.0,0.154571,0.157136,0.225525],[0.148286,0.097276,0.088258,0.152512,0.13408,0.144682,0.127269,0.19645,0.118741,0.205284,0.17549,0.111969,0.101093,0.202035,0.100631,0.222037,0.195065,0.124253,0.122036,0.163717,0.125094,0.086464,0.160321,0.108568,0.137618,0.095087,0.154571,0.0,0.131707,0.156474],[0.160681,0.105618,0.116436,0.15119,0.153192,0.107163,0.15935,0.22784,0.101529,0.146662,0.158736,0.14889,0.098982,0.136649,0.166965,0.184652,0.218862,0.140003,0.155556,0.126942,0.114672,0.111502,0.148738,0.125974,0.088436,0.128752,0.157136,0.131707,0.0,0.161457],[0.089972,0.126735,0.129681,0.066529,0.140958,0.184799,0.099553,0.214381,0.136931,0.228857,0.183368,0.081623,0.145932,0.222151,0.161075,0.189907,0.237505,0.115735,0.118453,0.181432,0.158661,0.175202,0.203704,0.155103,0.108386,0.173577,0.225525,0.156474,0.161457,0.0]],"off_diagonal_summary":{"ari_mean":0.879971,"ari_min":0.737472,"ari_std":0.046866,"procrustes_mean":0.142399,"procrustes_max":0.267765},"framework_axis":"B-6 follow-up: deep-method seed stability for CAE-1D \u2014 pairwise cluster ARI + Procrustes between latent embeddings across N_SEEDS torch initialisations","generated_at":"2026-05-09T17:25:35Z","builder_version":"build_deep_seed_stability v0.1"}