{"scene_id":"salinas-corrected","method":"cae_1d_8","n_seeds":30,"latent_dim":8,"samples_per_class":220,"ari_vs_gt_per_seed":[0.549341,0.555238,0.543774,0.555387,0.557354,0.555091,0.541567,0.547544,0.556084,0.550803,0.505273,0.54475,0.544858,0.561402,0.54921,0.556801,0.545193,0.51023,0.498954,0.548436,0.54991,0.542462,0.547021,0.551096,0.549034,0.553091,0.554115,0.562137,0.555325,0.558581],"ari_vs_gt_summary":{"mean":0.546669,"std":0.014995,"min":0.498954,"max":0.562137},"seed_pair_ari":[[1.0,0.894375,0.924133,0.897034,0.891012,0.888895,0.869051,0.877503,0.894297,0.966191,0.771933,0.940371,0.926713,0.862927,0.95756,0.8736,0.956514,0.81504,0.797999,0.972515,0.884689,0.950184,0.947065,0.924174,0.964061,0.890382,0.902586,0.895105,0.890871,0.866011],[0.894375,1.0,0.863152,0.958657,0.952474,0.96169,0.835649,0.846344,0.952195,0.898893,0.800965,0.872119,0.886214,0.915398,0.906756,0.967082,0.885551,0.859231,0.825351,0.888754,0.94364,0.882385,0.90188,0.853635,0.901393,0.954711,0.942911,0.95271,0.943229,0.903433],[0.924133,0.863152,1.0,0.879936,0.869798,0.860931,0.906374,0.905701,0.874202,0.931198,0.754122,0.95129,0.953747,0.846117,0.927646,0.854456,0.954158,0.791888,0.773233,0.938535,0.893212,0.942858,0.901945,0.970865,0.920885,0.871471,0.890134,0.862962,0.871539,0.844422],[0.897034,0.958657,0.879936,1.0,0.975034,0.938452,0.831829,0.863465,0.981802,0.912539,0.808476,0.884418,0.89105,0.939576,0.900269,0.961547,0.904371,0.854282,0.819226,0.903342,0.957777,0.897129,0.905164,0.867485,0.907478,0.979544,0.96694,0.953333,0.957143,0.931146],[0.891012,0.952474,0.869798,0.975034,1.0,0.931027,0.820797,0.870339,0.974188,0.899114,0.80919,0.880916,0.876885,0.942699,0.890605,0.950527,0.896146,0.845439,0.820158,0.893601,0.956334,0.888967,0.893425,0.865166,0.896073,0.96791,0.951396,0.947842,0.952084,0.938212],[0.888895,0.96169,0.860931,0.938452,0.931027,1.0,0.829177,0.841157,0.933203,0.899682,0.790722,0.870596,0.884459,0.895506,0.908772,0.955544,0.884841,0.86743,0.823847,0.888451,0.920685,0.882038,0.896038,0.851673,0.902581,0.9343,0.93346,0.927732,0.920679,0.884359],[0.869051,0.835649,0.906374,0.831829,0.820797,0.829177,1.0,0.921406,0.824949,0.857659,0.741875,0.881596,0.897184,0.803034,0.868408,0.814862,0.87496,0.75473,0.749324,0.871955,0.837788,0.868846,0.862952,0.894671,0.855049,0.825315,0.828739,0.82378,0.826253,0.799748],[0.877503,0.846344,0.905701,0.863465,0.870339,0.841157,0.921406,1.0,0.858053,0.882707,0.724048,0.882043,0.918444,0.842031,0.881102,0.839228,0.908148,0.773916,0.756813,0.886954,0.858635,0.893736,0.847683,0.907269,0.86966,0.856485,0.856352,0.840191,0.84973,0.832374],[0.894297,0.952195,0.874202,0.981802,0.974188,0.933203,0.824949,0.858053,1.0,0.906671,0.806563,0.888323,0.8834,0.9461,0.897083,0.958355,0.899939,0.843345,0.815302,0.900101,0.95497,0.900147,0.899191,0.867202,0.903951,0.981361,0.964018,0.95588,0.952145,0.938046],[0.966191,0.898893,0.931198,0.912539,0.899114,0.899682,0.857659,0.882707,0.906671,1.0,0.758355,0.94878,0.939723,0.875919,0.971347,0.890831,0.963111,0.82479,0.786295,0.972579,0.897153,0.95435,0.941001,0.929697,0.96881,0.903485,0.919437,0.896042,0.901033,0.870112],[0.771933,0.800965,0.754122,0.808476,0.80919,0.790722,0.741875,0.724048,0.806563,0.758355,1.0,0.767997,0.737032,0.782203,0.759378,0.794971,0.746421,0.738673,0.941464,0.763333,0.809003,0.742524,0.794871,0.754593,0.765115,0.802029,0.797026,0.801344,0.778817,0.779867],[0.940371,0.872119,0.95129,0.884418,0.880916,0.870596,0.881596,0.882043,0.888323,0.94878,0.767997,1.0,0.931435,0.853097,0.950503,0.866949,0.957228,0.791024,0.777314,0.957625,0.900588,0.950339,0.918848,0.957169,0.940324,0.881032,0.888046,0.869565,0.874598,0.861143],[0.926713,0.886214,0.953747,0.89105,0.876885,0.884459,0.897184,0.918444,0.8834,0.939723,0.737032,0.931435,1.0,0.851212,0.948225,0.878312,0.963173,0.802564,0.768658,0.942017,0.873654,0.951901,0.895262,0.943991,0.930997,0.883813,0.888938,0.866216,0.883898,0.848903],[0.862927,0.915398,0.846117,0.939576,0.942699,0.895506,0.803034,0.842031,0.9461,0.875919,0.782203,0.853097,0.851212,1.0,0.863424,0.916199,0.866234,0.813334,0.786877,0.863392,0.918963,0.878402,0.867124,0.841669,0.865289,0.943728,0.918444,0.936419,0.934134,0.960281],[0.95756,0.906756,0.927646,0.900269,0.890605,0.908772,0.868408,0.881102,0.897083,0.971347,0.759378,0.950503,0.948225,0.863424,1.0,0.891129,0.961548,0.81865,0.789551,0.971637,0.885148,0.95646,0.929743,0.931191,0.967098,0.894234,0.903829,0.883844,0.891436,0.863289],[0.8736,0.967082,0.854456,0.961547,0.950527,0.955544,0.814862,0.839228,0.958355,0.890831,0.794971,0.866949,0.878312,0.916199,0.891129,1.0,0.878265,0.851755,0.811636,0.879921,0.942956,0.876638,0.881513,0.843171,0.895787,0.957907,0.945854,0.939338,0.933004,0.904096],[0.956514,0.885551,0.954158,0.904371,0.896146,0.884841,0.87496,0.908148,0.899939,0.963111,0.746421,0.957228,0.963173,0.866234,0.961548,0.878265,1.0,0.809788,0.779877,0.967619,0.891234,0.980446,0.916326,0.953594,0.947983,0.895835,0.902005,0.882208,0.897869,0.867006],[0.81504,0.859231,0.791888,0.854282,0.845439,0.86743,0.75473,0.773916,0.843345,0.82479,0.738673,0.791024,0.802564,0.813334,0.81865,0.851755,0.809788,1.0,0.773561,0.814437,0.834698,0.804113,0.822481,0.780138,0.822054,0.843869,0.857155,0.838715,0.836065,0.802095],[0.797999,0.825351,0.773233,0.819226,0.820158,0.823847,0.749324,0.756813,0.815302,0.786295,0.941464,0.777314,0.768658,0.786877,0.789551,0.811636,0.779877,0.773561,1.0,0.791342,0.818006,0.773371,0.817629,0.763814,0.79384,0.813791,0.819069,0.811444,0.795782,0.781128],[0.972515,0.888754,0.938535,0.903342,0.893601,0.888451,0.871955,0.886954,0.900101,0.972579,0.763333,0.957625,0.942017,0.863392,0.971637,0.879921,0.967619,0.814437,0.791342,1.0,0.888114,0.957578,0.939439,0.937716,0.968845,0.895054,0.913042,0.884539,0.891416,0.864713],[0.884689,0.94364,0.893212,0.957777,0.956334,0.920685,0.837788,0.858635,0.95497,0.897153,0.809003,0.900588,0.873654,0.918963,0.885148,0.942956,0.891234,0.834698,0.818006,0.888114,1.0,0.887433,0.905578,0.88533,0.891533,0.955709,0.948807,0.931853,0.929079,0.908825],[0.950184,0.882385,0.942858,0.897129,0.888967,0.882038,0.868846,0.893736,0.900147,0.95435,0.742524,0.950339,0.951901,0.878402,0.95646,0.876638,0.980446,0.804113,0.773371,0.957578,0.887433,1.0,0.914029,0.939662,0.938383,0.905738,0.895311,0.893699,0.894594,0.877452],[0.947065,0.90188,0.901945,0.905164,0.893425,0.896038,0.862952,0.847683,0.899191,0.941001,0.794871,0.918848,0.895262,0.867124,0.929743,0.881513,0.916326,0.822481,0.817629,0.939439,0.905578,0.914029,1.0,0.903452,0.941694,0.898531,0.910044,0.896954,0.894215,0.866807],[0.924174,0.853635,0.970865,0.867485,0.865166,0.851673,0.894671,0.907269,0.867202,0.929697,0.754593,0.957169,0.943991,0.841669,0.931191,0.843171,0.953594,0.780138,0.763814,0.937716,0.88533,0.939662,0.903452,1.0,0.915104,0.860979,0.869535,0.855642,0.859345,0.843849],[0.964061,0.901393,0.920885,0.907478,0.896073,0.902581,0.855049,0.86966,0.903951,0.96881,0.765115,0.940324,0.930997,0.865289,0.967098,0.895787,0.947983,0.822054,0.79384,0.968845,0.891533,0.938383,0.941694,0.915104,1.0,0.899355,0.921994,0.886908,0.894657,0.867552],[0.890382,0.954711,0.871471,0.979544,0.96791,0.9343,0.825315,0.856485,0.981361,0.903485,0.802029,0.881032,0.883813,0.943728,0.894234,0.957907,0.895835,0.843869,0.813791,0.895054,0.955709,0.905738,0.898531,0.860979,0.899355,1.0,0.958636,0.95947,0.947886,0.932833],[0.902586,0.942911,0.890134,0.96694,0.951396,0.93346,0.828739,0.856352,0.964018,0.919437,0.797026,0.888046,0.888938,0.918444,0.903829,0.945854,0.902005,0.857155,0.819069,0.913042,0.948807,0.895311,0.910044,0.869535,0.921994,0.958636,1.0,0.941689,0.932343,0.909092],[0.895105,0.95271,0.862962,0.953333,0.947842,0.927732,0.82378,0.840191,0.95588,0.896042,0.801344,0.869565,0.866216,0.936419,0.883844,0.939338,0.882208,0.838715,0.811444,0.884539,0.931853,0.893699,0.896954,0.855642,0.886908,0.95947,0.941689,1.0,0.928933,0.935302],[0.890871,0.943229,0.871539,0.957143,0.952084,0.920679,0.826253,0.84973,0.952145,0.901033,0.778817,0.874598,0.883898,0.934134,0.891436,0.933004,0.897869,0.836065,0.795782,0.891416,0.929079,0.894594,0.894215,0.859345,0.894657,0.947886,0.932343,0.928933,1.0,0.935801],[0.866011,0.903433,0.844422,0.931146,0.938212,0.884359,0.799748,0.832374,0.938046,0.870112,0.779867,0.861143,0.848903,0.960281,0.863289,0.904096,0.867006,0.802095,0.781128,0.864713,0.908825,0.877452,0.866807,0.843849,0.867552,0.932833,0.909092,0.935302,0.935801,1.0]],"seed_pair_procrustes_dist":[[0.0,0.065457,0.053258,0.12843,0.103328,0.079029,0.108811,0.0299,0.035409,0.029571,0.03508,0.038441,0.037331,0.064484,0.130271,0.0785,0.078632,0.075964,0.04016,0.041302,0.042018,0.097822,0.037004,0.057481,0.087115,0.044426,0.054233,0.067274,0.125646,0.135336],[0.065457,0.0,0.04432,0.170217,0.149677,0.113354,0.151313,0.063495,0.058678,0.053035,0.05934,0.075121,0.048166,0.104291,0.076332,0.117947,0.041365,0.018693,0.03196,0.055356,0.068331,0.140754,0.068074,0.052218,0.047527,0.079699,0.038965,0.114882,0.167769,0.17899],[0.053258,0.04432,0.0,0.162105,0.13945,0.115295,0.143776,0.044666,0.054596,0.047047,0.055001,0.06166,0.032863,0.094069,0.088267,0.112694,0.033846,0.050145,0.035949,0.031757,0.055209,0.131737,0.05828,0.030302,0.049876,0.072458,0.022032,0.108536,0.159438,0.169225],[0.12843,0.170217,0.162105,0.0,0.039523,0.076393,0.037132,0.147733,0.139572,0.159623,0.150051,0.130646,0.162123,0.09069,0.288735,0.066013,0.223903,0.217993,0.171648,0.175115,0.13317,0.039388,0.137186,0.202547,0.240357,0.113461,0.193365,0.081677,0.014997,0.034295],[0.103328,0.149677,0.13945,0.039523,0.0,0.060361,0.038967,0.115668,0.111686,0.129561,0.120562,0.101099,0.133031,0.067857,0.254985,0.047302,0.19223,0.188183,0.141939,0.144847,0.106105,0.025931,0.111584,0.168344,0.207094,0.087293,0.162749,0.051149,0.034595,0.045276],[0.079029,0.113354,0.115295,0.076393,0.060361,0.0,0.059559,0.09008,0.075567,0.091744,0.086236,0.076068,0.097245,0.054544,0.209595,0.026683,0.153653,0.139939,0.100522,0.114106,0.075843,0.04728,0.07912,0.138053,0.167127,0.053822,0.125826,0.041799,0.069156,0.087421],[0.108811,0.151313,0.143776,0.037132,0.038967,0.059559,0.0,0.12376,0.113886,0.13649,0.120233,0.104417,0.137096,0.067253,0.256762,0.054734,0.19747,0.189902,0.145246,0.148407,0.110648,0.035349,0.108793,0.173419,0.210198,0.094364,0.167224,0.066226,0.040342,0.045163],[0.0299,0.063495,0.044666,0.147733,0.115668,0.09008,0.12376,0.0,0.029271,0.039041,0.038039,0.02807,0.030628,0.060513,0.129363,0.078842,0.071748,0.078069,0.039765,0.038165,0.027919,0.097868,0.036557,0.054448,0.085712,0.040528,0.048481,0.074893,0.126429,0.135],[0.035409,0.058678,0.054596,0.139572,0.111686,0.075567,0.113886,0.029271,0.0,0.045228,0.031977,0.032133,0.036779,0.049978,0.134516,0.070142,0.079441,0.075808,0.033627,0.053282,0.02127,0.091087,0.032568,0.067452,0.093446,0.03331,0.05881,0.069147,0.120121,0.129989],[0.029571,0.053035,0.047047,0.159623,0.129561,0.091744,0.13649,0.039041,0.045228,0.0,0.043283,0.050754,0.028868,0.078789,0.118553,0.085708,0.071555,0.062979,0.037645,0.034175,0.048646,0.108847,0.042597,0.055798,0.079339,0.051069,0.040985,0.080213,0.135917,0.148585],[0.03508,0.05934,0.055001,0.150051,0.120562,0.086236,0.120233,0.038039,0.031977,0.043283,0.0,0.034366,0.038055,0.063167,0.125826,0.081666,0.082101,0.071975,0.038944,0.0462,0.041565,0.10239,0.027337,0.056214,0.087352,0.052589,0.055484,0.074852,0.129614,0.136327],[0.038441,0.075121,0.06166,0.130646,0.101099,0.076068,0.104417,0.02807,0.032133,0.050754,0.034366,0.0,0.043798,0.051193,0.145342,0.068004,0.090583,0.09056,0.051155,0.051451,0.03159,0.087087,0.032989,0.070997,0.102595,0.038878,0.064751,0.067028,0.114772,0.120588],[0.037331,0.048166,0.032863,0.162123,0.133031,0.097245,0.137096,0.030628,0.036779,0.028868,0.038055,0.043798,0.0,0.073989,0.11221,0.08827,0.060114,0.05745,0.028213,0.026793,0.035374,0.109403,0.034995,0.046305,0.073896,0.049045,0.030417,0.08751,0.137489,0.149571],[0.064484,0.104291,0.094069,0.09069,0.067857,0.054544,0.067253,0.060513,0.049978,0.078789,0.063167,0.051193,0.073989,0.0,0.190002,0.044124,0.130621,0.129094,0.084902,0.092164,0.048423,0.052267,0.055747,0.111695,0.146408,0.043624,0.106424,0.047947,0.081449,0.090656],[0.130271,0.076332,0.088267,0.288735,0.254985,0.209595,0.256762,0.129363,0.134516,0.118553,0.125826,0.145342,0.11221,0.190002,0.0,0.176796,0.062758,0.061161,0.093862,0.09452,0.125981,0.197163,0.120845,0.076105,0.043145,0.14036,0.078375,0.171614,0.222678,0.230782],[0.0785,0.117947,0.112694,0.066013,0.047302,0.026683,0.054734,0.078842,0.070142,0.085708,0.081666,0.068004,0.08827,0.044124,0.176796,0.0,0.153766,0.146616,0.10329,0.111558,0.070482,0.033884,0.078127,0.137249,0.169173,0.049655,0.125199,0.036569,0.059903,0.076349],[0.078632,0.041365,0.033846,0.223903,0.19223,0.153653,0.19747,0.071748,0.079441,0.071555,0.082101,0.090583,0.060114,0.130621,0.062758,0.153766,0.0,0.041946,0.050316,0.055543,0.077205,0.153374,0.081526,0.046649,0.033946,0.092367,0.037673,0.130811,0.180451,0.19017],[0.075964,0.018693,0.050145,0.217993,0.188183,0.139939,0.189902,0.078069,0.075808,0.062979,0.071975,0.09056,0.05745,0.129094,0.061161,0.146616,0.041946,0.0,0.042939,0.059067,0.079506,0.150701,0.076247,0.053705,0.042813,0.090478,0.041314,0.125353,0.177262,0.188826],[0.04016,0.03196,0.035949,0.171648,0.141939,0.100522,0.145246,0.039765,0.033627,0.037645,0.038944,0.051155,0.028213,0.084902,0.093862,0.10329,0.050316,0.042939,0.0,0.04231,0.042776,0.115907,0.046288,0.04897,0.064995,0.053957,0.036186,0.090568,0.144047,0.154893],[0.041302,0.055356,0.031757,0.175115,0.144847,0.114106,0.148407,0.038165,0.053282,0.034175,0.0462,0.051451,0.026793,0.092164,0.09452,0.111558,0.055543,0.059067,0.04231,0.0,0.052385,0.121033,0.042084,0.036544,0.064161,0.064879,0.024753,0.097816,0.148323,0.157448],[0.042018,0.068331,0.055209,0.13317,0.106105,0.075843,0.110648,0.027919,0.02127,0.048646,0.041565,0.03159,0.035374,0.048423,0.125981,0.070482,0.077205,0.079506,0.042776,0.052385,0.0,0.085909,0.034703,0.072376,0.101884,0.028311,0.061438,0.068927,0.114972,0.126054],[0.097822,0.140754,0.131737,0.039388,0.025931,0.04728,0.035349,0.097868,0.091087,0.108847,0.10239,0.087087,0.109403,0.052267,0.197163,0.033884,0.153374,0.150701,0.115907,0.121033,0.085909,0.0,0.101148,0.161411,0.197785,0.074745,0.15292,0.049745,0.033748,0.054932],[0.037004,0.068074,0.05828,0.137186,0.111584,0.07912,0.108793,0.036557,0.032568,0.042597,0.027337,0.032989,0.034995,0.055747,0.120845,0.078127,0.081526,0.076247,0.046288,0.042084,0.034703,0.101148,0.0,0.066468,0.097179,0.043282,0.058459,0.072972,0.120324,0.129667],[0.057481,0.052218,0.030302,0.202547,0.168344,0.138053,0.173419,0.054448,0.067452,0.055798,0.056214,0.070997,0.046305,0.111695,0.076105,0.137249,0.046649,0.053705,0.04897,0.036544,0.072376,0.161411,0.066468,0.0,0.04614,0.085288,0.033081,0.112836,0.166926,0.174177],[0.087115,0.047527,0.049876,0.240357,0.207094,0.167127,0.210198,0.085712,0.093446,0.079339,0.087352,0.102595,0.073896,0.146408,0.043145,0.169173,0.033946,0.042813,0.064995,0.064161,0.101884,0.197785,0.097179,0.04614,0.0,0.107164,0.04625,0.139518,0.192172,0.199743],[0.044426,0.079699,0.072458,0.113461,0.087293,0.053822,0.094364,0.040528,0.03331,0.051069,0.052589,0.038878,0.049045,0.043624,0.14036,0.049655,0.092367,0.090478,0.053957,0.064879,0.028311,0.074745,0.043282,0.085288,0.107164,0.0,0.077525,0.053603,0.099097,0.113603],[0.054233,0.038965,0.022032,0.193365,0.162749,0.125826,0.167224,0.048481,0.05881,0.040985,0.055484,0.064751,0.030417,0.106424,0.078375,0.125199,0.037673,0.041314,0.036186,0.024753,0.061438,0.15292,0.058459,0.033081,0.04625,0.077525,0.0,0.10953,0.160607,0.170838],[0.067274,0.114882,0.108536,0.081677,0.051149,0.041799,0.066226,0.074893,0.069147,0.080213,0.074852,0.067028,0.08751,0.047947,0.171614,0.036569,0.130811,0.125353,0.090568,0.097816,0.068927,0.049745,0.072972,0.112836,0.139518,0.053603,0.10953,0.0,0.071695,0.083065],[0.125646,0.167769,0.159438,0.014997,0.034595,0.069156,0.040342,0.126429,0.120121,0.135917,0.129614,0.114772,0.137489,0.081449,0.222678,0.059903,0.180451,0.177262,0.144047,0.148323,0.114972,0.033748,0.120324,0.166926,0.192172,0.099097,0.160607,0.071695,0.0,0.038052],[0.135336,0.17899,0.169225,0.034295,0.045276,0.087421,0.045163,0.135,0.129989,0.148585,0.136327,0.120588,0.149571,0.090656,0.230782,0.076349,0.19017,0.188826,0.154893,0.157448,0.126054,0.054932,0.129667,0.174177,0.199743,0.113603,0.170838,0.083065,0.038052,0.0]],"off_diagonal_summary":{"ari_mean":0.884527,"ari_min":0.724048,"ari_std":0.057125,"procrustes_mean":0.089757,"procrustes_max":0.288735},"framework_axis":"B-6 follow-up: deep-method seed stability for CAE-1D \u2014 pairwise cluster ARI + Procrustes between latent embeddings across N_SEEDS torch initialisations","generated_at":"2026-05-09T17:21:43Z","builder_version":"build_deep_seed_stability v0.1"}