{"scene_id":"salinas-corrected","method":"cae_2d_8","n_seeds":30,"latent_dim":8,"samples_per_class":220,"ari_vs_gt_per_seed":[0.399965,0.401614,0.396049,0.39727,0.397743,0.398576,0.410131,0.39469,0.395796,0.395536,0.396671,0.397466,0.408226,0.401811,0.393756,0.395925,0.421084,0.395684,0.397882,0.400328,0.407211,0.408601,0.399918,0.405082,0.408209,0.393691,0.39349,0.40757,0.396355,0.396908],"ari_vs_gt_summary":{"mean":0.400441,"std":0.006295,"min":0.39349,"max":0.421084},"seed_pair_ari":[[1.0,0.963801,0.974354,0.965794,0.973252,0.982385,0.931216,0.97258,0.977177,0.908334,0.978792,0.969241,0.928187,0.962501,0.965576,0.98058,0.932495,0.973633,0.976213,0.957278,0.936345,0.945051,0.88383,0.916431,0.930032,0.964864,0.952096,0.953522,0.985476,0.973691],[0.963801,1.0,0.959632,0.975944,0.967222,0.962961,0.950039,0.972705,0.965278,0.925741,0.966383,0.966539,0.94997,0.960468,0.968419,0.960859,0.926501,0.968762,0.955998,0.987104,0.94427,0.940325,0.862912,0.928491,0.934083,0.947997,0.954302,0.978049,0.96325,0.967996],[0.974354,0.959632,1.0,0.970891,0.970162,0.97333,0.927346,0.975367,0.981463,0.908037,0.986555,0.973486,0.924627,0.969295,0.97072,0.980256,0.917679,0.971155,0.973057,0.960605,0.933232,0.943466,0.891213,0.911742,0.935493,0.964312,0.948544,0.945541,0.986058,0.971877],[0.965794,0.975944,0.970891,1.0,0.977447,0.970055,0.93949,0.982743,0.976141,0.909594,0.977796,0.979665,0.937867,0.967388,0.98068,0.972548,0.921712,0.979767,0.968331,0.972778,0.934456,0.943672,0.876989,0.913161,0.933845,0.959545,0.955604,0.960298,0.974549,0.979288],[0.973252,0.967222,0.970162,0.977447,1.0,0.976744,0.937762,0.986494,0.974467,0.901324,0.975019,0.981746,0.934016,0.955677,0.981954,0.977953,0.921733,0.985785,0.975808,0.961659,0.927003,0.942175,0.882845,0.912681,0.93797,0.96671,0.959529,0.959969,0.981516,0.986065],[0.982385,0.962961,0.97333,0.970055,0.976744,1.0,0.926216,0.977883,0.976959,0.908559,0.976371,0.975044,0.926837,0.963713,0.972256,0.981611,0.929406,0.978588,0.982709,0.957233,0.934795,0.943338,0.885525,0.916961,0.934316,0.973159,0.950448,0.949981,0.981492,0.974416],[0.931216,0.950039,0.927346,0.93949,0.937762,0.926216,1.0,0.936956,0.931296,0.923091,0.932669,0.938413,0.988636,0.929516,0.937219,0.93015,0.937803,0.935827,0.923526,0.952042,0.97508,0.959253,0.829793,0.955992,0.951467,0.91422,0.940506,0.96089,0.92996,0.938678],[0.97258,0.972705,0.975367,0.982743,0.986494,0.977883,0.936956,1.0,0.974257,0.907033,0.977804,0.982626,0.934982,0.963023,0.987841,0.980756,0.921215,0.990905,0.973894,0.965928,0.930391,0.942588,0.879364,0.908381,0.930322,0.965719,0.965495,0.957401,0.980888,0.990625],[0.977177,0.965278,0.981463,0.976141,0.974467,0.976959,0.931296,0.974257,1.0,0.9164,0.989965,0.972344,0.934486,0.96701,0.973882,0.981784,0.925648,0.974557,0.978721,0.960849,0.940766,0.949589,0.886318,0.918618,0.941709,0.965392,0.94788,0.952515,0.98537,0.971457],[0.908334,0.925741,0.908037,0.909594,0.901324,0.908559,0.923091,0.907033,0.9164,1.0,0.912428,0.903381,0.927669,0.911895,0.911993,0.909878,0.902512,0.907696,0.9046,0.923562,0.93567,0.918726,0.806499,0.918058,0.911415,0.893762,0.893571,0.935671,0.908696,0.902917],[0.978792,0.966383,0.986555,0.977796,0.975019,0.976371,0.932669,0.977804,0.989965,0.912428,1.0,0.974235,0.931833,0.970171,0.974639,0.98289,0.924612,0.975322,0.977399,0.962897,0.942793,0.948916,0.888594,0.918238,0.942068,0.966247,0.95132,0.954324,0.988768,0.974093],[0.969241,0.966539,0.973486,0.979665,0.981746,0.975044,0.938413,0.982626,0.972344,0.903381,0.974235,1.0,0.933363,0.959872,0.978775,0.972493,0.920016,0.982312,0.971384,0.968659,0.927514,0.9378,0.88369,0.909374,0.927877,0.96254,0.954321,0.957097,0.975439,0.982445],[0.928187,0.94997,0.924627,0.937867,0.934016,0.926837,0.988636,0.934982,0.934486,0.927669,0.931833,0.933363,1.0,0.926301,0.936496,0.92776,0.934227,0.934818,0.926001,0.951987,0.974813,0.956563,0.829285,0.958359,0.951615,0.912729,0.934927,0.957013,0.929137,0.931665],[0.962501,0.960468,0.969295,0.967388,0.955677,0.963713,0.929516,0.963023,0.96701,0.911895,0.970171,0.959872,0.926301,1.0,0.962315,0.967649,0.924633,0.960808,0.961018,0.958031,0.938187,0.941684,0.874518,0.915456,0.928151,0.952145,0.941741,0.946957,0.969272,0.964157],[0.965576,0.968419,0.97072,0.98068,0.981954,0.972256,0.937219,0.987841,0.973882,0.911993,0.974639,0.978775,0.936496,0.962315,1.0,0.978375,0.920687,0.988066,0.968543,0.96326,0.935296,0.942431,0.877726,0.910497,0.931491,0.961548,0.963925,0.957071,0.974983,0.986005],[0.98058,0.960859,0.980256,0.972548,0.977953,0.981611,0.93015,0.980756,0.981784,0.909878,0.98289,0.972493,0.92776,0.967649,0.978375,1.0,0.924342,0.981187,0.979848,0.956932,0.938897,0.951397,0.885123,0.912386,0.940382,0.971156,0.957878,0.951634,0.986143,0.979854],[0.932495,0.926501,0.917679,0.921712,0.921733,0.929406,0.937803,0.921215,0.925648,0.902512,0.924612,0.920016,0.934227,0.924633,0.920687,0.924342,1.0,0.922309,0.921036,0.919064,0.943817,0.95582,0.826213,0.930727,0.946187,0.913052,0.899484,0.937379,0.92372,0.924523],[0.973633,0.968762,0.971155,0.979767,0.985785,0.978588,0.935827,0.990905,0.974557,0.907696,0.975322,0.982312,0.934818,0.960808,0.988066,0.981187,0.922309,1.0,0.973522,0.965242,0.93184,0.942228,0.876179,0.907323,0.92931,0.966781,0.964657,0.957648,0.978824,0.990812],[0.976213,0.955998,0.973057,0.968331,0.975808,0.982709,0.923526,0.973894,0.978721,0.9046,0.977399,0.971384,0.926001,0.961018,0.968543,0.979848,0.921036,0.973522,1.0,0.950769,0.931304,0.940021,0.889064,0.915847,0.936278,0.972133,0.945348,0.946307,0.983714,0.974165],[0.957278,0.987104,0.960605,0.972778,0.961659,0.957233,0.952042,0.965928,0.960849,0.923562,0.962897,0.968659,0.951987,0.958031,0.96326,0.956932,0.919064,0.965242,0.950769,1.0,0.945316,0.939736,0.865349,0.926222,0.929878,0.942557,0.952902,0.971671,0.959249,0.961614],[0.936345,0.94427,0.933232,0.934456,0.927003,0.934795,0.97508,0.930391,0.940766,0.93567,0.942793,0.927514,0.974813,0.938187,0.935296,0.938897,0.943817,0.93184,0.931304,0.945316,1.0,0.967031,0.835947,0.967983,0.959662,0.920776,0.929519,0.951956,0.938206,0.930801],[0.945051,0.940325,0.943466,0.943672,0.942175,0.943338,0.959253,0.942588,0.949589,0.918726,0.948916,0.9378,0.956563,0.941684,0.942431,0.951397,0.95582,0.942228,0.940021,0.939736,0.967031,1.0,0.850268,0.942834,0.977021,0.929916,0.920429,0.94943,0.949211,0.943247],[0.88383,0.862912,0.891213,0.876989,0.882845,0.885525,0.829793,0.879364,0.886318,0.806499,0.888594,0.88369,0.829285,0.874518,0.877726,0.885123,0.826213,0.876179,0.889064,0.865349,0.835947,0.850268,1.0,0.827534,0.839111,0.879936,0.853218,0.851573,0.890154,0.880347],[0.916431,0.928491,0.911742,0.913161,0.912681,0.916961,0.955992,0.908381,0.918618,0.918058,0.918238,0.909374,0.958359,0.915456,0.910497,0.912386,0.930727,0.907323,0.915847,0.926222,0.967983,0.942834,0.827534,1.0,0.943171,0.931588,0.904003,0.936885,0.916025,0.908699],[0.930032,0.934083,0.935493,0.933845,0.93797,0.934316,0.951467,0.930322,0.941709,0.911415,0.942068,0.927877,0.951615,0.928151,0.931491,0.940382,0.946187,0.92931,0.936278,0.929878,0.959662,0.977021,0.839111,0.943171,1.0,0.925434,0.91299,0.940752,0.939118,0.930346],[0.964864,0.947997,0.964312,0.959545,0.96671,0.973159,0.91422,0.965719,0.965392,0.893762,0.966247,0.96254,0.912729,0.952145,0.961548,0.971156,0.913052,0.966781,0.972133,0.942557,0.920776,0.929916,0.879936,0.931588,0.925434,1.0,0.938479,0.935465,0.971902,0.966328],[0.952096,0.954302,0.948544,0.955604,0.959529,0.950448,0.940506,0.965495,0.94788,0.893571,0.95132,0.954321,0.934927,0.941741,0.963925,0.957878,0.899484,0.964657,0.945348,0.952902,0.929519,0.920429,0.853218,0.904003,0.91299,0.938479,1.0,0.942636,0.95378,0.965277],[0.953522,0.978049,0.945541,0.960298,0.959969,0.949981,0.96089,0.957401,0.952515,0.935671,0.954324,0.957097,0.957013,0.946957,0.957071,0.951634,0.937379,0.957648,0.946307,0.971671,0.951956,0.94943,0.851573,0.936885,0.940752,0.935465,0.942636,1.0,0.952225,0.957334],[0.985476,0.96325,0.986058,0.974549,0.981516,0.981492,0.92996,0.980888,0.98537,0.908696,0.988768,0.975439,0.929137,0.969272,0.974983,0.986143,0.92372,0.978824,0.983714,0.959249,0.938206,0.949211,0.890154,0.916025,0.939118,0.971902,0.95378,0.952225,1.0,0.98029],[0.973691,0.967996,0.971877,0.979288,0.986065,0.974416,0.938678,0.990625,0.971457,0.902917,0.974093,0.982445,0.931665,0.964157,0.986005,0.979854,0.924523,0.990812,0.974165,0.961614,0.930801,0.943247,0.880347,0.908699,0.930346,0.966328,0.965277,0.957334,0.98029,1.0]],"seed_pair_procrustes_dist":[[0.0,0.020753,0.030629,0.035614,0.021678,0.030821,0.030444,0.027593,0.028519,0.043946,0.024672,0.032689,0.040057,0.045416,0.029554,0.023018,0.028306,0.037035,0.025169,0.023767,0.024973,0.026273,0.025788,0.025433,0.030207,0.021992,0.025048,0.028635,0.031554,0.018621],[0.020753,0.0,0.03151,0.033575,0.023944,0.032714,0.035178,0.02908,0.030099,0.041839,0.021182,0.034798,0.0413,0.046472,0.03002,0.026829,0.029681,0.037153,0.026867,0.028897,0.023695,0.027787,0.029333,0.025027,0.031194,0.023529,0.025395,0.029052,0.032304,0.021194],[0.030629,0.03151,0.0,0.033364,0.024461,0.051386,0.050426,0.021194,0.025731,0.02582,0.027156,0.023786,0.030564,0.051983,0.031902,0.03586,0.046231,0.057601,0.030453,0.027343,0.023947,0.041497,0.02198,0.033361,0.037223,0.030843,0.030658,0.041336,0.016248,0.036333],[0.035614,0.033575,0.033364,0.0,0.034078,0.048411,0.050177,0.035089,0.039802,0.042064,0.034419,0.030552,0.045135,0.045494,0.039962,0.039392,0.042774,0.058197,0.042398,0.038239,0.035096,0.044387,0.031086,0.043734,0.043808,0.03574,0.030947,0.045596,0.038145,0.035038],[0.021678,0.023944,0.024461,0.034078,0.0,0.037604,0.034646,0.021388,0.021498,0.034941,0.02639,0.028068,0.035326,0.051711,0.026902,0.024335,0.037188,0.04418,0.022919,0.018666,0.019636,0.025619,0.020748,0.024551,0.02622,0.024166,0.02301,0.027366,0.026372,0.026375],[0.030821,0.032714,0.051386,0.048411,0.037604,0.0,0.023841,0.046636,0.044008,0.064534,0.045471,0.052613,0.061043,0.056277,0.038197,0.027624,0.032497,0.022978,0.036809,0.040144,0.039899,0.026264,0.045115,0.036488,0.039885,0.03191,0.036292,0.033109,0.054981,0.026521],[0.030444,0.035178,0.050426,0.050177,0.034646,0.023841,0.0,0.04437,0.038624,0.060189,0.044929,0.05053,0.054279,0.061153,0.037289,0.02652,0.035714,0.030714,0.035335,0.036821,0.039723,0.022641,0.043573,0.03051,0.03227,0.036632,0.038485,0.028944,0.051789,0.027505],[0.027593,0.02908,0.021194,0.035089,0.021388,0.046636,0.04437,0.0,0.020383,0.028061,0.027223,0.027512,0.03276,0.050756,0.026011,0.029724,0.042183,0.05169,0.02611,0.0242,0.020031,0.033701,0.022884,0.02981,0.030843,0.025417,0.026482,0.036246,0.02445,0.030824],[0.028519,0.030099,0.025731,0.039802,0.021498,0.044008,0.038624,0.020383,0.0,0.027435,0.03011,0.028937,0.02922,0.059104,0.0213,0.026397,0.045177,0.048838,0.022884,0.019792,0.018611,0.029907,0.02601,0.024407,0.023996,0.026827,0.030075,0.03385,0.024442,0.030621],[0.043946,0.041839,0.02582,0.042064,0.034941,0.064534,0.060189,0.028061,0.027435,0.0,0.033994,0.029182,0.02826,0.06444,0.036377,0.042943,0.058444,0.066347,0.036926,0.034492,0.029381,0.047896,0.035155,0.038803,0.03825,0.041198,0.042406,0.050249,0.024278,0.045955],[0.024672,0.021182,0.027156,0.034419,0.02639,0.045471,0.044929,0.027223,0.03011,0.033994,0.0,0.032875,0.033482,0.046118,0.032982,0.033161,0.035741,0.046056,0.027283,0.031216,0.024481,0.036171,0.030649,0.027764,0.032648,0.029461,0.02974,0.036318,0.02514,0.028959],[0.032689,0.034798,0.023786,0.030552,0.028068,0.052613,0.05053,0.027512,0.028937,0.029182,0.032875,0.0,0.031892,0.05397,0.033655,0.034564,0.047101,0.058547,0.034457,0.027218,0.028215,0.041628,0.026293,0.036801,0.037377,0.033368,0.030765,0.042969,0.026483,0.036857],[0.040057,0.0413,0.030564,0.045135,0.035326,0.061043,0.054279,0.03276,0.02922,0.02826,0.033482,0.031892,0.0,0.06314,0.038362,0.042658,0.053962,0.062511,0.03613,0.035135,0.034659,0.047235,0.036719,0.035316,0.037099,0.043742,0.040354,0.048118,0.026242,0.044044],[0.045416,0.046472,0.051983,0.045494,0.051711,0.056277,0.061153,0.050756,0.059104,0.06444,0.046118,0.05397,0.06314,0.0,0.057488,0.055103,0.039783,0.060517,0.055846,0.058066,0.054135,0.056839,0.046927,0.057001,0.061816,0.049533,0.043492,0.054617,0.055707,0.043256],[0.029554,0.03002,0.031902,0.039962,0.026902,0.038197,0.037289,0.026011,0.0213,0.036377,0.032982,0.033655,0.038362,0.057488,0.0,0.022592,0.041875,0.042678,0.02336,0.027425,0.021994,0.028565,0.032265,0.025682,0.025918,0.024401,0.028121,0.03223,0.033154,0.028892],[0.023018,0.026829,0.03586,0.039392,0.024335,0.027624,0.02652,0.029724,0.026397,0.042943,0.033161,0.034564,0.042658,0.055103,0.022592,0.0,0.035693,0.03416,0.022662,0.024834,0.025456,0.022505,0.031896,0.025411,0.025187,0.023083,0.02677,0.027953,0.037646,0.02193],[0.028306,0.029681,0.046231,0.042774,0.037188,0.032497,0.035714,0.042183,0.045177,0.058444,0.035741,0.047101,0.053962,0.039783,0.041875,0.035693,0.0,0.037844,0.039939,0.041703,0.041605,0.033591,0.040221,0.037321,0.041219,0.035405,0.03297,0.033132,0.049246,0.02668],[0.037035,0.037153,0.057601,0.058197,0.04418,0.022978,0.030714,0.05169,0.048838,0.066347,0.046056,0.058547,0.062511,0.060517,0.042678,0.03416,0.037844,0.0,0.041092,0.047826,0.046523,0.032327,0.055016,0.039481,0.044745,0.039947,0.04509,0.037615,0.060625,0.034365],[0.025169,0.026867,0.030453,0.042398,0.022919,0.036809,0.035335,0.02611,0.022884,0.036926,0.027283,0.034457,0.03613,0.055846,0.02336,0.022662,0.039939,0.041092,0.0,0.024538,0.022455,0.026382,0.031701,0.022441,0.02594,0.025817,0.027967,0.027846,0.029592,0.027601],[0.023767,0.028897,0.027343,0.038239,0.018666,0.040144,0.036821,0.0242,0.019792,0.034492,0.031216,0.027218,0.035135,0.058066,0.027425,0.024834,0.041703,0.047826,0.024538,0.0,0.021402,0.026701,0.022656,0.027282,0.027284,0.023608,0.029218,0.032054,0.028112,0.030206],[0.024973,0.023695,0.023947,0.035096,0.019636,0.039899,0.039723,0.020031,0.018611,0.029381,0.024481,0.028215,0.034659,0.054135,0.021994,0.025456,0.041605,0.046523,0.022455,0.021402,0.0,0.030022,0.025483,0.024558,0.027111,0.019335,0.026956,0.033479,0.024474,0.027111],[0.026273,0.027787,0.041497,0.044387,0.025619,0.026264,0.022641,0.033701,0.029907,0.047896,0.036171,0.041628,0.047235,0.056839,0.028565,0.022505,0.033591,0.032327,0.026382,0.026701,0.030022,0.0,0.035369,0.02408,0.025318,0.028608,0.030632,0.021831,0.044248,0.025912],[0.025788,0.029333,0.02198,0.031086,0.020748,0.045115,0.043573,0.022884,0.02601,0.035155,0.030649,0.026293,0.036719,0.046927,0.032265,0.031896,0.040221,0.055016,0.031701,0.022656,0.025483,0.035369,0.0,0.033231,0.034579,0.026465,0.025191,0.036039,0.025985,0.030077],[0.025433,0.025027,0.033361,0.043734,0.024551,0.036488,0.03051,0.02981,0.024407,0.038803,0.027764,0.036801,0.035316,0.057001,0.025682,0.025411,0.037321,0.039481,0.022441,0.027282,0.024558,0.02408,0.033231,0.0,0.023285,0.02907,0.031067,0.027648,0.032521,0.027197],[0.030207,0.031194,0.037223,0.043808,0.02622,0.039885,0.03227,0.030843,0.023996,0.03825,0.032648,0.037377,0.037099,0.061816,0.025918,0.025187,0.041219,0.044745,0.02594,0.027284,0.027111,0.025318,0.034579,0.023285,0.0,0.032575,0.032734,0.028405,0.036968,0.031547],[0.021992,0.023529,0.030843,0.03574,0.024166,0.03191,0.036632,0.025417,0.026827,0.041198,0.029461,0.033368,0.043742,0.049533,0.024401,0.023083,0.035405,0.039947,0.025817,0.023608,0.019335,0.028608,0.026465,0.02907,0.032575,0.0,0.024788,0.032731,0.034531,0.022255],[0.025048,0.025395,0.030658,0.030947,0.02301,0.036292,0.038485,0.026482,0.030075,0.042406,0.02974,0.030765,0.040354,0.043492,0.028121,0.02677,0.03297,0.04509,0.027967,0.029218,0.026956,0.030632,0.025191,0.031067,0.032734,0.024788,0.0,0.031248,0.034666,0.024303],[0.028635,0.029052,0.041336,0.045596,0.027366,0.033109,0.028944,0.036246,0.03385,0.050249,0.036318,0.042969,0.048118,0.054617,0.03223,0.027953,0.033132,0.037615,0.027846,0.032054,0.033479,0.021831,0.036039,0.027648,0.028405,0.032731,0.031248,0.0,0.042857,0.029959],[0.031554,0.032304,0.016248,0.038145,0.026372,0.054981,0.051789,0.02445,0.024442,0.024278,0.02514,0.026483,0.026242,0.055707,0.033154,0.037646,0.049246,0.060625,0.029592,0.028112,0.024474,0.044248,0.025985,0.032521,0.036968,0.034531,0.034666,0.042857,0.0,0.03701],[0.018621,0.021194,0.036333,0.035038,0.026375,0.026521,0.027505,0.030824,0.030621,0.045955,0.028959,0.036857,0.044044,0.043256,0.028892,0.02193,0.02668,0.034365,0.027601,0.030206,0.027111,0.025912,0.030077,0.027197,0.031547,0.022255,0.024303,0.029959,0.03701,0.0]],"off_diagonal_summary":{"ari_mean":0.9451,"ari_min":0.806499,"ari_std":0.031812,"procrustes_mean":0.034345,"procrustes_max":0.066347},"framework_axis":"B-6 follow-up: deep-method seed stability for CAE-1D \u2014 pairwise cluster ARI + Procrustes between latent embeddings across N_SEEDS torch initialisations","generated_at":"2026-05-09T18:04:09Z","builder_version":"build_deep_seed_stability v0.1"}