{"scene_id":"salinas-a-corrected","method":"beta_vae_8","n_seeds":30,"latent_dim":8,"samples_per_class":220,"ari_vs_gt_per_seed":[0.606139,0.598572,0.600673,0.608113,0.605762,0.56553,0.59788,0.564421,0.553556,0.569291,0.563363,0.600312,0.599387,0.59964,0.570448,0.570023,0.598364,0.595848,0.587554,0.571095,0.59981,0.608429,0.562863,0.584612,0.598729,0.600312,0.568971,0.601298,0.56962,0.582169],"ari_vs_gt_summary":{"mean":0.58676,"std":0.01679,"min":0.553556,"max":0.608429},"seed_pair_ari":[[1.0,0.984932,0.981751,0.987004,0.990749,0.817601,0.984932,0.814294,0.809295,0.819118,0.812982,0.979277,0.982686,0.979326,0.820584,0.818274,0.977298,0.984087,0.924168,0.819032,0.982164,0.984939,0.813765,0.922878,0.977845,0.979277,0.819079,0.978261,0.819893,0.921499],[0.984932,1.0,0.989621,0.983514,0.983266,0.816312,0.996223,0.813009,0.807604,0.818105,0.811647,0.994333,0.994654,0.990209,0.819558,0.817237,0.992259,0.988543,0.921662,0.818044,0.99412,0.981462,0.812516,0.920175,0.992901,0.994333,0.818029,0.993298,0.81883,0.918671],[0.981751,0.989621,1.0,0.987614,0.983789,0.81017,0.989621,0.806976,0.801572,0.812006,0.805606,0.995282,0.994953,0.995262,0.813469,0.811172,0.993244,0.985085,0.91508,0.811968,0.994417,0.985557,0.806441,0.913771,0.993847,0.995282,0.811954,0.994271,0.812744,0.912199],[0.987004,0.983514,0.987614,1.0,0.992174,0.813405,0.983514,0.81008,0.805327,0.814886,0.808821,0.989163,0.988797,0.985208,0.816324,0.814085,0.987173,0.978936,0.91661,0.814784,0.988248,0.997879,0.809606,0.91517,0.987728,0.989163,0.814856,0.988128,0.815636,0.913837],[0.990749,0.983266,0.983789,0.992174,1.0,0.812351,0.983266,0.809114,0.804177,0.813897,0.807818,0.98134,0.984771,0.985438,0.815348,0.813085,0.983374,0.978649,0.917131,0.81382,0.984228,0.990092,0.808579,0.915902,0.979904,0.98134,0.813868,0.980334,0.81466,0.914491],[0.817601,0.816312,0.81017,0.813405,0.812351,1.0,0.816312,0.994127,0.980758,0.990978,0.993151,0.812701,0.81398,0.809318,0.992083,0.98913,0.810997,0.820503,0.835222,0.989501,0.814443,0.813999,0.992773,0.83054,0.811365,0.812701,0.990928,0.813562,0.992734,0.834598],[0.984932,0.996223,0.989621,0.983514,0.983266,0.816312,1.0,0.813009,0.807604,0.818105,0.811647,0.994333,0.994654,0.990209,0.819558,0.817237,0.992259,0.992267,0.921662,0.818044,0.99412,0.981462,0.812516,0.920175,0.992901,0.994333,0.818029,0.993298,0.81883,0.918671],[0.814294,0.813009,0.806976,0.81008,0.809114,0.994127,0.813009,1.0,0.982012,0.993458,0.995971,0.809421,0.810686,0.806143,0.992624,0.993294,0.80777,0.817149,0.838276,0.993644,0.811129,0.810648,0.995302,0.833502,0.808088,0.809421,0.991488,0.810257,0.993279,0.837636],[0.809295,0.807604,0.801572,0.805327,0.804177,0.980758,0.807604,0.982012,1.0,0.979331,0.985871,0.804067,0.8054,0.800638,0.976905,0.981088,0.80234,0.811809,0.822064,0.977943,0.805874,0.806011,0.986617,0.81737,0.805236,0.804067,0.97928,0.80494,0.977476,0.821043],[0.819118,0.818105,0.812006,0.814886,0.813897,0.990978,0.818105,0.993458,0.979331,1.0,0.991181,0.814528,0.815746,0.811233,0.995865,0.99656,0.812868,0.822204,0.8402,0.998463,0.816202,0.815423,0.992125,0.832664,0.813196,0.814528,0.994757,0.815367,0.996556,0.831047],[0.812982,0.811647,0.805606,0.808821,0.807818,0.993151,0.811647,0.995971,0.985871,0.991181,1.0,0.808077,0.809348,0.804772,0.98869,0.992955,0.806412,0.815795,0.834834,0.989712,0.809804,0.809413,0.996568,0.830132,0.806744,0.808077,0.987551,0.808918,0.989333,0.834176],[0.979277,0.994333,0.995282,0.989163,0.98134,0.812701,0.994333,0.809421,0.804067,0.814528,0.808077,1.0,0.996535,0.995877,0.815965,0.813684,0.997926,0.986655,0.916145,0.814469,0.995987,0.987088,0.808948,0.914613,0.998566,1.0,0.814455,0.998961,0.815235,0.913096],[0.982686,0.994654,0.994953,0.988797,0.984771,0.81398,0.994654,0.810686,0.8054,0.815746,0.809348,0.996535,1.0,0.992436,0.817189,0.8149,0.994474,0.990081,0.918025,0.81568,0.999453,0.986723,0.810205,0.916521,0.995102,0.996535,0.815679,0.995498,0.816465,0.915035],[0.979326,0.990209,0.995262,0.985208,0.985438,0.809318,0.990209,0.806143,0.800638,0.811233,0.804772,0.995877,0.992436,1.0,0.812673,0.810394,0.997923,0.982554,0.91307,0.811201,0.991886,0.983155,0.80562,0.91172,0.99444,0.995877,0.811163,0.994864,0.81194,0.910116],[0.820584,0.819558,0.813469,0.816324,0.815348,0.992083,0.819558,0.992624,0.976905,0.995865,0.98869,0.815965,0.817189,0.812673,1.0,0.995704,0.814307,0.823661,0.842384,0.997403,0.817633,0.816849,0.989616,0.834763,0.814634,0.815965,0.997502,0.816804,0.999308,0.833211],[0.818274,0.817237,0.811172,0.814085,0.813085,0.98913,0.817237,0.993294,0.981088,0.99656,0.992955,0.813684,0.8149,0.810394,0.995704,1.0,0.812027,0.821318,0.840826,0.996716,0.815356,0.814627,0.993891,0.833314,0.812354,0.813684,0.994604,0.814522,0.996394,0.831702],[0.977298,0.992259,0.993244,0.987173,0.983374,0.810997,0.992259,0.80777,0.80234,0.812868,0.806412,0.997926,0.994474,0.997923,0.814307,0.812027,1.0,0.984593,0.914595,0.812823,0.993925,0.98511,0.807271,0.913154,0.996491,0.997926,0.812797,0.996901,0.813575,0.911593],[0.984087,0.988543,0.985085,0.978936,0.978649,0.820503,0.992267,0.817149,0.811809,0.822204,0.815795,0.986655,0.990081,0.982554,0.823661,0.821318,0.984593,1.0,0.927044,0.822128,0.990626,0.97796,0.816656,0.925554,0.985226,0.986655,0.822125,0.985625,0.822942,0.92411],[0.924168,0.921662,0.91508,0.91661,0.917131,0.835222,0.921662,0.838276,0.822064,0.8402,0.834834,0.916145,0.918025,0.91307,0.842384,0.840826,0.914595,0.927044,1.0,0.840375,0.917816,0.916497,0.834157,0.985897,0.914722,0.916145,0.841943,0.916929,0.843068,0.986499],[0.819032,0.818044,0.811968,0.814784,0.81382,0.989501,0.818044,0.993644,0.977943,0.998463,0.989712,0.814469,0.81568,0.811201,0.997403,0.996716,0.812823,0.822128,0.840375,1.0,0.81613,0.815309,0.990638,0.832813,0.813138,0.814469,0.994914,0.815302,0.996711,0.831241],[0.982164,0.99412,0.994417,0.988248,0.984228,0.814443,0.99412,0.811129,0.805874,0.816202,0.809804,0.995987,0.999453,0.991886,0.817633,0.815356,0.993925,0.990626,0.917816,0.81613,1.0,0.98727,0.810668,0.916253,0.994554,0.995987,0.816128,0.99495,0.816909,0.914786],[0.984939,0.981462,0.985557,0.997879,0.990092,0.813999,0.981462,0.810648,0.806011,0.815423,0.809413,0.987088,0.986723,0.983155,0.816849,0.814627,0.98511,0.97796,0.916497,0.815309,0.98727,1.0,0.810192,0.915011,0.985652,0.987088,0.815393,0.986053,0.816168,0.913724],[0.813765,0.812516,0.806441,0.809606,0.808579,0.992773,0.812516,0.995302,0.986617,0.992125,0.996568,0.808948,0.810205,0.80562,0.989616,0.993891,0.807271,0.816656,0.834157,0.990638,0.810668,0.810192,1.0,0.829524,0.810178,0.808948,0.988482,0.809795,0.990271,0.833597],[0.922878,0.920175,0.913771,0.91517,0.915902,0.83054,0.920175,0.833502,0.81737,0.832664,0.830132,0.914613,0.916521,0.91172,0.834763,0.833314,0.913154,0.925554,0.985897,0.832813,0.916253,0.915011,0.829524,1.0,0.91319,0.914613,0.834369,0.915352,0.835433,0.993159],[0.977845,0.992901,0.993847,0.987728,0.979904,0.811365,0.992901,0.808088,0.805236,0.813196,0.806744,0.998566,0.995102,0.99444,0.814634,0.812354,0.996491,0.985226,0.914722,0.813138,0.994554,0.985652,0.810178,0.91319,1.0,0.998566,0.813124,0.997527,0.813903,0.91167],[0.979277,0.994333,0.995282,0.989163,0.98134,0.812701,0.994333,0.809421,0.804067,0.814528,0.808077,1.0,0.996535,0.995877,0.815965,0.813684,0.997926,0.986655,0.916145,0.814469,0.995987,0.987088,0.808948,0.914613,0.998566,1.0,0.814455,0.998961,0.815235,0.913096],[0.819079,0.818029,0.811954,0.814856,0.813868,0.990928,0.818029,0.991488,0.97928,0.994757,0.987551,0.814455,0.815679,0.811163,0.997502,0.994604,0.812797,0.822125,0.841943,0.994914,0.816128,0.815393,0.988482,0.834369,0.813124,0.814455,1.0,0.815294,0.998193,0.832775],[0.978261,0.993298,0.994271,0.988128,0.980334,0.813562,0.993298,0.810257,0.80494,0.815367,0.808918,0.998961,0.995498,0.994864,0.816804,0.814522,0.996901,0.985625,0.916929,0.815302,0.99495,0.986053,0.809795,0.915352,0.997527,0.998961,0.815294,1.0,0.816074,0.913857],[0.819893,0.81883,0.812744,0.815636,0.81466,0.992734,0.81883,0.993279,0.977476,0.996556,0.989333,0.815235,0.816465,0.81194,0.999308,0.996394,0.813575,0.822942,0.843068,0.996711,0.816909,0.816168,0.990271,0.835433,0.813903,0.815235,0.998193,0.816074,1.0,0.833857],[0.921499,0.918671,0.912199,0.913837,0.914491,0.834598,0.918671,0.837636,0.821043,0.831047,0.834176,0.913096,0.915035,0.910116,0.833211,0.831702,0.911593,0.92411,0.986499,0.831241,0.914786,0.913724,0.833597,0.993159,0.91167,0.913096,0.832775,0.913857,0.833857,1.0]],"seed_pair_procrustes_dist":[[0.0,0.027536,0.057713,0.027211,0.024362,0.04465,0.034047,0.029872,0.080576,0.046574,0.042789,0.036792,0.02021,0.024552,0.068078,0.035852,0.02664,0.047411,0.048668,0.052409,0.039202,0.063612,0.063098,0.034746,0.040508,0.031218,0.060155,0.035577,0.040893,0.062046],[0.027536,0.0,0.073672,0.029186,0.041226,0.038041,0.05083,0.017471,0.080974,0.054843,0.02433,0.042155,0.026735,0.029178,0.077665,0.05134,0.024133,0.065543,0.06428,0.070386,0.055369,0.079755,0.077136,0.050055,0.049908,0.038082,0.071339,0.053602,0.057593,0.073412],[0.057713,0.073672,0.0,0.075481,0.051608,0.072107,0.0582,0.073727,0.06885,0.043419,0.092973,0.050713,0.058663,0.054417,0.043347,0.040651,0.075846,0.034317,0.025831,0.018873,0.05664,0.05567,0.021482,0.041192,0.03873,0.063606,0.02922,0.042759,0.026108,0.033431],[0.027211,0.029186,0.075481,0.0,0.029367,0.056969,0.038132,0.037866,0.095344,0.062261,0.036379,0.038481,0.038128,0.039633,0.085522,0.052161,0.035743,0.057809,0.066906,0.064278,0.038212,0.060582,0.071985,0.042527,0.045325,0.0214,0.075926,0.042253,0.058797,0.078157],[0.024362,0.041226,0.051608,0.029367,0.0,0.056814,0.030127,0.045107,0.085197,0.051066,0.056438,0.025864,0.032449,0.031807,0.069605,0.033981,0.040493,0.036767,0.044962,0.043434,0.025911,0.047807,0.053281,0.019948,0.030002,0.02065,0.057125,0.02301,0.040372,0.0584],[0.04465,0.038041,0.072107,0.056969,0.056814,0.0,0.071844,0.025703,0.048938,0.034376,0.048404,0.050076,0.037294,0.030584,0.054369,0.053539,0.038322,0.073559,0.055356,0.070429,0.075198,0.094364,0.071715,0.054642,0.050082,0.059756,0.053826,0.067523,0.050427,0.05526],[0.034047,0.05083,0.0582,0.038132,0.030127,0.071844,0.0,0.058318,0.101128,0.06513,0.06328,0.04428,0.043245,0.047893,0.08287,0.040161,0.052839,0.036824,0.05634,0.045693,0.022174,0.044476,0.060196,0.040235,0.049077,0.03346,0.070896,0.021069,0.049033,0.073232],[0.029872,0.017471,0.073727,0.037866,0.045107,0.025703,0.058318,0.0,0.068389,0.044455,0.032573,0.042565,0.025965,0.025257,0.067081,0.04989,0.022709,0.065964,0.058418,0.067931,0.060265,0.08297,0.072687,0.048507,0.046643,0.044836,0.063044,0.055929,0.05121,0.064805],[0.080576,0.080974,0.06885,0.095344,0.085197,0.048938,0.101128,0.068389,0.0,0.04094,0.09506,0.07483,0.072537,0.064208,0.032944,0.072436,0.081625,0.087375,0.059218,0.076868,0.103175,0.112555,0.069824,0.076055,0.067098,0.09439,0.043053,0.090981,0.058957,0.044909],[0.046574,0.054843,0.043419,0.062261,0.051066,0.034376,0.06513,0.044455,0.04094,0.0,0.069666,0.046096,0.042315,0.03406,0.029428,0.043176,0.052929,0.054879,0.035176,0.047608,0.067119,0.079234,0.046253,0.044207,0.038169,0.060753,0.028315,0.05564,0.027764,0.029986],[0.042789,0.02433,0.092973,0.036379,0.056438,0.048404,0.06328,0.032573,0.09506,0.069666,0.0,0.052693,0.043995,0.045463,0.089714,0.061077,0.040972,0.079325,0.077967,0.080195,0.066789,0.087213,0.085725,0.06397,0.06104,0.046292,0.082946,0.066365,0.07022,0.086483],[0.036792,0.042155,0.050713,0.038481,0.025864,0.050076,0.04428,0.042565,0.07483,0.046096,0.052693,0.0,0.036404,0.030291,0.063977,0.035972,0.046161,0.04392,0.044577,0.045419,0.040998,0.05463,0.047956,0.023546,0.021217,0.025724,0.050655,0.034018,0.04169,0.053233],[0.02021,0.026735,0.058663,0.038128,0.032449,0.037294,0.043245,0.025965,0.072537,0.042315,0.043995,0.036404,0.0,0.015261,0.060859,0.035207,0.024525,0.047136,0.043768,0.053108,0.046917,0.071689,0.062977,0.036465,0.041398,0.039021,0.054112,0.040626,0.037836,0.05547],[0.024552,0.029178,0.054417,0.039633,0.031807,0.030584,0.047893,0.025257,0.064208,0.03406,0.045463,0.030291,0.015261,0.0,0.054417,0.03532,0.027317,0.048021,0.03974,0.051252,0.049418,0.070951,0.057888,0.032214,0.033822,0.037555,0.047097,0.041808,0.034781,0.048076],[0.068078,0.077665,0.043347,0.085522,0.069605,0.054369,0.08287,0.067081,0.032944,0.029428,0.089714,0.063977,0.060859,0.054417,0.0,0.057666,0.07667,0.064317,0.037788,0.05371,0.085265,0.092186,0.049779,0.060286,0.055028,0.084099,0.022635,0.07191,0.036638,0.026148],[0.035852,0.05134,0.040651,0.052161,0.033981,0.053539,0.040161,0.04989,0.072436,0.043176,0.061077,0.035972,0.035207,0.03532,0.057666,0.0,0.05443,0.039876,0.030218,0.032015,0.047668,0.061129,0.045184,0.033333,0.038641,0.045029,0.042213,0.035242,0.029066,0.047848],[0.02664,0.024133,0.075846,0.035743,0.040493,0.038322,0.052839,0.022709,0.081625,0.052929,0.040972,0.046161,0.024525,0.027317,0.07667,0.05443,0.0,0.061143,0.059834,0.069029,0.053009,0.080621,0.076821,0.045602,0.050723,0.042736,0.068616,0.05152,0.05256,0.068467],[0.047411,0.065543,0.034317,0.057809,0.036767,0.073559,0.036824,0.065964,0.087375,0.054879,0.079325,0.04392,0.047136,0.048021,0.064317,0.039876,0.061143,0.0,0.03832,0.027613,0.0333,0.042164,0.04187,0.033731,0.042211,0.049712,0.052388,0.024196,0.035071,0.053101],[0.048668,0.06428,0.025831,0.066906,0.044962,0.055356,0.05634,0.058418,0.059218,0.035176,0.077967,0.044577,0.043768,0.03974,0.037788,0.030218,0.059834,0.03832,0.0,0.030756,0.058286,0.066721,0.038717,0.036463,0.039291,0.060069,0.024071,0.04414,0.021614,0.026082],[0.052409,0.070386,0.018873,0.064278,0.043434,0.070429,0.045693,0.067931,0.076868,0.047608,0.080195,0.045419,0.053108,0.051252,0.05371,0.032015,0.069029,0.027613,0.030756,0.0,0.048275,0.046499,0.023729,0.038502,0.039163,0.056682,0.039034,0.034402,0.027769,0.045675],[0.039202,0.055369,0.05664,0.038212,0.025911,0.075198,0.022174,0.060265,0.103175,0.067119,0.066789,0.040998,0.046917,0.049418,0.085265,0.047668,0.053009,0.0333,0.058286,0.048275,0.0,0.034406,0.058217,0.03487,0.044034,0.03045,0.071263,0.019289,0.05119,0.071504],[0.063612,0.079755,0.05567,0.060582,0.047807,0.094364,0.044476,0.08297,0.112555,0.079234,0.087213,0.05463,0.071689,0.070951,0.092186,0.061129,0.080621,0.042164,0.066721,0.046499,0.034406,0.0,0.052398,0.050968,0.052535,0.051207,0.077437,0.037661,0.063237,0.079903],[0.063098,0.077136,0.021482,0.071985,0.053281,0.071715,0.060196,0.072687,0.069824,0.046253,0.085725,0.047956,0.062977,0.057888,0.049779,0.045184,0.076821,0.04187,0.038717,0.023729,0.058217,0.052398,0.0,0.045798,0.038659,0.064554,0.036723,0.048616,0.036405,0.042083],[0.034746,0.050055,0.041192,0.042527,0.019948,0.054642,0.040235,0.048507,0.076055,0.044207,0.06397,0.023546,0.036465,0.032214,0.060286,0.033333,0.045602,0.033731,0.036463,0.038502,0.03487,0.050968,0.045798,0.0,0.023448,0.032204,0.045772,0.026714,0.033049,0.04696],[0.040508,0.049908,0.03873,0.045325,0.030002,0.050082,0.049077,0.046643,0.067098,0.038169,0.06104,0.021217,0.041398,0.033822,0.055028,0.038641,0.050723,0.042211,0.039291,0.039163,0.044034,0.052535,0.038659,0.023448,0.0,0.035738,0.040897,0.035637,0.033824,0.044305],[0.031218,0.038082,0.063606,0.0214,0.02065,0.059756,0.03346,0.044836,0.09439,0.060753,0.046292,0.025724,0.039021,0.037555,0.084099,0.045029,0.042736,0.049712,0.060069,0.056682,0.03045,0.051207,0.064554,0.032204,0.035738,0.0,0.067871,0.03169,0.05293,0.06976],[0.060155,0.071339,0.02922,0.075926,0.057125,0.053826,0.070896,0.063044,0.043053,0.028315,0.082946,0.050655,0.054112,0.047097,0.022635,0.042213,0.068616,0.052388,0.024071,0.039034,0.071263,0.077437,0.036723,0.045772,0.040897,0.067871,0.0,0.058484,0.02799,0.018417],[0.035577,0.053602,0.042759,0.042253,0.02301,0.067523,0.021069,0.055929,0.090981,0.05564,0.066365,0.034018,0.040626,0.041808,0.07191,0.035242,0.05152,0.024196,0.04414,0.034402,0.019289,0.037661,0.048616,0.026714,0.035637,0.03169,0.058484,0.0,0.038304,0.059552],[0.040893,0.057593,0.026108,0.058797,0.040372,0.050427,0.049033,0.05121,0.058957,0.027764,0.07022,0.04169,0.037836,0.034781,0.036638,0.029066,0.05256,0.035071,0.021614,0.027769,0.05119,0.063237,0.036405,0.033049,0.033824,0.05293,0.02799,0.038304,0.0,0.032622],[0.062046,0.073412,0.033431,0.078157,0.0584,0.05526,0.073232,0.064805,0.044909,0.029986,0.086483,0.053233,0.05547,0.048076,0.026148,0.047848,0.068467,0.053101,0.026082,0.045675,0.071504,0.079903,0.042083,0.04696,0.044305,0.06976,0.018417,0.059552,0.032622,0.0]],"off_diagonal_summary":{"ari_mean":0.898398,"ari_min":0.800638,"ari_std":0.08224,"procrustes_mean":0.049991,"procrustes_max":0.112555},"framework_axis":"B-6 follow-up: deep-method seed stability for CAE-1D \u2014 pairwise cluster ARI + Procrustes between latent embeddings across N_SEEDS torch initialisations","generated_at":"2026-05-09T17:42:56Z","builder_version":"build_deep_seed_stability v0.1"}