{"scene_id":"salinas-corrected","method":"beta_vae_8","n_seeds":30,"latent_dim":8,"samples_per_class":220,"ari_vs_gt_per_seed":[0.457564,0.417533,0.4401,0.423708,0.429791,0.436225,0.444906,0.422573,0.426943,0.456236,0.433088,0.421175,0.422374,0.426991,0.426846,0.42788,0.430755,0.453044,0.437601,0.43109,0.445337,0.434681,0.424195,0.424906,0.432333,0.430921,0.425281,0.451548,0.441801,0.457544],"ari_vs_gt_summary":{"mean":0.434499,"std":0.011446,"min":0.417533,"max":0.457564},"seed_pair_ari":[[1.0,0.870532,0.847265,0.853798,0.870978,0.840532,0.8721,0.856415,0.872558,0.953811,0.870313,0.866992,0.855646,0.871288,0.870114,0.872943,0.867368,0.917217,0.844728,0.858135,0.826031,0.862362,0.874938,0.868049,0.857902,0.857464,0.856252,0.950727,0.878344,0.919287],[0.870532,1.0,0.79898,0.930235,0.940055,0.917014,0.925094,0.936885,0.949895,0.849988,0.950358,0.960556,0.948358,0.964649,0.941732,0.952731,0.948043,0.809228,0.81023,0.927969,0.784951,0.936657,0.964738,0.950526,0.937262,0.91564,0.956828,0.86174,0.919575,0.818779],[0.847265,0.79898,1.0,0.785135,0.832217,0.789322,0.818479,0.828901,0.817842,0.843302,0.813578,0.813683,0.81484,0.805532,0.811457,0.814608,0.801626,0.801011,0.92325,0.813142,0.928932,0.817946,0.813395,0.825286,0.806676,0.84329,0.79876,0.822375,0.825352,0.819116],[0.853798,0.930235,0.785135,1.0,0.906524,0.908611,0.912302,0.908943,0.9298,0.838536,0.93508,0.918665,0.897299,0.925908,0.93504,0.920684,0.931109,0.801609,0.786039,0.92257,0.751288,0.931193,0.941412,0.919536,0.928658,0.898895,0.942408,0.855951,0.922286,0.833612],[0.870978,0.940055,0.832217,0.906524,1.0,0.917078,0.931541,0.965322,0.957407,0.857719,0.94104,0.952089,0.958446,0.947507,0.93455,0.94945,0.936377,0.811304,0.824645,0.936091,0.810658,0.933271,0.944573,0.968172,0.935137,0.956243,0.931581,0.840543,0.938186,0.817367],[0.840532,0.917014,0.789322,0.908611,0.917078,1.0,0.948182,0.903509,0.92688,0.829396,0.942916,0.915196,0.913723,0.927986,0.937987,0.921981,0.94436,0.783514,0.780809,0.901746,0.773251,0.938009,0.928344,0.917595,0.947003,0.899621,0.937801,0.836713,0.919446,0.831734],[0.8721,0.925094,0.818479,0.912302,0.931541,0.948182,1.0,0.918141,0.938965,0.856948,0.963189,0.931534,0.922867,0.93496,0.950476,0.943154,0.958945,0.817612,0.806793,0.927026,0.803389,0.956488,0.934444,0.929468,0.963817,0.91141,0.951175,0.860353,0.948304,0.865739],[0.856415,0.936885,0.828901,0.908943,0.965322,0.903509,0.918141,1.0,0.947819,0.84201,0.919223,0.963467,0.97162,0.92375,0.927405,0.947443,0.916085,0.809086,0.850865,0.942188,0.805541,0.92051,0.951408,0.956557,0.93011,0.956797,0.937083,0.85541,0.937211,0.809146],[0.872558,0.949895,0.817842,0.9298,0.957407,0.92688,0.938965,0.947819,1.0,0.862295,0.937625,0.957352,0.943246,0.946552,0.95639,0.973559,0.936006,0.815778,0.815905,0.955491,0.794392,0.945426,0.95782,0.969739,0.955137,0.937762,0.949607,0.861693,0.949208,0.825645],[0.953811,0.849988,0.843302,0.838536,0.857719,0.829396,0.856948,0.84201,0.862295,1.0,0.854722,0.8581,0.842686,0.860348,0.86078,0.863624,0.852784,0.907483,0.840361,0.84592,0.839952,0.856217,0.855616,0.861604,0.851787,0.848247,0.849907,0.946571,0.864656,0.922042],[0.870313,0.950358,0.813578,0.93508,0.94104,0.942916,0.963189,0.919223,0.937625,0.854722,1.0,0.932798,0.921998,0.960084,0.953787,0.935593,0.977001,0.809609,0.799202,0.908086,0.793148,0.960483,0.952295,0.934924,0.961982,0.911939,0.963146,0.851634,0.930464,0.850592],[0.866992,0.960556,0.813683,0.918665,0.952089,0.915196,0.931534,0.963467,0.957352,0.8581,0.932798,1.0,0.96846,0.943826,0.940175,0.967788,0.928859,0.82239,0.829822,0.946387,0.803968,0.937998,0.952254,0.97245,0.941479,0.943752,0.96045,0.867943,0.938969,0.821674],[0.855646,0.948358,0.81484,0.897299,0.958446,0.913723,0.922867,0.97162,0.943246,0.842686,0.921998,0.96846,1.0,0.935374,0.928952,0.947719,0.926112,0.807972,0.836206,0.940622,0.810722,0.910711,0.944111,0.952475,0.932072,0.943466,0.938542,0.856459,0.925188,0.807442],[0.871288,0.964649,0.805532,0.925908,0.947507,0.927986,0.93496,0.92375,0.946552,0.860348,0.960084,0.943826,0.935374,1.0,0.94403,0.95059,0.95481,0.806811,0.797458,0.91655,0.790057,0.947108,0.946822,0.948286,0.944414,0.925433,0.952563,0.85343,0.921431,0.827309],[0.870114,0.941732,0.811457,0.93504,0.93455,0.937987,0.950476,0.927405,0.95639,0.86078,0.953787,0.940175,0.928952,0.94403,1.0,0.95669,0.946801,0.820072,0.809756,0.931471,0.797754,0.947878,0.9508,0.946337,0.967579,0.916447,0.954254,0.861471,0.937941,0.845465],[0.872943,0.952731,0.814608,0.920684,0.94945,0.921981,0.943154,0.947443,0.973559,0.863624,0.935593,0.967788,0.947719,0.95059,0.95669,1.0,0.93289,0.820966,0.815922,0.951745,0.804108,0.949764,0.951977,0.97336,0.958772,0.938549,0.952602,0.861771,0.946359,0.828798],[0.867368,0.948043,0.801626,0.931109,0.936377,0.94436,0.958945,0.916085,0.936006,0.852784,0.977001,0.928859,0.926112,0.95481,0.946801,0.93289,1.0,0.808521,0.791292,0.901735,0.781475,0.948055,0.948534,0.930148,0.958331,0.902706,0.954693,0.853514,0.922052,0.854246],[0.917217,0.809228,0.801011,0.801609,0.811304,0.783514,0.817612,0.809086,0.815778,0.907483,0.809609,0.82239,0.807972,0.806811,0.820072,0.820966,0.808521,1.0,0.812593,0.811748,0.827176,0.811462,0.818096,0.815464,0.812317,0.810714,0.806183,0.906773,0.839029,0.920502],[0.844728,0.81023,0.92325,0.786039,0.824645,0.780809,0.806793,0.850865,0.815905,0.840361,0.799202,0.829822,0.836206,0.797458,0.809756,0.815922,0.791292,0.812593,1.0,0.823899,0.931472,0.802337,0.818822,0.822556,0.803696,0.834897,0.81134,0.850504,0.814147,0.820331],[0.858135,0.927969,0.813142,0.92257,0.936091,0.901746,0.927026,0.942188,0.955491,0.84592,0.908086,0.946387,0.940622,0.91655,0.931471,0.951745,0.901735,0.811748,0.823899,1.0,0.795864,0.914536,0.933223,0.947497,0.931144,0.921194,0.92486,0.853831,0.940152,0.812613],[0.826031,0.784951,0.928932,0.751288,0.810658,0.773251,0.803389,0.805541,0.794392,0.839952,0.793148,0.803968,0.810722,0.790057,0.797754,0.804108,0.781475,0.827176,0.931472,0.795864,1.0,0.789699,0.781767,0.803696,0.796052,0.819952,0.784253,0.813538,0.798004,0.838749],[0.862362,0.936657,0.817946,0.931193,0.933271,0.938009,0.956488,0.92051,0.945426,0.856217,0.960483,0.937998,0.910711,0.947108,0.947878,0.949764,0.948055,0.811462,0.802337,0.914536,0.789699,1.0,0.941287,0.945754,0.959974,0.9274,0.958686,0.851707,0.939595,0.852349],[0.874938,0.964738,0.813395,0.941412,0.944573,0.928344,0.934444,0.951408,0.95782,0.855616,0.952295,0.952254,0.944111,0.946822,0.9508,0.951977,0.948534,0.818096,0.818822,0.933223,0.781767,0.941287,1.0,0.946932,0.947778,0.925943,0.958935,0.868821,0.944596,0.832874],[0.868049,0.950526,0.825286,0.919536,0.968172,0.917595,0.929468,0.956557,0.969739,0.861604,0.934924,0.97245,0.952475,0.948286,0.946337,0.97336,0.930148,0.815464,0.822556,0.947497,0.803696,0.945754,0.946932,1.0,0.947206,0.955208,0.948079,0.851372,0.940684,0.818848],[0.857902,0.937262,0.806676,0.928658,0.935137,0.947003,0.963817,0.93011,0.955137,0.851787,0.961982,0.941479,0.932072,0.944414,0.967579,0.958772,0.958331,0.812317,0.803696,0.931144,0.796052,0.959974,0.947778,0.947206,1.0,0.910893,0.962518,0.85907,0.941613,0.847451],[0.857464,0.91564,0.84329,0.898895,0.956243,0.899621,0.91141,0.956797,0.937762,0.848247,0.911939,0.943752,0.943466,0.925433,0.916447,0.938549,0.902706,0.810714,0.834897,0.921194,0.819952,0.9274,0.925943,0.955208,0.910893,1.0,0.915456,0.831402,0.941644,0.816326],[0.856252,0.956828,0.79876,0.942408,0.931581,0.937801,0.951175,0.937083,0.949607,0.849907,0.963146,0.96045,0.938542,0.952563,0.954254,0.952602,0.954693,0.806183,0.81134,0.92486,0.784253,0.958686,0.958935,0.948079,0.962518,0.915456,1.0,0.872785,0.930602,0.837103],[0.950727,0.86174,0.822375,0.855951,0.840543,0.836713,0.860353,0.85541,0.861693,0.946571,0.851634,0.867943,0.856459,0.85343,0.861471,0.861771,0.853514,0.906773,0.850504,0.853831,0.813538,0.851707,0.868821,0.851372,0.85907,0.831402,0.872785,1.0,0.863938,0.916599],[0.878344,0.919575,0.825352,0.922286,0.938186,0.919446,0.948304,0.937211,0.949208,0.864656,0.930464,0.938969,0.925188,0.921431,0.937941,0.946359,0.922052,0.839029,0.814147,0.940152,0.798004,0.939595,0.944596,0.940684,0.941613,0.941644,0.930602,0.863938,1.0,0.851738],[0.919287,0.818779,0.819116,0.833612,0.817367,0.831734,0.865739,0.809146,0.825645,0.922042,0.850592,0.821674,0.807442,0.827309,0.845465,0.828798,0.854246,0.920502,0.820331,0.812613,0.838749,0.852349,0.832874,0.818848,0.847451,0.816326,0.837103,0.916599,0.851738,1.0]],"seed_pair_procrustes_dist":[[0.0,0.080917,0.027215,0.077255,0.035237,0.116576,0.051989,0.098265,0.052996,0.095925,0.04818,0.050492,0.089213,0.04843,0.108291,0.092494,0.033913,0.029019,0.077331,0.050761,0.059281,0.079954,0.066537,0.030098,0.100633,0.023559,0.057489,0.049602,0.072656,0.06457],[0.080917,0.0,0.056411,0.038418,0.049303,0.037643,0.042066,0.026429,0.03282,0.048141,0.037365,0.032617,0.026788,0.036378,0.053941,0.036847,0.054668,0.057819,0.058395,0.03842,0.029388,0.01587,0.022473,0.070625,0.028505,0.079751,0.054489,0.051975,0.022331,0.039365],[0.027215,0.056411,0.0,0.057793,0.01608,0.094483,0.031399,0.077154,0.032704,0.077125,0.027415,0.028922,0.06638,0.030963,0.091683,0.072008,0.018903,0.02376,0.06179,0.035636,0.037949,0.059548,0.044229,0.032153,0.078315,0.030564,0.04536,0.037221,0.050017,0.045769],[0.077255,0.038418,0.057793,0.0,0.053762,0.065183,0.034505,0.058067,0.048902,0.026494,0.033148,0.042287,0.022478,0.0501,0.088775,0.019715,0.061097,0.055468,0.02511,0.04362,0.029552,0.038737,0.044023,0.077743,0.036332,0.080568,0.076205,0.03391,0.026679,0.019967],[0.035237,0.049303,0.01608,0.053762,0.0,0.086408,0.033514,0.068677,0.024556,0.075258,0.025569,0.024537,0.062527,0.02124,0.081012,0.068961,0.016588,0.027835,0.065117,0.030412,0.034544,0.05277,0.037264,0.030672,0.07259,0.035543,0.038773,0.040536,0.046743,0.046006],[0.116576,0.037643,0.094483,0.065183,0.086408,0.0,0.073865,0.024295,0.062684,0.063231,0.070057,0.064226,0.045968,0.065726,0.048761,0.053338,0.085497,0.088363,0.081992,0.067561,0.060598,0.037362,0.05164,0.098734,0.033396,0.109871,0.07729,0.081947,0.050609,0.069662],[0.051989,0.042066,0.031399,0.034505,0.033514,0.073865,0.0,0.064582,0.030807,0.056682,0.015789,0.026778,0.043329,0.035983,0.088152,0.049448,0.035243,0.039436,0.043251,0.037865,0.025418,0.046921,0.032045,0.057383,0.058664,0.054574,0.053908,0.032808,0.032023,0.022048],[0.098265,0.026429,0.077154,0.058067,0.068677,0.024295,0.064582,0.0,0.046833,0.062878,0.057788,0.049705,0.044126,0.050621,0.039243,0.051536,0.070067,0.073698,0.077707,0.051641,0.049557,0.025672,0.038886,0.081503,0.034923,0.094592,0.06179,0.070953,0.042537,0.059861],[0.052996,0.03282,0.032704,0.048902,0.024556,0.062684,0.030807,0.046833,0.0,0.068041,0.025163,0.018212,0.050281,0.017045,0.063626,0.058366,0.028371,0.03931,0.065099,0.027351,0.02839,0.036684,0.019453,0.044777,0.057394,0.051911,0.032504,0.046831,0.035752,0.040964],[0.095925,0.048141,0.077125,0.026494,0.075258,0.063231,0.056682,0.062878,0.068041,0.0,0.052415,0.05855,0.029743,0.063134,0.093538,0.017541,0.07863,0.068178,0.032156,0.054703,0.041795,0.044563,0.05839,0.091829,0.033625,0.09773,0.090978,0.046118,0.039869,0.038801],[0.04818,0.037365,0.027415,0.033148,0.025569,0.070057,0.015789,0.057788,0.025163,0.052415,0.0,0.020519,0.042167,0.026727,0.081627,0.047914,0.031485,0.034084,0.044423,0.029249,0.020468,0.040804,0.028662,0.051251,0.054858,0.052132,0.050312,0.029677,0.029197,0.024569],[0.050492,0.032617,0.028922,0.042287,0.024537,0.064226,0.026778,0.049705,0.018212,0.05855,0.020519,0.0,0.044907,0.018536,0.068048,0.053002,0.027568,0.032467,0.056375,0.025293,0.021491,0.034856,0.021318,0.045383,0.05472,0.051617,0.037975,0.037253,0.027523,0.035921],[0.089213,0.026788,0.06638,0.022478,0.062527,0.045968,0.043329,0.044126,0.050281,0.029743,0.042167,0.044907,0.0,0.051004,0.075935,0.018037,0.065402,0.064461,0.041026,0.048566,0.032002,0.030235,0.037831,0.083419,0.021707,0.088158,0.072874,0.04842,0.020308,0.031795],[0.04843,0.036378,0.030963,0.0501,0.02124,0.065726,0.035983,0.050621,0.017045,0.063134,0.026727,0.018536,0.051004,0.0,0.065252,0.059661,0.028015,0.031764,0.064052,0.022629,0.026894,0.037356,0.026484,0.039441,0.059715,0.05032,0.035157,0.041756,0.037756,0.044277],[0.108291,0.053941,0.091683,0.088775,0.081012,0.048761,0.088152,0.039243,0.063626,0.093538,0.081627,0.068048,0.075935,0.065252,0.0,0.086171,0.079836,0.087266,0.109487,0.069115,0.073793,0.054214,0.058694,0.085099,0.069582,0.101792,0.059888,0.094826,0.070624,0.089124],[0.092494,0.036847,0.072008,0.019715,0.068961,0.053338,0.049448,0.051536,0.058366,0.017541,0.047914,0.053002,0.018037,0.059661,0.086171,0.0,0.072402,0.065792,0.03503,0.049451,0.036155,0.035272,0.047988,0.087663,0.023657,0.093006,0.082453,0.046545,0.030313,0.032656],[0.033913,0.054668,0.018903,0.061097,0.016588,0.085497,0.035243,0.070067,0.028371,0.07863,0.031485,0.027568,0.065402,0.028015,0.079836,0.072402,0.0,0.031779,0.073385,0.040106,0.042445,0.059958,0.040122,0.029436,0.081074,0.030046,0.032219,0.048313,0.052569,0.052393],[0.029019,0.057819,0.02376,0.055468,0.027835,0.088363,0.039436,0.073698,0.03931,0.068178,0.034084,0.032467,0.064461,0.031764,0.087266,0.065792,0.031779,0.0,0.060851,0.029602,0.037479,0.05746,0.049919,0.033347,0.077512,0.040316,0.052199,0.030624,0.051779,0.04858],[0.077331,0.058395,0.06179,0.02511,0.065117,0.081992,0.043251,0.077707,0.065099,0.032156,0.044423,0.056375,0.041026,0.064052,0.109487,0.03503,0.073385,0.060851,0.0,0.054756,0.0417,0.057287,0.060235,0.083967,0.054914,0.083278,0.08889,0.033289,0.043051,0.0313],[0.050761,0.03842,0.035636,0.04362,0.030412,0.067561,0.037865,0.051641,0.027351,0.054703,0.029249,0.025293,0.048566,0.022629,0.069115,0.049451,0.040106,0.029602,0.054756,0.0,0.024625,0.034566,0.036259,0.044153,0.054585,0.057465,0.050121,0.033062,0.037102,0.038425],[0.059281,0.029388,0.037949,0.029552,0.034544,0.060598,0.025418,0.049557,0.02839,0.041795,0.020468,0.021491,0.032002,0.026894,0.073793,0.036155,0.042445,0.037479,0.0417,0.024625,0.0,0.029771,0.026681,0.056955,0.043357,0.062633,0.053573,0.029123,0.019864,0.025376],[0.079954,0.01587,0.059548,0.038737,0.05277,0.037362,0.046921,0.025672,0.036684,0.044563,0.040804,0.034856,0.030235,0.037356,0.054214,0.035272,0.059958,0.05746,0.057287,0.034566,0.029771,0.0,0.028862,0.068997,0.027003,0.080915,0.057507,0.048687,0.02554,0.041693],[0.066537,0.022473,0.044229,0.044023,0.037264,0.05164,0.032045,0.038886,0.019453,0.05839,0.028662,0.021318,0.037831,0.026484,0.058694,0.047988,0.040122,0.049919,0.060235,0.036259,0.026681,0.028862,0.0,0.058721,0.046917,0.064113,0.039211,0.049819,0.026691,0.039144],[0.030098,0.070625,0.032153,0.077743,0.030672,0.098734,0.057383,0.081503,0.044777,0.091829,0.051251,0.045383,0.083419,0.039441,0.085099,0.087663,0.029436,0.033347,0.083967,0.044153,0.056955,0.068997,0.058721,0.0,0.097796,0.030282,0.042961,0.05901,0.072555,0.072085],[0.100633,0.028505,0.078315,0.036332,0.07259,0.033396,0.058664,0.034923,0.057394,0.033625,0.054858,0.05472,0.021707,0.059715,0.069582,0.023657,0.081074,0.077512,0.054914,0.054585,0.043357,0.027003,0.046917,0.097796,0.0,0.098305,0.078166,0.05866,0.032316,0.045883],[0.023559,0.079751,0.030564,0.080568,0.035543,0.109871,0.054574,0.094592,0.051911,0.09773,0.052132,0.051617,0.088158,0.05032,0.101792,0.093006,0.030046,0.040316,0.083278,0.057465,0.062633,0.080915,0.064113,0.030282,0.098305,0.0,0.051282,0.064079,0.078913,0.074051],[0.057489,0.054489,0.04536,0.076205,0.038773,0.07729,0.053908,0.06179,0.032504,0.090978,0.050312,0.037975,0.072874,0.035157,0.059888,0.082453,0.032219,0.052199,0.08889,0.050121,0.053573,0.057507,0.039211,0.042961,0.078166,0.051282,0.0,0.071211,0.061037,0.070144],[0.049602,0.051975,0.037221,0.03391,0.040536,0.081947,0.032808,0.070953,0.046831,0.046118,0.029677,0.037253,0.04842,0.041756,0.094826,0.046545,0.048313,0.030624,0.033289,0.033062,0.029123,0.048687,0.049819,0.05901,0.05866,0.064079,0.071211,0.0,0.040142,0.031069],[0.072656,0.022331,0.050017,0.026679,0.046743,0.050609,0.032023,0.042537,0.035752,0.039869,0.029197,0.027523,0.020308,0.037756,0.070624,0.030313,0.052569,0.051779,0.043051,0.037102,0.019864,0.02554,0.026691,0.072555,0.032316,0.078913,0.061037,0.040142,0.0,0.027915],[0.06457,0.039365,0.045769,0.019967,0.046006,0.069662,0.022048,0.059861,0.040964,0.038801,0.024569,0.035921,0.031795,0.044277,0.089124,0.032656,0.052393,0.04858,0.0313,0.038425,0.025376,0.041693,0.039144,0.072085,0.045883,0.074051,0.070144,0.031069,0.027915,0.0]],"off_diagonal_summary":{"ari_mean":0.890961,"ari_min":0.751288,"ari_std":0.058201,"procrustes_mean":0.050268,"procrustes_max":0.116576},"framework_axis":"B-6 follow-up: deep-method seed stability for CAE-1D \u2014 pairwise cluster ARI + Procrustes between latent embeddings across N_SEEDS torch initialisations","generated_at":"2026-05-09T17:40:59Z","builder_version":"build_deep_seed_stability v0.1"}