{"scene_id":"salinas-a-corrected","method":"cae_1d_8","n_seeds":30,"latent_dim":8,"samples_per_class":220,"ari_vs_gt_per_seed":[0.611684,0.592588,0.611684,0.608025,0.6112,0.611185,0.591674,0.591827,0.6112,0.592497,0.591133,0.612738,0.591199,0.588299,0.588686,0.591964,0.6112,0.591885,0.6112,0.588686,0.593819,0.614898,0.589406,0.612703,0.591964,0.613064,0.591889,0.6112,0.610725,0.614176],"ari_vs_gt_summary":{"mean":0.60148,"std":0.010431,"min":0.588299,"max":0.614898},"seed_pair_ari":[[1.0,0.946355,1.0,0.996322,0.99943,0.99598,0.942052,0.945191,0.99943,0.943798,0.944619,0.998953,0.943585,0.948133,0.948718,0.944755,0.99943,0.942209,0.99943,0.948718,0.944305,0.996891,0.941864,0.99302,0.944755,0.995791,0.945769,0.99943,0.998866,0.995851],[0.946355,1.0,0.946355,0.943536,0.946546,0.946866,0.986197,0.997375,0.946546,0.995175,0.992154,0.947294,0.995411,0.990358,0.991666,0.998028,0.946546,0.993216,0.946546,0.991666,0.997143,0.949393,0.985784,0.948568,0.998028,0.945037,0.994751,0.946546,0.946743,0.950337],[1.0,0.946355,1.0,0.996322,0.99943,0.99598,0.942052,0.945191,0.99943,0.943798,0.944619,0.998953,0.943585,0.948133,0.948718,0.944755,0.99943,0.942209,0.99943,0.948718,0.944305,0.996891,0.941864,0.99302,0.944755,0.995791,0.945769,0.99943,0.998866,0.995851],[0.996322,0.943536,0.996322,1.0,0.996892,0.993452,0.939308,0.942386,0.996892,0.94098,0.941821,0.995283,0.940776,0.945301,0.94588,0.941931,0.996892,0.939387,0.996892,0.94588,0.941506,0.993239,0.939103,0.98936,0.941931,0.993268,0.942957,0.996892,0.996322,0.992208],[0.99943,0.946546,0.99943,0.996892,1.0,0.996544,0.942301,0.945394,1.0,0.943975,0.944829,0.99839,0.943783,0.948336,0.948915,0.944939,1.0,0.942381,1.0,0.948915,0.944502,0.996321,0.942107,0.992465,0.944939,0.996362,0.945967,1.0,0.99943,0.995288],[0.99598,0.946866,0.99598,0.993452,0.996544,1.0,0.942637,0.945715,0.996544,0.947311,0.94515,0.994942,0.944097,0.948642,0.94922,0.945253,0.996544,0.945709,0.996544,0.94922,0.94483,0.992886,0.94243,0.989036,0.945253,0.996014,0.946287,0.996544,0.995974,0.991856],[0.942052,0.986197,0.942052,0.939308,0.942301,0.942637,1.0,0.988736,0.942301,0.981505,0.990014,0.942932,0.986824,0.985662,0.984395,0.984292,0.942301,0.979613,0.942301,0.984395,0.989008,0.945073,0.996493,0.944513,0.984292,0.940801,0.987463,0.942301,0.942558,0.945958],[0.945191,0.997375,0.945191,0.942386,0.945394,0.945715,0.988736,1.0,0.945394,0.992578,0.994768,0.946116,0.998036,0.992986,0.991675,0.995418,0.945394,0.990635,0.945394,0.991675,0.997138,0.948227,0.988334,0.947455,0.995418,0.943887,0.99476,0.945394,0.945605,0.949158],[0.99943,0.946546,0.99943,0.996892,1.0,0.996544,0.942301,0.945394,1.0,0.943975,0.944829,0.99839,0.943783,0.948336,0.948915,0.944939,1.0,0.942381,1.0,0.948915,0.944502,0.996321,0.942107,0.992465,0.944939,0.996362,0.945967,1.0,0.99943,0.995288],[0.943798,0.995175,0.943798,0.94098,0.943975,0.947311,0.981505,0.992578,0.943975,1.0,0.991291,0.944743,0.994546,0.989502,0.990802,0.997149,0.943975,0.998027,0.943975,0.990802,0.992346,0.946821,0.984956,0.945959,0.997149,0.945491,0.993873,0.943975,0.94416,0.947772],[0.944619,0.992154,0.944619,0.941821,0.944829,0.94515,0.990014,0.994768,0.944829,0.991291,1.0,0.945538,0.996729,0.995595,0.994292,0.994123,0.944829,0.989354,0.944829,0.994292,0.991912,0.947654,0.993497,0.94691,0.994123,0.943322,0.997376,0.944829,0.945046,0.948579],[0.998953,0.947294,0.998953,0.995283,0.99839,0.994942,0.942932,0.946116,0.99839,0.944743,0.945538,1.0,0.944511,0.94907,0.949662,0.945693,0.99839,0.943155,0.99839,0.949662,0.945231,0.995845,0.942751,0.992003,0.945693,0.996833,0.946702,0.99839,0.997833,0.994813],[0.943585,0.995411,0.943585,0.940776,0.943783,0.944097,0.986824,0.998036,0.943783,0.994546,0.996729,0.944511,1.0,0.994947,0.993638,0.997384,0.943783,0.992596,0.943783,0.993638,0.995175,0.94662,0.990295,0.945824,0.997384,0.942276,0.996721,0.943783,0.943986,0.947551],[0.948133,0.990358,0.948133,0.945301,0.948336,0.948642,0.985662,0.992986,0.948336,0.989502,0.995595,0.94907,0.994947,1.0,0.998678,0.992328,0.948336,0.98756,0.948336,0.998678,0.990135,0.945083,0.989129,0.950369,0.992328,0.946815,0.995593,0.948336,0.948546,0.946015],[0.948718,0.991666,0.948718,0.94588,0.948915,0.94922,0.984395,0.991675,0.948915,0.990802,0.994292,0.949662,0.993638,0.998678,1.0,0.993635,0.948915,0.988853,0.948915,1.0,0.991449,0.945668,0.987857,0.950928,0.993635,0.947394,0.996914,0.948915,0.949119,0.946607],[0.944755,0.998028,0.944755,0.941931,0.944939,0.945253,0.984292,0.995418,0.944939,0.997149,0.994123,0.945693,0.997384,0.992328,0.993635,1.0,0.944939,0.995184,0.944939,0.993635,0.995179,0.947791,0.987754,0.946941,1.0,0.943431,0.996719,0.944939,0.94513,0.948735],[0.99943,0.946546,0.99943,0.996892,1.0,0.996544,0.942301,0.945394,1.0,0.943975,0.944829,0.99839,0.943783,0.948336,0.948915,0.944939,1.0,0.942381,1.0,0.948915,0.944502,0.996321,0.942107,0.992465,0.944939,0.996362,0.945967,1.0,0.99943,0.995288],[0.942209,0.993216,0.942209,0.939387,0.942381,0.945709,0.979613,0.990635,0.942381,0.998027,0.989354,0.943155,0.992596,0.98756,0.988853,0.995184,0.942381,1.0,0.942381,0.988853,0.990395,0.94523,0.983057,0.944344,0.995184,0.943895,0.991922,0.942381,0.942559,0.946182],[0.99943,0.946546,0.99943,0.996892,1.0,0.996544,0.942301,0.945394,1.0,0.943975,0.944829,0.99839,0.943783,0.948336,0.948915,0.944939,1.0,0.942381,1.0,0.948915,0.944502,0.996321,0.942107,0.992465,0.944939,0.996362,0.945967,1.0,0.99943,0.995288],[0.948718,0.991666,0.948718,0.94588,0.948915,0.94922,0.984395,0.991675,0.948915,0.990802,0.994292,0.949662,0.993638,0.998678,1.0,0.993635,0.948915,0.988853,0.948915,1.0,0.991449,0.945668,0.987857,0.950928,0.993635,0.947394,0.996914,0.948915,0.949119,0.946607],[0.944305,0.997143,0.944305,0.941506,0.944502,0.94483,0.989008,0.997138,0.944502,0.992346,0.991912,0.945231,0.995175,0.990135,0.991449,0.995179,0.944502,0.990395,0.944502,0.991449,1.0,0.947329,0.985511,0.946558,0.995179,0.943,0.994521,0.944502,0.944706,0.948261],[0.996891,0.949393,0.996891,0.993239,0.996321,0.992886,0.945073,0.948227,0.996321,0.946821,0.947654,0.995845,0.94662,0.945083,0.945668,0.947791,0.996321,0.94523,0.996321,0.945668,0.947329,1.0,0.944896,0.989939,0.947791,0.992708,0.948807,0.996321,0.995757,0.998959],[0.941864,0.985784,0.941864,0.939103,0.942107,0.94243,0.996493,0.988334,0.942107,0.984956,0.993497,0.942751,0.990295,0.989129,0.987857,0.987754,0.942107,0.983057,0.942107,0.987857,0.985511,0.944896,1.0,0.944285,0.987754,0.940602,0.990937,0.942107,0.942357,0.945788],[0.99302,0.948568,0.99302,0.98936,0.992465,0.989036,0.944513,0.947455,0.992465,0.945959,0.94691,0.992003,0.945824,0.950369,0.950928,0.946941,0.992465,0.944344,0.992465,0.950928,0.946558,0.989939,0.944285,1.0,0.946941,0.990909,0.948008,0.992465,0.991915,0.98893],[0.944755,0.998028,0.944755,0.941931,0.944939,0.945253,0.984292,0.995418,0.944939,0.997149,0.994123,0.945693,0.997384,0.992328,0.993635,1.0,0.944939,0.995184,0.944939,0.993635,0.995179,0.947791,0.987754,0.946941,1.0,0.943431,0.996719,0.944939,0.94513,0.948735],[0.995791,0.945037,0.995791,0.993268,0.996362,0.996014,0.940801,0.943887,0.996362,0.945491,0.943322,0.996833,0.942276,0.946815,0.947394,0.943431,0.996362,0.943895,0.996362,0.947394,0.943,0.992708,0.940602,0.990909,0.943431,1.0,0.944458,0.996362,0.995798,0.991691],[0.945769,0.994751,0.945769,0.942957,0.945967,0.946287,0.987463,0.99476,0.945967,0.993873,0.997376,0.946702,0.996721,0.995593,0.996914,0.996719,0.945967,0.991922,0.945967,0.996914,0.994521,0.948807,0.990937,0.948008,0.996719,0.944458,1.0,0.945967,0.946171,0.949744],[0.99943,0.946546,0.99943,0.996892,1.0,0.996544,0.942301,0.945394,1.0,0.943975,0.944829,0.99839,0.943783,0.948336,0.948915,0.944939,1.0,0.942381,1.0,0.948915,0.944502,0.996321,0.942107,0.992465,0.944939,0.996362,0.945967,1.0,0.99943,0.995288],[0.998866,0.946743,0.998866,0.996322,0.99943,0.995974,0.942558,0.945605,0.99943,0.94416,0.945046,0.997833,0.943986,0.948546,0.949119,0.94513,0.99943,0.942559,0.99943,0.949119,0.944706,0.995757,0.942357,0.991915,0.94513,0.995798,0.946171,0.99943,1.0,0.994732],[0.995851,0.950337,0.995851,0.992208,0.995288,0.991856,0.945958,0.949158,0.995288,0.947772,0.948579,0.994813,0.947551,0.946015,0.946607,0.948735,0.995288,0.946182,0.995288,0.946607,0.948261,0.998959,0.945788,0.98893,0.948735,0.991691,0.949744,0.995288,0.994732,1.0]],"seed_pair_procrustes_dist":[[0.0,0.044245,0.048608,0.134857,0.104866,0.096524,0.109553,0.014852,0.01596,0.017596,0.023963,0.013161,0.030313,0.058405,0.129183,0.086294,0.065603,0.066277,0.047703,0.042475,0.019954,0.096076,0.030094,0.059638,0.078228,0.039411,0.049642,0.079398,0.13214,0.128027],[0.044245,0.0,0.02301,0.169025,0.140701,0.131743,0.145134,0.036032,0.039683,0.048298,0.054012,0.043573,0.03108,0.096151,0.084605,0.122069,0.027998,0.028466,0.084564,0.033538,0.037165,0.132086,0.060274,0.031332,0.041359,0.076074,0.017538,0.115009,0.166417,0.162819],[0.048608,0.02301,0.0,0.171078,0.142894,0.13456,0.145547,0.038234,0.042009,0.05438,0.055298,0.045617,0.034116,0.098591,0.083949,0.125483,0.027737,0.038092,0.086384,0.040346,0.041897,0.133358,0.059637,0.018376,0.044584,0.081756,0.026064,0.117747,0.167618,0.162222],[0.134857,0.169025,0.171078,0.0,0.040803,0.04654,0.040261,0.164885,0.158935,0.151749,0.145794,0.155055,0.1808,0.093462,0.30336,0.05875,0.227356,0.229554,0.104812,0.191174,0.163706,0.047613,0.141689,0.218892,0.243943,0.114176,0.206702,0.067146,0.019645,0.031372],[0.104866,0.140701,0.142894,0.040803,0.0,0.021442,0.024098,0.125544,0.119853,0.114309,0.107265,0.116386,0.142035,0.056578,0.259635,0.030555,0.186563,0.188699,0.06824,0.15265,0.125172,0.019075,0.105566,0.178169,0.201378,0.077714,0.16791,0.034671,0.035428,0.035891],[0.096524,0.131743,0.13456,0.04654,0.021442,0.0,0.030495,0.11517,0.109273,0.103111,0.098014,0.105896,0.131429,0.049185,0.247268,0.018177,0.174589,0.176805,0.058616,0.141706,0.114075,0.015898,0.095382,0.167328,0.19073,0.066757,0.155445,0.022138,0.043355,0.045295],[0.109553,0.145134,0.145547,0.040261,0.024098,0.030495,0.0,0.130894,0.125399,0.119309,0.110294,0.122023,0.144981,0.06198,0.265203,0.035445,0.19272,0.194996,0.072158,0.155612,0.131153,0.022859,0.1059,0.181949,0.2072,0.086416,0.172023,0.044315,0.03369,0.026231],[0.014852,0.036032,0.038234,0.164885,0.125544,0.11517,0.130894,0.0,0.012415,0.024848,0.025194,0.014522,0.026367,0.065829,0.119945,0.093689,0.056377,0.060168,0.054363,0.040652,0.015528,0.10308,0.032522,0.050991,0.069515,0.047595,0.043161,0.086555,0.138395,0.133954],[0.01596,0.039683,0.042009,0.158935,0.119853,0.109273,0.125399,0.012415,0.0,0.026518,0.022734,0.014457,0.03067,0.062122,0.125785,0.089194,0.060973,0.065801,0.049142,0.044523,0.013921,0.09835,0.032082,0.055956,0.076551,0.043464,0.047484,0.081232,0.133546,0.129483],[0.017596,0.048298,0.05438,0.151749,0.114309,0.103111,0.119309,0.024848,0.026518,0.0,0.025904,0.021849,0.031877,0.055815,0.135172,0.082686,0.073949,0.069762,0.046374,0.040388,0.030283,0.093793,0.029961,0.066887,0.083533,0.038119,0.052836,0.077878,0.13019,0.126511],[0.023963,0.054012,0.055298,0.145794,0.107265,0.098014,0.110294,0.025194,0.022734,0.025904,0.0,0.023872,0.034557,0.050685,0.141385,0.078773,0.078868,0.079989,0.038956,0.047272,0.029687,0.088108,0.018606,0.068378,0.089808,0.039311,0.05909,0.073366,0.124011,0.118807],[0.013161,0.043573,0.045617,0.155055,0.116386,0.105896,0.122023,0.014522,0.014457,0.021849,0.023872,0.0,0.032622,0.05877,0.129614,0.086607,0.06571,0.067701,0.047267,0.044827,0.022073,0.095331,0.028759,0.057923,0.078926,0.040512,0.050878,0.07874,0.131509,0.126711],[0.030313,0.03108,0.034116,0.1808,0.142035,0.131429,0.144981,0.026367,0.03067,0.031877,0.034557,0.032622,0.0,0.07858,0.108472,0.105294,0.053202,0.049299,0.066737,0.019142,0.030406,0.115604,0.038752,0.0429,0.059925,0.062749,0.02905,0.10082,0.15077,0.146054],[0.058405,0.096151,0.098591,0.093462,0.056578,0.049185,0.06198,0.065829,0.062122,0.055815,0.050685,0.05877,0.07858,0.0,0.196539,0.036733,0.128622,0.129148,0.024672,0.095062,0.071885,0.04556,0.053101,0.12013,0.141224,0.032565,0.109582,0.033343,0.082847,0.078673],[0.129183,0.084605,0.083949,0.30336,0.259635,0.247268,0.265203,0.119945,0.125785,0.135172,0.141385,0.129614,0.108472,0.196539,0.0,0.189524,0.060853,0.0607,0.154263,0.09411,0.108888,0.198532,0.128286,0.070585,0.05024,0.146876,0.077365,0.182974,0.230106,0.225958],[0.086294,0.122069,0.125483,0.05875,0.030555,0.018177,0.035445,0.093689,0.089194,0.082686,0.078773,0.086607,0.105294,0.036733,0.189524,0.0,0.162733,0.16358,0.047074,0.127207,0.102013,0.022145,0.082492,0.155376,0.177317,0.055512,0.141942,0.020832,0.054242,0.05519],[0.065603,0.027998,0.027737,0.227356,0.186563,0.174589,0.19272,0.056377,0.060973,0.073949,0.078868,0.06571,0.053202,0.128622,0.060853,0.162733,0.0,0.028495,0.102815,0.05451,0.053904,0.149053,0.079272,0.030057,0.030976,0.094764,0.03431,0.132257,0.181915,0.178345],[0.066277,0.028466,0.038092,0.229554,0.188699,0.176805,0.194996,0.060168,0.065801,0.069762,0.079989,0.067701,0.049299,0.129148,0.0607,0.16358,0.028495,0.0,0.104775,0.043232,0.059695,0.151026,0.079856,0.034652,0.02379,0.095493,0.028789,0.13475,0.184974,0.181409],[0.047703,0.084564,0.086384,0.104812,0.06824,0.058616,0.072158,0.054363,0.049142,0.046374,0.038956,0.047267,0.066737,0.024672,0.154263,0.047074,0.102815,0.104775,0.0,0.082776,0.057551,0.054164,0.040371,0.106033,0.128827,0.024241,0.095648,0.039142,0.090909,0.087034],[0.042475,0.033538,0.040346,0.191174,0.15265,0.141706,0.155612,0.040652,0.044523,0.040388,0.047272,0.044827,0.019142,0.095062,0.09411,0.127207,0.05451,0.043232,0.082776,0.0,0.044346,0.124092,0.049052,0.044305,0.057746,0.072306,0.027085,0.109497,0.159473,0.154601],[0.019954,0.037165,0.041897,0.163706,0.125172,0.114075,0.131153,0.015528,0.013921,0.030283,0.029687,0.022073,0.030406,0.071885,0.108888,0.102013,0.053904,0.059695,0.057551,0.044346,0.0,0.103173,0.037763,0.056331,0.073223,0.046371,0.045252,0.085618,0.13728,0.134446],[0.096076,0.132086,0.133358,0.047613,0.019075,0.015898,0.022859,0.10308,0.09835,0.093793,0.088108,0.095331,0.115604,0.04556,0.198532,0.022145,0.149053,0.151026,0.054164,0.124092,0.103173,0.0,0.092915,0.165535,0.190723,0.068841,0.155386,0.025445,0.042916,0.038726],[0.030094,0.060274,0.059637,0.141689,0.105566,0.095382,0.1059,0.032522,0.032082,0.029961,0.018606,0.028759,0.038752,0.053101,0.128286,0.082492,0.079272,0.079856,0.040371,0.049052,0.037763,0.092915,0.0,0.07245,0.095934,0.041616,0.063578,0.072301,0.121913,0.115204],[0.059638,0.031332,0.018376,0.218892,0.178169,0.167328,0.181949,0.050991,0.055956,0.066887,0.068378,0.057923,0.0429,0.12013,0.070585,0.155376,0.030057,0.034652,0.106033,0.044305,0.056331,0.165535,0.07245,0.0,0.037769,0.091729,0.030481,0.127404,0.176781,0.170598],[0.078228,0.041359,0.044584,0.243943,0.201378,0.19073,0.2072,0.069515,0.076551,0.083533,0.089808,0.078926,0.059925,0.141224,0.05024,0.177317,0.030976,0.02379,0.128827,0.057746,0.073223,0.190723,0.095934,0.037769,0.0,0.106107,0.041471,0.144983,0.193631,0.189503],[0.039411,0.076074,0.081756,0.114176,0.077714,0.066757,0.086416,0.047595,0.043464,0.038119,0.039311,0.040512,0.062749,0.032565,0.146876,0.055512,0.094764,0.095493,0.024241,0.072306,0.046371,0.068841,0.041616,0.091729,0.106107,0.0,0.087439,0.046182,0.100423,0.099249],[0.049642,0.017538,0.026064,0.206702,0.16791,0.155445,0.172023,0.043161,0.047484,0.052836,0.05909,0.050878,0.02905,0.109582,0.077365,0.141942,0.03431,0.028789,0.095648,0.027085,0.045252,0.155386,0.063578,0.030481,0.041471,0.087439,0.0,0.118974,0.16959,0.165289],[0.079398,0.115009,0.117747,0.067146,0.034671,0.022138,0.044315,0.086555,0.081232,0.077878,0.073366,0.07874,0.10082,0.033343,0.182974,0.020832,0.132257,0.13475,0.039142,0.109497,0.085618,0.025445,0.072301,0.127404,0.144983,0.046182,0.118974,0.0,0.060022,0.059411],[0.13214,0.166417,0.167618,0.019645,0.035428,0.043355,0.03369,0.138395,0.133546,0.13019,0.124011,0.131509,0.15077,0.082847,0.230106,0.054242,0.181915,0.184974,0.090909,0.159473,0.13728,0.042916,0.121913,0.176781,0.193631,0.100423,0.16959,0.060022,0.0,0.024992],[0.128027,0.162819,0.162222,0.031372,0.035891,0.045295,0.026231,0.133954,0.129483,0.126511,0.118807,0.126711,0.146054,0.078673,0.225958,0.05519,0.178345,0.181409,0.087034,0.154601,0.134446,0.038726,0.115204,0.170598,0.189503,0.099249,0.165289,0.059411,0.024992,0.0]],"off_diagonal_summary":{"ari_mean":0.969053,"ari_min":0.939103,"ari_std":0.024701,"procrustes_mean":0.088311,"procrustes_max":0.30336},"framework_axis":"B-6 follow-up: deep-method seed stability for CAE-1D \u2014 pairwise cluster ARI + Procrustes between latent embeddings across N_SEEDS torch initialisations","generated_at":"2026-05-09T17:23:33Z","builder_version":"build_deep_seed_stability v0.1"}