{"scene_id":"salinas-corrected","method":"cae_3d_8","n_seeds":30,"latent_dim":8,"samples_per_class":220,"ari_vs_gt_per_seed":[0.402375,0.422703,0.435125,0.390091,0.387357,0.39167,0.395877,0.44617,0.429553,0.462521,0.401259,0.399605,0.410859,0.423702,0.400354,0.409426,0.4041,0.412098,0.402432,0.390736,0.407892,0.392501,0.428856,0.450608,0.43404,0.454568,0.428176,0.426612,0.398063,0.434625],"ari_vs_gt_summary":{"mean":0.415798,"std":0.02074,"min":0.387357,"max":0.462521},"seed_pair_ari":[[1.0,0.705259,0.692012,0.876394,0.850797,0.854846,0.799691,0.775281,0.723513,0.712585,0.83272,0.808962,0.683538,0.709171,0.841798,0.861223,0.831707,0.853316,0.922223,0.870111,0.846843,0.861377,0.710769,0.741157,0.750784,0.716615,0.72061,0.713498,0.815413,0.783531],[0.705259,1.0,0.862348,0.712763,0.711411,0.729177,0.841899,0.805258,0.845189,0.676543,0.804971,0.853407,0.803751,0.85179,0.692682,0.683928,0.793267,0.664333,0.713348,0.728343,0.780367,0.721317,0.875203,0.752792,0.696892,0.725976,0.850205,0.838358,0.729337,0.78065],[0.692012,0.862348,1.0,0.692728,0.678858,0.720084,0.799679,0.767351,0.895391,0.726157,0.812017,0.819456,0.841569,0.873656,0.671675,0.658488,0.809578,0.652788,0.696824,0.707004,0.767934,0.717614,0.885246,0.773026,0.744218,0.775144,0.901632,0.868539,0.724019,0.806813],[0.876394,0.712763,0.692728,1.0,0.830279,0.902287,0.828648,0.713804,0.715357,0.675503,0.853181,0.81566,0.715956,0.743044,0.87207,0.817131,0.837366,0.817073,0.862243,0.819453,0.853225,0.888237,0.709223,0.704287,0.747721,0.682693,0.726226,0.731865,0.840808,0.739545],[0.850797,0.711411,0.678858,0.830279,1.0,0.815678,0.803513,0.698154,0.69369,0.672236,0.797939,0.811379,0.711186,0.691941,0.836635,0.838234,0.806663,0.823939,0.84103,0.831253,0.822293,0.820149,0.70657,0.721079,0.722745,0.637305,0.695884,0.682162,0.766485,0.722355],[0.854846,0.729177,0.720084,0.902287,0.815678,1.0,0.836891,0.708128,0.733177,0.667275,0.85077,0.841712,0.718485,0.766203,0.8848,0.808436,0.847686,0.817181,0.855124,0.815154,0.854107,0.877757,0.733878,0.701331,0.729615,0.681042,0.739891,0.729936,0.823334,0.734985],[0.799691,0.841899,0.799679,0.828648,0.803513,0.836891,1.0,0.701579,0.809369,0.650081,0.906106,0.933967,0.782577,0.828698,0.791467,0.781855,0.892238,0.773586,0.825391,0.79745,0.871729,0.826198,0.832341,0.671318,0.675213,0.647216,0.804967,0.805713,0.843658,0.695737],[0.775281,0.805258,0.767351,0.713804,0.698154,0.708128,0.701579,1.0,0.741673,0.763131,0.687055,0.711016,0.703898,0.7394,0.711326,0.761586,0.700212,0.732861,0.803644,0.750549,0.716757,0.695479,0.7603,0.841412,0.760102,0.816985,0.745711,0.738878,0.678173,0.866207],[0.723513,0.845189,0.895391,0.715357,0.69369,0.733177,0.809369,0.741673,1.0,0.772621,0.831664,0.832009,0.856762,0.913758,0.675955,0.675839,0.814958,0.668697,0.709698,0.697118,0.782106,0.736513,0.915879,0.739943,0.779926,0.755872,0.934877,0.921183,0.747365,0.79206],[0.712585,0.676543,0.726157,0.675503,0.672236,0.667275,0.650081,0.763131,0.772621,1.0,0.678872,0.660908,0.734372,0.746759,0.697618,0.750808,0.678026,0.759058,0.707656,0.679571,0.681097,0.676235,0.753595,0.820846,0.842739,0.838759,0.780455,0.761506,0.664314,0.777517],[0.83272,0.804971,0.812017,0.853181,0.797939,0.85077,0.906106,0.687055,0.831664,0.678872,1.0,0.917101,0.784247,0.824305,0.791342,0.780768,0.919787,0.777638,0.823646,0.807544,0.888477,0.868222,0.812397,0.677082,0.708215,0.671768,0.841143,0.828123,0.876232,0.702965],[0.808962,0.853407,0.819456,0.81566,0.811379,0.841712,0.933967,0.711016,0.832009,0.660908,0.917101,1.0,0.791206,0.836928,0.798287,0.803167,0.908403,0.789341,0.828605,0.797761,0.880269,0.821459,0.848619,0.686188,0.676782,0.663356,0.830561,0.818159,0.839891,0.70768],[0.683538,0.803751,0.841569,0.715956,0.711186,0.718485,0.782577,0.703898,0.856762,0.734372,0.784247,0.791206,1.0,0.878457,0.714803,0.680414,0.7904,0.66354,0.675124,0.649493,0.764421,0.703994,0.844647,0.722743,0.758783,0.710604,0.874865,0.871226,0.738446,0.744241],[0.709171,0.85179,0.873656,0.743044,0.691941,0.766203,0.828698,0.7394,0.913758,0.746759,0.824305,0.836928,0.878457,1.0,0.716046,0.67535,0.809107,0.683457,0.720357,0.680187,0.7934,0.737943,0.90521,0.732638,0.77589,0.748833,0.9142,0.918856,0.755466,0.779632],[0.841798,0.692682,0.671675,0.87207,0.836635,0.8848,0.791467,0.711326,0.675955,0.697618,0.791342,0.798287,0.714803,0.716046,1.0,0.859772,0.798097,0.85522,0.848621,0.797827,0.82741,0.820257,0.693054,0.744973,0.761862,0.667062,0.692406,0.688117,0.790952,0.741445],[0.861223,0.683928,0.658488,0.817131,0.838234,0.808436,0.781855,0.761586,0.675839,0.750808,0.780768,0.803167,0.680414,0.67535,0.859772,1.0,0.793259,0.890606,0.889426,0.819064,0.814634,0.789387,0.693713,0.805367,0.745764,0.684749,0.678042,0.676196,0.774175,0.74869],[0.831707,0.793267,0.809578,0.837366,0.806663,0.847686,0.892238,0.700212,0.814958,0.678026,0.919787,0.908403,0.7904,0.809107,0.798097,0.793259,1.0,0.791705,0.828866,0.791983,0.920398,0.839216,0.810883,0.688271,0.69358,0.681208,0.832616,0.804624,0.883455,0.7108],[0.853316,0.664333,0.652788,0.817073,0.823939,0.817181,0.773586,0.732861,0.668697,0.759058,0.777638,0.789341,0.66354,0.683457,0.85522,0.890606,0.791705,1.0,0.869843,0.818777,0.817913,0.808608,0.682363,0.762076,0.753216,0.698325,0.670339,0.663881,0.808776,0.737498],[0.922223,0.713348,0.696824,0.862243,0.84103,0.855124,0.825391,0.803644,0.709698,0.707656,0.823646,0.828605,0.675124,0.720357,0.848621,0.889426,0.828866,0.869843,1.0,0.86245,0.84559,0.846302,0.721971,0.747896,0.736443,0.720566,0.708807,0.702601,0.814855,0.78473],[0.870111,0.728343,0.707004,0.819453,0.831253,0.815154,0.79745,0.750549,0.697118,0.679571,0.807544,0.797761,0.649493,0.680187,0.797827,0.819064,0.791983,0.818777,0.86245,1.0,0.813457,0.827591,0.700758,0.754354,0.708412,0.718885,0.700489,0.687557,0.760025,0.76786],[0.846843,0.780367,0.767934,0.853225,0.822293,0.854107,0.871729,0.716757,0.782106,0.681097,0.888477,0.880269,0.764421,0.7934,0.82741,0.814634,0.920398,0.817913,0.84559,0.813457,1.0,0.835141,0.787232,0.699068,0.705506,0.682324,0.788808,0.788074,0.889075,0.741222],[0.861377,0.721317,0.717614,0.888237,0.820149,0.877757,0.826198,0.695479,0.736513,0.676235,0.868222,0.821459,0.703994,0.737943,0.820257,0.789387,0.839216,0.808608,0.846302,0.827591,0.835141,1.0,0.731298,0.696168,0.762161,0.68291,0.748073,0.742714,0.824728,0.733951],[0.710769,0.875203,0.885246,0.709223,0.70657,0.733878,0.832341,0.7603,0.915879,0.753595,0.812397,0.848619,0.844647,0.90521,0.693054,0.693713,0.810883,0.682363,0.721971,0.700758,0.787232,0.731298,1.0,0.755684,0.762185,0.737636,0.913452,0.894195,0.739339,0.782838],[0.741157,0.752792,0.773026,0.704287,0.721079,0.701331,0.671318,0.841412,0.739943,0.820846,0.677082,0.686188,0.722743,0.732638,0.744973,0.805367,0.688271,0.762076,0.747896,0.754354,0.699068,0.696168,0.755684,1.0,0.826501,0.796201,0.754833,0.736883,0.6474,0.856852],[0.750784,0.696892,0.744218,0.747721,0.722745,0.729615,0.675213,0.760102,0.779926,0.842739,0.708215,0.676782,0.758783,0.77589,0.761862,0.745764,0.69358,0.753216,0.736443,0.708412,0.705506,0.762161,0.762185,0.826501,1.0,0.771256,0.784076,0.787541,0.675658,0.813464],[0.716615,0.725976,0.775144,0.682693,0.637305,0.681042,0.647216,0.816985,0.755872,0.838759,0.671768,0.663356,0.710604,0.748833,0.667062,0.684749,0.681208,0.698325,0.720566,0.718885,0.682324,0.68291,0.737636,0.796201,0.771256,1.0,0.771074,0.759575,0.675538,0.838356],[0.72061,0.850205,0.901632,0.726226,0.695884,0.739891,0.804967,0.745711,0.934877,0.780455,0.841143,0.830561,0.874865,0.9142,0.692406,0.678042,0.832616,0.670339,0.708807,0.700489,0.788808,0.748073,0.913452,0.754833,0.784076,0.771074,1.0,0.928222,0.755857,0.789218],[0.713498,0.838358,0.868539,0.731865,0.682162,0.729936,0.805713,0.738878,0.921183,0.761506,0.828123,0.818159,0.871226,0.918856,0.688117,0.676196,0.804624,0.663881,0.702601,0.687557,0.788074,0.742714,0.894195,0.736883,0.787541,0.759575,0.928222,1.0,0.761273,0.777338],[0.815413,0.729337,0.724019,0.840808,0.766485,0.823334,0.843658,0.678173,0.747365,0.664314,0.876232,0.839891,0.738446,0.755466,0.790952,0.774175,0.883455,0.808776,0.814855,0.760025,0.889075,0.824728,0.739339,0.6474,0.675658,0.675538,0.755857,0.761273,1.0,0.689932],[0.783531,0.78065,0.806813,0.739545,0.722355,0.734985,0.695737,0.866207,0.79206,0.777517,0.702965,0.70768,0.744241,0.779632,0.741445,0.74869,0.7108,0.737498,0.78473,0.76786,0.741222,0.733951,0.782838,0.856852,0.813464,0.838356,0.789218,0.777338,0.689932,1.0]],"seed_pair_procrustes_dist":[[0.0,0.093107,0.071424,0.087442,0.120241,0.074782,0.072269,0.05533,0.049356,0.065747,0.061598,0.068713,0.09882,0.060569,0.209481,0.10293,0.078033,0.082017,0.051262,0.04869,0.066248,0.07287,0.070243,0.096632,0.053041,0.063532,0.088777,0.053139,0.076643,0.100867],[0.093107,0.0,0.127165,0.071349,0.060043,0.073745,0.061686,0.091284,0.089017,0.078524,0.093012,0.11665,0.077411,0.081444,0.130853,0.051383,0.126361,0.047728,0.065212,0.064576,0.11555,0.136264,0.119377,0.056129,0.077613,0.104622,0.070325,0.098181,0.081681,0.057297],[0.071424,0.127165,0.0,0.139141,0.175568,0.118565,0.105664,0.070415,0.066737,0.084025,0.081029,0.058602,0.137086,0.094717,0.270546,0.149727,0.058425,0.124136,0.087697,0.090918,0.065049,0.064922,0.048083,0.146301,0.094282,0.067753,0.114077,0.065381,0.11226,0.146356],[0.087442,0.071349,0.139141,0.0,0.079411,0.054069,0.065165,0.094873,0.097361,0.080857,0.074761,0.114648,0.063143,0.064712,0.137105,0.079165,0.112827,0.062864,0.069897,0.080846,0.108828,0.11931,0.123898,0.083077,0.065102,0.101684,0.07769,0.093317,0.058209,0.081644],[0.120241,0.060043,0.175568,0.079411,0.0,0.089286,0.086941,0.119103,0.112857,0.096639,0.109832,0.13765,0.084418,0.09577,0.114717,0.059899,0.144339,0.072226,0.091949,0.091089,0.138362,0.153093,0.145893,0.073698,0.093134,0.127847,0.092822,0.125387,0.09979,0.0741],[0.074782,0.073745,0.118565,0.054069,0.089286,0.0,0.069258,0.091765,0.079955,0.074316,0.059614,0.106117,0.072879,0.056783,0.153491,0.091254,0.102207,0.065765,0.067725,0.077479,0.100095,0.106241,0.10677,0.076625,0.061194,0.090865,0.066055,0.087446,0.058891,0.090225],[0.072269,0.061686,0.105664,0.065165,0.086941,0.069258,0.0,0.062059,0.071748,0.059809,0.062285,0.08657,0.068946,0.05531,0.17045,0.075509,0.086293,0.054648,0.041423,0.056044,0.08616,0.105979,0.092235,0.091793,0.061804,0.07867,0.065412,0.067818,0.060236,0.077837],[0.05533,0.091284,0.070415,0.094873,0.119103,0.091765,0.062059,0.0,0.058394,0.063053,0.072738,0.062743,0.100976,0.073436,0.220814,0.107336,0.06934,0.081547,0.046643,0.056201,0.05193,0.082899,0.06663,0.115301,0.069213,0.058025,0.086835,0.040853,0.077584,0.104114],[0.049356,0.089017,0.066737,0.097361,0.112857,0.079955,0.071748,0.058394,0.0,0.057587,0.062537,0.072963,0.105914,0.067201,0.216301,0.106171,0.078483,0.081166,0.053157,0.051676,0.062574,0.077959,0.064823,0.102637,0.058908,0.054012,0.081999,0.055694,0.082401,0.095762],[0.065747,0.078524,0.084025,0.080857,0.096639,0.074316,0.059809,0.063053,0.057587,0.0,0.054862,0.082595,0.080759,0.061731,0.193573,0.08276,0.075888,0.060721,0.049507,0.059713,0.073761,0.091669,0.083035,0.092277,0.048826,0.062764,0.054679,0.06577,0.064649,0.07981],[0.061598,0.093012,0.081029,0.074761,0.109832,0.059614,0.062285,0.072738,0.062537,0.054862,0.0,0.079837,0.092827,0.048446,0.20336,0.107196,0.072822,0.075649,0.057862,0.070193,0.078762,0.072038,0.075794,0.101278,0.049685,0.069124,0.069217,0.065152,0.064438,0.106322],[0.068713,0.11665,0.058602,0.114648,0.13765,0.106117,0.08657,0.062743,0.072963,0.082595,0.079837,0.0,0.130644,0.089198,0.258963,0.140089,0.066658,0.12181,0.077599,0.08321,0.074399,0.072232,0.055921,0.141507,0.093188,0.079725,0.12025,0.060297,0.111081,0.144972],[0.09882,0.077411,0.137086,0.063143,0.084418,0.072879,0.068946,0.100976,0.105914,0.080759,0.092827,0.130644,0.0,0.072934,0.14001,0.077034,0.102848,0.061618,0.069932,0.08788,0.102252,0.129957,0.126408,0.101214,0.077762,0.093329,0.070434,0.099161,0.055946,0.072111],[0.060569,0.081444,0.094717,0.064712,0.09577,0.056783,0.05531,0.073436,0.067201,0.061731,0.048446,0.089198,0.072934,0.0,0.183778,0.095801,0.076764,0.063793,0.048795,0.059123,0.079998,0.088067,0.085127,0.099162,0.056054,0.07163,0.072695,0.07175,0.06357,0.091585],[0.209481,0.130853,0.270546,0.137105,0.114717,0.153491,0.17045,0.220814,0.216301,0.193573,0.20336,0.258963,0.14001,0.183778,0.0,0.121981,0.205212,0.128907,0.158211,0.162663,0.19722,0.21719,0.212678,0.129604,0.159178,0.187905,0.143906,0.186464,0.14439,0.12311],[0.10293,0.051383,0.149727,0.079165,0.059899,0.091254,0.075509,0.107336,0.106171,0.08276,0.107196,0.140089,0.077034,0.095801,0.121981,0.0,0.129036,0.058562,0.075216,0.074097,0.11984,0.1422,0.130201,0.063064,0.080689,0.1091,0.078036,0.105214,0.088444,0.055786],[0.078033,0.126361,0.058425,0.112827,0.144339,0.102207,0.086293,0.06934,0.078483,0.075888,0.072822,0.066658,0.102848,0.076764,0.205212,0.129036,0.0,0.116835,0.080781,0.095615,0.060001,0.075564,0.07347,0.154588,0.089328,0.066893,0.106074,0.072458,0.09258,0.137633],[0.082017,0.047728,0.124136,0.062864,0.072226,0.065765,0.054648,0.081547,0.081166,0.060721,0.075649,0.12181,0.061618,0.063793,0.128907,0.058562,0.116835,0.0,0.05082,0.060548,0.095495,0.119135,0.107299,0.072373,0.060533,0.083195,0.050178,0.084544,0.057963,0.051432],[0.051262,0.065212,0.087697,0.069897,0.091949,0.067725,0.041423,0.046643,0.053157,0.049507,0.057862,0.077599,0.069932,0.048795,0.158211,0.075216,0.080781,0.05082,0.0,0.040488,0.067113,0.089761,0.076364,0.091235,0.04931,0.056759,0.064994,0.052091,0.058302,0.076368],[0.04869,0.064576,0.090918,0.080846,0.091089,0.077479,0.056044,0.056201,0.051676,0.059713,0.070193,0.08321,0.08788,0.059123,0.162663,0.074097,0.095615,0.060548,0.040488,0.0,0.0756,0.097494,0.077753,0.082385,0.05863,0.071362,0.078101,0.061323,0.079649,0.079711],[0.066248,0.11555,0.065049,0.108828,0.138362,0.100095,0.08616,0.05193,0.062574,0.073761,0.078762,0.074399,0.102252,0.079998,0.19722,0.11984,0.060001,0.095495,0.067113,0.0756,0.0,0.075381,0.070656,0.138841,0.079524,0.050049,0.100345,0.052921,0.082807,0.120467],[0.07287,0.136264,0.064922,0.11931,0.153093,0.106241,0.105979,0.082899,0.077959,0.091669,0.072038,0.072232,0.129957,0.088067,0.21719,0.1422,0.075564,0.119135,0.089761,0.097494,0.075381,0.0,0.065377,0.15082,0.085305,0.076134,0.127406,0.071393,0.109741,0.15645],[0.070243,0.119377,0.048083,0.123898,0.145893,0.10677,0.092235,0.06663,0.064823,0.083035,0.075794,0.055921,0.126408,0.085127,0.212678,0.130201,0.07347,0.107299,0.076364,0.077753,0.070656,0.065377,0.0,0.13779,0.093975,0.075101,0.115526,0.065204,0.113148,0.146457],[0.096632,0.056129,0.146301,0.083077,0.073698,0.076625,0.091793,0.115301,0.102637,0.092277,0.101278,0.141507,0.101214,0.099162,0.129604,0.063064,0.154588,0.072373,0.091235,0.082385,0.138841,0.15082,0.13779,0.0,0.081678,0.11824,0.086428,0.105756,0.097834,0.083761],[0.053041,0.077613,0.094282,0.065102,0.093134,0.061194,0.061804,0.069213,0.058908,0.048826,0.049685,0.093188,0.077762,0.056054,0.159178,0.080689,0.089328,0.060533,0.04931,0.05863,0.079524,0.085305,0.093975,0.081678,0.0,0.063643,0.066453,0.061531,0.054621,0.079195],[0.063532,0.104622,0.067753,0.101684,0.127847,0.090865,0.07867,0.058025,0.054012,0.062764,0.069124,0.079725,0.093329,0.07163,0.187905,0.1091,0.066893,0.083195,0.056759,0.071362,0.050049,0.076134,0.075101,0.11824,0.063643,0.0,0.082269,0.058466,0.074508,0.102858],[0.088777,0.070325,0.114077,0.07769,0.092822,0.066055,0.065412,0.086835,0.081999,0.054679,0.069217,0.12025,0.070434,0.072695,0.143906,0.078036,0.106074,0.050178,0.064994,0.078101,0.100345,0.127406,0.115526,0.086428,0.066453,0.082269,0.0,0.085939,0.056693,0.068814],[0.053139,0.098181,0.065381,0.093317,0.125387,0.087446,0.067818,0.040853,0.055694,0.06577,0.065152,0.060297,0.099161,0.07175,0.186464,0.105214,0.072458,0.084544,0.052091,0.061323,0.052921,0.071393,0.065204,0.105756,0.061531,0.058466,0.085939,0.0,0.077416,0.112598],[0.076643,0.081681,0.11226,0.058209,0.09979,0.058891,0.060236,0.077584,0.082401,0.064649,0.064438,0.111081,0.055946,0.06357,0.14439,0.088444,0.09258,0.057963,0.058302,0.079649,0.082807,0.109741,0.113148,0.097834,0.054621,0.074508,0.056693,0.077416,0.0,0.07895],[0.100867,0.057297,0.146356,0.081644,0.0741,0.090225,0.077837,0.104114,0.095762,0.07981,0.106322,0.144972,0.072111,0.091585,0.12311,0.055786,0.137633,0.051432,0.076368,0.079711,0.120467,0.15645,0.146457,0.083761,0.079195,0.102858,0.068814,0.112598,0.07895,0.0]],"off_diagonal_summary":{"ari_mean":0.772969,"ari_min":0.637305,"ari_std":0.069768,"procrustes_mean":0.089508,"procrustes_max":0.270546},"framework_axis":"B-6 follow-up: deep-method seed stability for CAE-1D \u2014 pairwise cluster ARI + Procrustes between latent embeddings across N_SEEDS torch initialisations","generated_at":"2026-05-09T18:43:10Z","builder_version":"build_deep_seed_stability v0.1"}