{"subset_code":"GEOCHEM","mask_id":"no_water","mask_label":"Water-bands removed (1350-1430 + 1800-1950 + 2480-2500 nm)","mask_description":"Drop atmospheric water-vapour absorption bands.","modality":"swir_low","topic_count":5,"document_count":106,"vocabulary_size":222,"n_bands_full":268,"n_bands_kept":222,"kept_band_indices":[0,1,2,3,4,5,6,7,8,9,10,11,12,13,14,15,16,17,18,19,20,21,22,23,24,25,26,27,28,29,30,31,32,33,34,35,36,37,38,39,40,41,42,43,44,45,46,47,48,49,50,51,52,53,54,55,56,57,58,59,60,61,77,78,79,80,81,82,83,84,85,86,87,88,89,90,91,92,93,94,95,96,97,98,99,100,101,102,103,104,105,106,107,108,109,110,111,112,113,114,115,116,117,118,119,120,121,122,123,124,125,126,127,128,129,130,131,132,133,134,135,136,137,138,139,140,141,169,170,171,172,173,174,175,176,177,178,179,180,181,182,183,184,185,186,187,188,189,190,191,192,193,194,195,196,197,198,199,200,201,202,203,204,205,206,207,208,209,210,211,212,213,214,215,216,217,218,219,220,221,222,223,224,225,226,227,228,229,230,231,232,233,234,235,236,237,238,239,240,241,242,243,244,245,246,247,248,249,250,251,252,253,254,255,256,257,258,259,260,261,262,263],"wavelengths_nm_kept_first_last":[1000.21,2477.1],"wavelengths_nm_kept":[1000.21,1005.87,1011.53,1017.19,1022.85,1028.51,1034.17,1039.83,1045.48,1051.14,1056.8,1062.46,1068.12,1073.77,1079.43,1085.09,1090.75,1096.4,1102.06,1107.72,1113.37,1119.03,1124.69,1130.34,1136.0,1141.65,1147.31,1152.97,1158.62,1164.28,1169.93,1175.59,1181.24,1186.89,1192.55,1198.2,1203.86,1209.51,1215.16,1220.81,1226.47,1232.12,1237.77,1243.42,1249.08,1254.73,1260.38,1266.03,1271.68,1277.33,1282.98,1288.63,1294.28,1299.93,1305.58,1311.23,1316.88,1322.53,1328.18,1333.83,1339.47,1345.12,1435.45,1441.09,1446.73,1452.37,1458.01,1463.66,1469.3,1474.94,1480.58,1486.22,1491.86,1497.5,1503.14,1508.78,1514.42,1520.05,1525.69,1531.33,1536.97,1542.6,1548.24,1553.87,1559.51,1565.15,1570.78,1576.42,1582.05,1587.68,1593.32,1598.95,1604.58,1610.22,1615.85,1621.48,1627.11,1632.74,1638.37,1644.0,1649.63,1655.26,1660.89,1666.52,1672.15,1677.77,1683.4,1689.03,1694.65,1700.28,1705.91,1711.53,1717.16,1722.78,1728.4,1734.03,1739.65,1745.27,1750.89,1756.52,1762.14,1767.76,1773.38,1779.0,1784.62,1790.24,1795.85,1952.97,1958.58,1964.18,1969.78,1975.39,1980.99,1986.59,1992.19,1997.79,2003.39,2008.99,2014.59,2020.19,2025.78,2031.38,2036.98,2042.57,2048.17,2053.76,2059.36,2064.95,2070.54,2076.14,2081.73,2087.32,2092.91,2098.5,2104.09,2109.68,2115.27,2120.85,2126.44,2132.03,2137.61,2143.2,2148.78,2154.37,2159.95,2165.53,2171.11,2176.7,2182.28,2187.86,2193.44,2199.01,2204.59,2210.17,2215.75,2221.32,2226.9,2232.47,2238.05,2243.62,2249.2,2254.77,2260.34,2265.91,2271.48,2277.05,2282.62,2288.19,2293.76,2299.32,2304.89,2310.46,2316.02,2321.58,2327.15,2332.71,2338.27,2343.84,2349.4,2354.96,2360.52,2366.07,2371.63,2377.19,2382.75,2388.3,2393.86,2399.41,2404.97,2410.52,2416.07,2421.62,2427.17,2432.72,2438.27,2443.82,2449.37,2454.92,2460.46,2466.01,2471.55,2477.1],"topic_prevalence":[0.299237,0.002491,0.385754,0.002594,0.309924],"topic_distance_cosine":[[0.0,0.010269,0.022208,0.017441,0.028123],[0.010269,0.0,0.010687,0.01188,0.012537],[0.022208,0.010687,0.0,0.019069,0.022967],[0.017441,0.01188,0.019069,0.0,0.017526],[0.028123,0.012537,0.022967,0.017526,0.0]],"top_words_per_topic_lambda_05":[["swir_1964nm","swir_1627nm","swir_1992nm","swir_1130nm","swir_1232nm","swir_1543nm","swir_1198nm","swir_1475nm","swir_1970nm","swir_1029nm","swir_1650nm","swir_2221nm","swir_2227nm","swir_2138nm","swir_1768nm"],["swir_1029nm","swir_1130nm","swir_1272nm","swir_1000nm","swir_1147nm","swir_1987nm","swir_1051nm","swir_1074nm","swir_1757nm","swir_1193nm","swir_2210nm","swir_1633nm","swir_1170nm","swir_1975nm","swir_1498nm"],["swir_1458nm","swir_1125nm","swir_1057nm","swir_2383nm","swir_1283nm","swir_1176nm","swir_1306nm","swir_1554nm","swir_1006nm","swir_1102nm","swir_1441nm","swir_1034nm","swir_1096nm","swir_2037nm","swir_1051nm"],["swir_1198nm","swir_1796nm","swir_1509nm","swir_1779nm","swir_2188nm","swir_2227nm","swir_1633nm","swir_1130nm","swir_2054nm","swir_2388nm","swir_1345nm","swir_1091nm","swir_2310nm","swir_1012nm","swir_1243nm"],["swir_1323nm","swir_1238nm","swir_1345nm","swir_1317nm","swir_1633nm","swir_2126nm","swir_1204nm","swir_1153nm","swir_1576nm","swir_1266nm","swir_1079nm","swir_1672nm","swir_2210nm","swir_1678nm","swir_1447nm"]],"p_covariate_given_topic_dominant":[[{"covariate":"fine","count":3,"p":0.6},{"covariate":"coarse","count":2,"p":0.4}],[],[{"covariate":"fine","count":53,"p":0.5520833333333334},{"covariate":"coarse","count":43,"p":0.4479166666666667}],[],[{"covariate":"coarse","count":5,"p":1.0},{"covariate":"fine","count":0,"p":0.0}]],"docs_per_topic_dominant":[5,0,96,0,5],"perplexity_train":228.72057346501828,"mean_confidence":0.39105913043022156,"doc_names":["GCH-0001__m0__01","GCH-0001__m1__02","GCH-0001__m2__03","GCH-0001__m3__04","GCH-0002__m0__01","GCH-0002__m1__02","GCH-0002__m2__03","GCH-0002__m3__04","GCH-0003__m0__01","GCH-0003__m1__02","GCH-0003__m2__03","GCH-0003__m3__04","GCH-0004__m0__01","GCH-0004__m1__02","GCH-0004__m2__03","GCH-0004__m3__04","GCH-0005__m0__01","GCH-0005__m1__02","GCH-0005__m2__03","GCH-0005__m3__04","GCH-0006__m0__01","GCH-0006__m1__02","GCH-0006__m2__03","GCH-0006__m3__04","GCH-0007__m0__01","GCH-0007__m1__02","GCH-0007__m2__03","GCH-0007__m3__04","GCH-0008__m0__01","GCH-0008__m1__02","GCH-0008__m2__03","GCH-0008__m3__04","GCH-0009__m0__01","GCH-0009__m1__02","GCH-0009__m2__03","GCH-0009__m3__04","GCH-0010__m0__01","GCH-0010__m1__02","GCH-0010__m2__03","GCH-0010__m3__04","GCH-0011__m0__01","GCH-0011__m1__02","GCH-0011__m2__03","GCH-0011__m3__04","GCH-0012__m0__01","GCH-0012__m1__02","GCH-0012__m2__03","GCH-0012__m3__04","GCH-0013__m0__01","GCH-0013__m1__02","GCH-0013__m2__03","GCH-0013__m3__04","GCH-0014__m0__01","GCH-0014__m1__02","GCH-0014__m2__03","GCH-0014__m3__04","GCH-0015__m0__01","GCH-0015__m1__02","GCH-0015__m2__03","GCH-0015__m3__04","GCH-0016__m0__01","GCH-0016__m1__02","GCH-0016__m2__03","GCH-0016__m3__04","GCH-0017__m0__01","GCH-0017__m1__02","GCH-0017__m2__03","GCH-0017__m3__04","GCH-0018__m0__01","GCH-0018__m1__02","GCH-0018__m2__03","GCH-0018__m3__04","GCH-0019__m0__01","GCH-0019__m1__02","GCH-0019__m2__03","GCH-0019__m3__04","GCH-0020__m0__01","GCH-0020__m1__02","GCH-0020__m2__03","GCH-0020__m3__04","GCH-0021__m0__01","GCH-0021__m1__02","GCH-0021__m2__03","GCH-0021__m3__04","GCH-0022__m0__01","GCH-0022__m1__02","GCH-0022__m2__03","GCH-0022__m3__04","GCH-0023__m0__01","GCH-0023__m1__02","GCH-0024__m0__01","GCH-0024__m1__02","GCH-0024__m2__03","GCH-0024__m3__04","GCH-0025__m0__01","GCH-0025__m1__02","GCH-0025__m2__03","GCH-0025__m3__04","GCH-0026__m0__01","GCH-0026__m1__02","GCH-0026__m2__03","GCH-0026__m3__04","GCH-0027__m0__01","GCH-0027__m1__02","GCH-0028__m0__01","GCH-0028__m1__02"],"sample_names":["GCH-0001","GCH-0001","GCH-0001","GCH-0001","GCH-0002","GCH-0002","GCH-0002","GCH-0002","GCH-0003","GCH-0003","GCH-0003","GCH-0003","GCH-0004","GCH-0004","GCH-0004","GCH-0004","GCH-0005","GCH-0005","GCH-0005","GCH-0005","GCH-0006","GCH-0006","GCH-0006","GCH-0006","GCH-0007","GCH-0007","GCH-0007","GCH-0007","GCH-0008","GCH-0008","GCH-0008","GCH-0008","GCH-0009","GCH-0009","GCH-0009","GCH-0009","GCH-0010","GCH-0010","GCH-0010","GCH-0010","GCH-0011","GCH-0011","GCH-0011","GCH-0011","GCH-0012","GCH-0012","GCH-0012","GCH-0012","GCH-0013","GCH-0013","GCH-0013","GCH-0013","GCH-0014","GCH-0014","GCH-0014","GCH-0014","GCH-0015","GCH-0015","GCH-0015","GCH-0015","GCH-0016","GCH-0016","GCH-0016","GCH-0016","GCH-0017","GCH-0017","GCH-0017","GCH-0017","GCH-0018","GCH-0018","GCH-0018","GCH-0018","GCH-0019","GCH-0019","GCH-0019","GCH-0019","GCH-0020","GCH-0020","GCH-0020","GCH-0020","GCH-0021","GCH-0021","GCH-0021","GCH-0021","GCH-0022","GCH-0022","GCH-0022","GCH-0022","GCH-0023","GCH-0023","GCH-0024","GCH-0024","GCH-0024","GCH-0024","GCH-0025","GCH-0025","GCH-0025","GCH-0025","GCH-0026","GCH-0026","GCH-0026","GCH-0026","GCH-0027","GCH-0027","GCH-0028","GCH-0028"],"covariates":["coarse","coarse","fine","fine","coarse","coarse","fine","fine","coarse","coarse","fine","fine","coarse","coarse","fine","fine","coarse","coarse","fine","fine","coarse","coarse","fine","fine","coarse","coarse","fine","fine","coarse","coarse","fine","fine","coarse","coarse","fine","fine","coarse","coarse","fine","fine","coarse","coarse","fine","fine","coarse","coarse","fine","fine","coarse","coarse","fine","fine","coarse","coarse","fine","fine","coarse","coarse","fine","fine","coarse","coarse","fine","fine","coarse","coarse","fine","fine","coarse","coarse","fine","fine","coarse","coarse","fine","fine","coarse","coarse","fine","fine","coarse","coarse","fine","fine","coarse","coarse","fine","fine","fine","fine","coarse","coarse","fine","fine","coarse","coarse","fine","fine","coarse","coarse","fine","fine","fine","fine","fine","fine"],"theta_per_doc":[[0.3268,0.0004,0.3753,0.0005,0.297],[0.3057,0.0004,0.3705,0.0005,0.3229],[0.3183,0.0002,0.3637,0.0003,0.3175],[0.3092,0.0002,0.3668,0.0002,0.3235],[0.3117,0.0004,0.4084,0.0004,0.2791],[0.3316,0.0005,0.366,0.0006,0.3013],[0.2846,0.0003,0.3701,0.0003,0.3448],[0.3269,0.0002,0.3631,0.0003,0.3095],[0.3477,0.0004,0.3854,0.0005,0.2659],[0.3034,0.0005,0.3831,0.0005,0.3125],[0.306,0.0003,0.3569,0.0003,0.3366],[0.3031,0.0002,0.3557,0.0003,0.3407],[0.332,0.0005,0.3767,0.0006,0.2901],[0.2974,0.0006,0.4302,0.0007,0.2711],[0.3022,0.0003,0.3706,0.0003,0.3266],[0.312,0.0003,0.3737,0.0003,0.3138],[0.2811,0.0005,0.4155,0.0006,0.3024],[0.3318,0.0005,0.3696,0.0006,0.2974],[0.3229,0.0003,0.3634,0.0004,0.313],[0.3232,0.0003,0.3663,0.0004,0.3098],[0.3148,0.0005,0.4064,0.0006,0.2777],[0.237,0.0006,0.4366,0.0007,0.3251],[0.2752,0.0003,0.3923,0.0003,0.3319],[0.2955,0.0003,0.3813,0.0003,0.3227],[0.3304,0.0021,0.3653,0.0024,0.2998],[0.3304,0.0021,0.3653,0.0024,0.2998],[0.3142,0.0004,0.3729,0.0005,0.312],[0.3104,0.0004,0.3874,0.0004,0.3014],[0.3218,0.0021,0.3873,0.0024,0.2864],[0.0708,0.0038,0.6579,0.0045,0.263],[0.312,0.0003,0.3771,0.0004,0.3103],[0.3128,0.0003,0.3774,0.0003,0.3092],[0.3961,0.001,0.3422,0.0012,0.2595],[0.2574,0.0012,0.3592,0.0014,0.3807],[0.3369,0.0004,0.3653,0.0005,0.2969],[0.3317,0.0003,0.366,0.0004,0.3015],[0.3153,0.0004,0.395,0.0005,0.2888],[0.3122,0.0006,0.36,0.0007,0.3266],[0.317,0.0004,0.3548,0.0004,0.3274],[0.3058,0.0003,0.3707,0.0004,0.3228],[0.2582,0.0006,0.3878,0.0007,0.3527],[0.2787,0.0005,0.4208,0.0006,0.2994],[0.2907,0.0003,0.3661,0.0003,0.3427],[0.2888,0.0002,0.3765,0.0003,0.3342],[0.2877,0.0003,0.3892,0.0004,0.3224],[0.3021,0.0003,0.3881,0.0004,0.3091],[0.2708,0.0003,0.3872,0.0004,0.3413],[0.3145,0.0003,0.3721,0.0004,0.3127],[0.3299,0.0004,0.3668,0.0005,0.3024],[0.3133,0.0004,0.3653,0.0004,0.3206],[0.3139,0.0004,0.3674,0.0005,0.3179],[0.3106,0.0004,0.3734,0.0004,0.3151],[0.2006,0.003,0.291,0.0034,0.502],[0.2032,0.0014,0.4847,0.0017,0.309],[0.3155,0.0003,0.3783,0.0004,0.3055],[0.2934,0.0003,0.3863,0.0004,0.3195],[0.2,0.2,0.2,0.2,0.2],[0.0127,0.0061,0.7997,0.007,0.1746],[0.2962,0.0003,0.391,0.0003,0.3122],[0.2732,0.0003,0.3965,0.0003,0.3297],[0.3346,0.0021,0.364,0.0024,0.2969],[0.2557,0.0012,0.3347,0.0014,0.4071],[0.2782,0.0003,0.3881,0.0003,0.3331],[0.2835,0.0003,0.3884,0.0003,0.3275],[0.2978,0.0006,0.3914,0.0007,0.3095],[0.2635,0.0006,0.4099,0.0008,0.3253],[0.2827,0.0003,0.4093,0.0004,0.3073],[0.323,0.0004,0.3637,0.0004,0.3125],[0.3299,0.0004,0.3682,0.0004,0.3011],[0.3317,0.0003,0.366,0.0004,0.3015],[0.3247,0.0003,0.3745,0.0004,0.3001],[0.3112,0.0003,0.3815,0.0004,0.3066],[0.2929,0.0007,0.4245,0.0008,0.2812],[0.2897,0.0008,0.3545,0.0009,0.3541],[0.2897,0.0003,0.3955,0.0003,0.3141],[0.3168,0.0003,0.3713,0.0003,0.3113],[0.3034,0.0005,0.4087,0.0006,0.2868],[0.2799,0.0007,0.405,0.0009,0.3135],[0.2889,0.0003,0.3954,0.0003,0.315],[0.317,0.0003,0.3893,0.0004,0.293],[0.3004,0.0005,0.4171,0.0006,0.2814],[0.285,0.0005,0.3549,0.0006,0.3591],[0.3331,0.0002,0.3633,0.0002,0.3032],[0.3326,0.0002,0.3656,0.0002,0.3013],[0.2953,0.0004,0.3893,0.0005,0.3145],[0.2937,0.0008,0.3468,0.0009,0.3579],[0.3327,0.0002,0.3686,0.0002,0.2983],[0.302,0.0002,0.3869,0.0002,0.3107],[0.3166,0.0003,0.3903,0.0004,0.2924],[0.3045,0.0004,0.3849,0.0004,0.3098],[0.2724,0.0005,0.3981,0.0005,0.3284],[0.2013,0.0009,0.4646,0.001,0.3322],[0.3191,0.0003,0.386,0.0003,0.2944],[0.3062,0.0004,0.4046,0.0005,0.2884],[0.3085,0.0006,0.3713,0.0007,0.3189],[0.2421,0.0007,0.4145,0.0009,0.3418],[0.3175,0.0003,0.3845,0.0003,0.2974],[0.3317,0.0003,0.3661,0.0004,0.3016],[0.2942,0.0005,0.4218,0.0006,0.2829],[0.2512,0.0006,0.4102,0.0007,0.3373],[0.2882,0.0002,0.3882,0.0003,0.3231],[0.3122,0.0003,0.3752,0.0004,0.3119],[0.4238,0.0011,0.2678,0.0013,0.306],[0.391,0.0006,0.3774,0.0007,0.2303],[0.3717,0.0006,0.4184,0.0007,0.2087],[0.3683,0.0005,0.3496,0.0006,0.281]],"lda_config":{"method":"sklearn.LatentDirichletAllocation online","max_iter":60,"doc_topic_prior":0.45,"topic_word_prior":0.2,"random_state":42,"wordification":"band-frequency","quantization_scale":12},"generated_at":"2026-05-14T01:10:11Z","builder_version":"build_band_masked_topic_models_hidsag v0.1"}