{"subset_code":"GEOCHEM","mask_id":"swir","mask_label":"SWIR-only (1100-2500 nm)","mask_description":"Shortwave-infrared only. On HIDSAG swir_low this keeps the full spectrum (no-op).","modality":"swir_low","topic_count":5,"document_count":106,"vocabulary_size":250,"n_bands_full":268,"n_bands_kept":250,"kept_band_indices":[18,19,20,21,22,23,24,25,26,27,28,29,30,31,32,33,34,35,36,37,38,39,40,41,42,43,44,45,46,47,48,49,50,51,52,53,54,55,56,57,58,59,60,61,62,63,64,65,66,67,68,69,70,71,72,73,74,75,76,77,78,79,80,81,82,83,84,85,86,87,88,89,90,91,92,93,94,95,96,97,98,99,100,101,102,103,104,105,106,107,108,109,110,111,112,113,114,115,116,117,118,119,120,121,122,123,124,125,126,127,128,129,130,131,132,133,134,135,136,137,138,139,140,141,142,143,144,145,146,147,148,149,150,151,152,153,154,155,156,157,158,159,160,161,162,163,164,165,166,167,168,169,170,171,172,173,174,175,176,177,178,179,180,181,182,183,184,185,186,187,188,189,190,191,192,193,194,195,196,197,198,199,200,201,202,203,204,205,206,207,208,209,210,211,212,213,214,215,216,217,218,219,220,221,222,223,224,225,226,227,228,229,230,231,232,233,234,235,236,237,238,239,240,241,242,243,244,245,246,247,248,249,250,251,252,253,254,255,256,257,258,259,260,261,262,263,264,265,266,267],"wavelengths_nm_kept_first_last":[1102.06,2499.26],"wavelengths_nm_kept":[1102.06,1107.72,1113.37,1119.03,1124.69,1130.34,1136.0,1141.65,1147.31,1152.97,1158.62,1164.28,1169.93,1175.59,1181.24,1186.89,1192.55,1198.2,1203.86,1209.51,1215.16,1220.81,1226.47,1232.12,1237.77,1243.42,1249.08,1254.73,1260.38,1266.03,1271.68,1277.33,1282.98,1288.63,1294.28,1299.93,1305.58,1311.23,1316.88,1322.53,1328.18,1333.83,1339.47,1345.12,1350.77,1356.42,1362.06,1367.71,1373.36,1379.0,1384.65,1390.29,1395.94,1401.58,1407.23,1412.87,1418.52,1424.16,1429.8,1435.45,1441.09,1446.73,1452.37,1458.01,1463.66,1469.3,1474.94,1480.58,1486.22,1491.86,1497.5,1503.14,1508.78,1514.42,1520.05,1525.69,1531.33,1536.97,1542.6,1548.24,1553.87,1559.51,1565.15,1570.78,1576.42,1582.05,1587.68,1593.32,1598.95,1604.58,1610.22,1615.85,1621.48,1627.11,1632.74,1638.37,1644.0,1649.63,1655.26,1660.89,1666.52,1672.15,1677.77,1683.4,1689.03,1694.65,1700.28,1705.91,1711.53,1717.16,1722.78,1728.4,1734.03,1739.65,1745.27,1750.89,1756.52,1762.14,1767.76,1773.38,1779.0,1784.62,1790.24,1795.85,1801.47,1807.09,1812.71,1818.32,1823.94,1829.56,1835.17,1840.79,1846.4,1852.01,1857.63,1863.24,1868.85,1874.46,1880.07,1885.68,1891.3,1896.9,1902.51,1908.12,1913.73,1919.34,1924.95,1930.55,1936.16,1941.76,1947.37,1952.97,1958.58,1964.18,1969.78,1975.39,1980.99,1986.59,1992.19,1997.79,2003.39,2008.99,2014.59,2020.19,2025.78,2031.38,2036.98,2042.57,2048.17,2053.76,2059.36,2064.95,2070.54,2076.14,2081.73,2087.32,2092.91,2098.5,2104.09,2109.68,2115.27,2120.85,2126.44,2132.03,2137.61,2143.2,2148.78,2154.37,2159.95,2165.53,2171.11,2176.7,2182.28,2187.86,2193.44,2199.01,2204.59,2210.17,2215.75,2221.32,2226.9,2232.47,2238.05,2243.62,2249.2,2254.77,2260.34,2265.91,2271.48,2277.05,2282.62,2288.19,2293.76,2299.32,2304.89,2310.46,2316.02,2321.58,2327.15,2332.71,2338.27,2343.84,2349.4,2354.96,2360.52,2366.07,2371.63,2377.19,2382.75,2388.3,2393.86,2399.41,2404.97,2410.52,2416.07,2421.62,2427.17,2432.72,2438.27,2443.82,2449.37,2454.92,2460.46,2466.01,2471.55,2477.1,2482.64,2488.18,2493.72,2499.26],"topic_prevalence":[0.251865,0.002501,0.332837,0.283806,0.128991],"topic_distance_cosine":[[0.0,0.015952,0.027638,0.024137,0.021649],[0.015952,0.0,0.020458,0.017101,0.018346],[0.027638,0.020458,0.0,0.030773,0.023997],[0.024137,0.017101,0.030773,0.0,0.026748],[0.021649,0.018346,0.023997,0.026748,0.0]],"top_words_per_topic_lambda_05":[["swir_1830nm","swir_1492nm","swir_1334nm","swir_2003nm","swir_1858nm","swir_1125nm","swir_1396nm","swir_1520nm","swir_1514nm","swir_2494nm","swir_1300nm","swir_1964nm","swir_2182nm","swir_1970nm","swir_2138nm"],["swir_1616nm","swir_1914nm","swir_1762nm","swir_1475nm","swir_1846nm","swir_2327nm","swir_1998nm","swir_1683nm","swir_1136nm","swir_1317nm","swir_2020nm","swir_1215nm","swir_1113nm","swir_1108nm","swir_1824nm"],["swir_1255nm","swir_1159nm","swir_1153nm","swir_1317nm","swir_1936nm","swir_2009nm","swir_1221nm","swir_1226nm","swir_1424nm","swir_1683nm","swir_1992nm","swir_1204nm","swir_1187nm","swir_1193nm","swir_1142nm"],["swir_1582nm","swir_2199nm","swir_1621nm","swir_1339nm","swir_2366nm","swir_1717nm","swir_2031nm","swir_2115nm","swir_2043nm","swir_1903nm","swir_1351nm","swir_1464nm","swir_2132nm","swir_1283nm","swir_1469nm"],["swir_1306nm","swir_1159nm","swir_1481nm","swir_1914nm","swir_1136nm","swir_2009nm","swir_1130nm","swir_2110nm","swir_1452nm","swir_1311nm","swir_1260nm","swir_1486nm","swir_1430nm","swir_1119nm","swir_1650nm"]],"p_covariate_given_topic_dominant":[[{"covariate":"coarse","count":2,"p":1.0},{"covariate":"fine","count":0,"p":0.0}],[],[{"covariate":"fine","count":31,"p":0.5166666666666667},{"covariate":"coarse","count":29,"p":0.48333333333333334}],[{"covariate":"fine","count":25,"p":0.5681818181818182},{"covariate":"coarse","count":19,"p":0.4318181818181818}],[]],"docs_per_topic_dominant":[2,0,60,44,0],"perplexity_train":258.5656006679182,"mean_confidence":0.3739301860332489,"doc_names":["GCH-0001__m0__01","GCH-0001__m1__02","GCH-0001__m2__03","GCH-0001__m3__04","GCH-0002__m0__01","GCH-0002__m1__02","GCH-0002__m2__03","GCH-0002__m3__04","GCH-0003__m0__01","GCH-0003__m1__02","GCH-0003__m2__03","GCH-0003__m3__04","GCH-0004__m0__01","GCH-0004__m1__02","GCH-0004__m2__03","GCH-0004__m3__04","GCH-0005__m0__01","GCH-0005__m1__02","GCH-0005__m2__03","GCH-0005__m3__04","GCH-0006__m0__01","GCH-0006__m1__02","GCH-0006__m2__03","GCH-0006__m3__04","GCH-0007__m0__01","GCH-0007__m1__02","GCH-0007__m2__03","GCH-0007__m3__04","GCH-0008__m0__01","GCH-0008__m1__02","GCH-0008__m2__03","GCH-0008__m3__04","GCH-0009__m0__01","GCH-0009__m1__02","GCH-0009__m2__03","GCH-0009__m3__04","GCH-0010__m0__01","GCH-0010__m1__02","GCH-0010__m2__03","GCH-0010__m3__04","GCH-0011__m0__01","GCH-0011__m1__02","GCH-0011__m2__03","GCH-0011__m3__04","GCH-0012__m0__01","GCH-0012__m1__02","GCH-0012__m2__03","GCH-0012__m3__04","GCH-0013__m0__01","GCH-0013__m1__02","GCH-0013__m2__03","GCH-0013__m3__04","GCH-0014__m0__01","GCH-0014__m1__02","GCH-0014__m2__03","GCH-0014__m3__04","GCH-0015__m0__01","GCH-0015__m1__02","GCH-0015__m2__03","GCH-0015__m3__04","GCH-0016__m0__01","GCH-0016__m1__02","GCH-0016__m2__03","GCH-0016__m3__04","GCH-0017__m0__01","GCH-0017__m1__02","GCH-0017__m2__03","GCH-0017__m3__04","GCH-0018__m0__01","GCH-0018__m1__02","GCH-0018__m2__03","GCH-0018__m3__04","GCH-0019__m0__01","GCH-0019__m1__02","GCH-0019__m2__03","GCH-0019__m3__04","GCH-0020__m0__01","GCH-0020__m1__02","GCH-0020__m2__03","GCH-0020__m3__04","GCH-0021__m0__01","GCH-0021__m1__02","GCH-0021__m2__03","GCH-0021__m3__04","GCH-0022__m0__01","GCH-0022__m1__02","GCH-0022__m2__03","GCH-0022__m3__04","GCH-0023__m0__01","GCH-0023__m1__02","GCH-0024__m0__01","GCH-0024__m1__02","GCH-0024__m2__03","GCH-0024__m3__04","GCH-0025__m0__01","GCH-0025__m1__02","GCH-0025__m2__03","GCH-0025__m3__04","GCH-0026__m0__01","GCH-0026__m1__02","GCH-0026__m2__03","GCH-0026__m3__04","GCH-0027__m0__01","GCH-0027__m1__02","GCH-0028__m0__01","GCH-0028__m1__02"],"sample_names":["GCH-0001","GCH-0001","GCH-0001","GCH-0001","GCH-0002","GCH-0002","GCH-0002","GCH-0002","GCH-0003","GCH-0003","GCH-0003","GCH-0003","GCH-0004","GCH-0004","GCH-0004","GCH-0004","GCH-0005","GCH-0005","GCH-0005","GCH-0005","GCH-0006","GCH-0006","GCH-0006","GCH-0006","GCH-0007","GCH-0007","GCH-0007","GCH-0007","GCH-0008","GCH-0008","GCH-0008","GCH-0008","GCH-0009","GCH-0009","GCH-0009","GCH-0009","GCH-0010","GCH-0010","GCH-0010","GCH-0010","GCH-0011","GCH-0011","GCH-0011","GCH-0011","GCH-0012","GCH-0012","GCH-0012","GCH-0012","GCH-0013","GCH-0013","GCH-0013","GCH-0013","GCH-0014","GCH-0014","GCH-0014","GCH-0014","GCH-0015","GCH-0015","GCH-0015","GCH-0015","GCH-0016","GCH-0016","GCH-0016","GCH-0016","GCH-0017","GCH-0017","GCH-0017","GCH-0017","GCH-0018","GCH-0018","GCH-0018","GCH-0018","GCH-0019","GCH-0019","GCH-0019","GCH-0019","GCH-0020","GCH-0020","GCH-0020","GCH-0020","GCH-0021","GCH-0021","GCH-0021","GCH-0021","GCH-0022","GCH-0022","GCH-0022","GCH-0022","GCH-0023","GCH-0023","GCH-0024","GCH-0024","GCH-0024","GCH-0024","GCH-0025","GCH-0025","GCH-0025","GCH-0025","GCH-0026","GCH-0026","GCH-0026","GCH-0026","GCH-0027","GCH-0027","GCH-0028","GCH-0028"],"covariates":["coarse","coarse","fine","fine","coarse","coarse","fine","fine","coarse","coarse","fine","fine","coarse","coarse","fine","fine","coarse","coarse","fine","fine","coarse","coarse","fine","fine","coarse","coarse","fine","fine","coarse","coarse","fine","fine","coarse","coarse","fine","fine","coarse","coarse","fine","fine","coarse","coarse","fine","fine","coarse","coarse","fine","fine","coarse","coarse","fine","fine","coarse","coarse","fine","fine","coarse","coarse","fine","fine","coarse","coarse","fine","fine","coarse","coarse","fine","fine","coarse","coarse","fine","fine","coarse","coarse","fine","fine","coarse","coarse","fine","fine","coarse","coarse","fine","fine","coarse","coarse","fine","fine","fine","fine","coarse","coarse","fine","fine","coarse","coarse","fine","fine","coarse","coarse","fine","fine","fine","fine","fine","fine"],"theta_per_doc":[[0.2875,0.0004,0.2262,0.3444,0.1416],[0.2426,0.0004,0.3017,0.3035,0.1518],[0.2641,0.0002,0.3015,0.2976,0.1367],[0.2681,0.0002,0.2804,0.3129,0.1383],[0.2843,0.0004,0.2199,0.3435,0.1519],[0.2892,0.0005,0.226,0.3495,0.1348],[0.2544,0.0003,0.318,0.2867,0.1407],[0.2719,0.0002,0.2945,0.2976,0.1357],[0.2977,0.0004,0.2466,0.3231,0.1322],[0.2321,0.0005,0.4003,0.2443,0.1228],[0.2451,0.0003,0.3592,0.2627,0.1328],[0.2597,0.0002,0.3007,0.2996,0.1397],[0.287,0.0005,0.243,0.3327,0.1367],[0.2377,0.0006,0.4069,0.2283,0.1264],[0.2672,0.0003,0.3135,0.2883,0.1307],[0.2688,0.0003,0.3159,0.2896,0.1254],[0.2691,0.0005,0.2579,0.3296,0.1429],[0.2877,0.0005,0.2262,0.35,0.1357],[0.2633,0.0003,0.3219,0.279,0.1356],[0.2921,0.0003,0.2326,0.3423,0.1327],[0.2886,0.0005,0.233,0.3356,0.1423],[0.233,0.0006,0.3782,0.2564,0.1317],[0.2384,0.0003,0.3579,0.2689,0.1346],[0.2625,0.0003,0.2988,0.303,0.1354],[0.2896,0.0021,0.2252,0.3509,0.1323],[0.2896,0.0021,0.2252,0.3509,0.1323],[0.2941,0.0004,0.2409,0.3355,0.1291],[0.2641,0.0004,0.3321,0.2814,0.1221],[0.2896,0.0021,0.2252,0.3509,0.1323],[0.0061,0.0039,0.9779,0.006,0.0062],[0.2513,0.0003,0.3417,0.279,0.1278],[0.2815,0.0003,0.2625,0.3174,0.1383],[0.2999,0.001,0.2887,0.2953,0.115],[0.1461,0.0012,0.6037,0.1362,0.1128],[0.2866,0.0004,0.2472,0.338,0.1278],[0.2892,0.0003,0.2261,0.3493,0.135],[0.2912,0.0004,0.2298,0.3428,0.1359],[0.2539,0.0005,0.3469,0.2641,0.1345],[0.2663,0.0004,0.3003,0.2983,0.1348],[0.2645,0.0003,0.3073,0.2936,0.1343],[0.2302,0.0006,0.3954,0.2388,0.135],[0.2367,0.0005,0.3733,0.2457,0.1438],[0.2439,0.0003,0.3492,0.2685,0.1381],[0.2502,0.0002,0.3422,0.2711,0.1362],[0.2606,0.0003,0.302,0.3013,0.1357],[0.2562,0.0003,0.3017,0.2922,0.1497],[0.2599,0.0003,0.3314,0.2771,0.1312],[0.2509,0.0003,0.3435,0.2729,0.1324],[0.2892,0.0004,0.2261,0.3494,0.1349],[0.2609,0.0004,0.3153,0.2864,0.137],[0.2504,0.0004,0.3466,0.2726,0.13],[0.269,0.0004,0.3202,0.2907,0.1197],[0.0071,0.0029,0.9706,0.0061,0.0133],[0.1084,0.0014,0.7471,0.0768,0.0662],[0.2547,0.0003,0.3365,0.2789,0.1295],[0.2981,0.0003,0.2574,0.3077,0.1366],[0.2,0.2,0.2,0.2,0.2],[0.0112,0.0072,0.9591,0.0106,0.0118],[0.2536,0.0003,0.341,0.2692,0.136],[0.2581,0.0003,0.3241,0.2857,0.1319],[0.2896,0.0021,0.2252,0.3509,0.1323],[0.1405,0.0012,0.6133,0.1331,0.1119],[0.2548,0.0003,0.3288,0.285,0.1311],[0.2637,0.0003,0.3049,0.301,0.1302],[0.218,0.0006,0.4409,0.2202,0.1203],[0.1622,0.0006,0.5639,0.1466,0.1266],[0.2706,0.0003,0.2884,0.3067,0.134],[0.2967,0.0004,0.2331,0.3367,0.1331],[0.2716,0.0004,0.274,0.3107,0.1434],[0.2892,0.0003,0.2261,0.3493,0.135],[0.3008,0.0003,0.239,0.3333,0.1265],[0.2549,0.0003,0.3334,0.2816,0.1297],[0.2321,0.0007,0.3268,0.2954,0.145],[0.211,0.0008,0.446,0.2085,0.1338],[0.2613,0.0003,0.3068,0.297,0.1346],[0.2566,0.0003,0.3267,0.2831,0.1333],[0.2527,0.0005,0.2921,0.2993,0.1554],[0.2305,0.0008,0.425,0.214,0.1297],[0.2868,0.0003,0.2688,0.3088,0.1354],[0.287,0.0003,0.26,0.3293,0.1234],[0.2536,0.0005,0.317,0.2855,0.1434],[0.1844,0.0005,0.4283,0.2467,0.1401],[0.2892,0.0002,0.2262,0.3492,0.1353],[0.2944,0.0002,0.2205,0.35,0.1349],[0.2391,0.0004,0.3686,0.255,0.1369],[0.2047,0.0008,0.4577,0.2076,0.1293],[0.2889,0.0002,0.2316,0.3442,0.1352],[0.2774,0.0002,0.252,0.3301,0.1403],[0.2868,0.0003,0.2596,0.3267,0.1266],[0.252,0.0004,0.3522,0.2671,0.1284],[0.2368,0.0005,0.3676,0.2581,0.1371],[0.1936,0.0009,0.4711,0.2133,0.1212],[0.2855,0.0003,0.2356,0.338,0.1406],[0.263,0.0004,0.341,0.269,0.1266],[0.2136,0.0006,0.428,0.24,0.1178],[0.1756,0.0008,0.5354,0.1638,0.1245],[0.2904,0.0003,0.247,0.3343,0.128],[0.2892,0.0003,0.2261,0.3493,0.1351],[0.2488,0.0005,0.2916,0.3006,0.1584],[0.2068,0.0006,0.4197,0.2531,0.1198],[0.259,0.0002,0.3045,0.2972,0.1391],[0.2552,0.0003,0.3282,0.2833,0.1329],[0.2847,0.001,0.3216,0.2818,0.1109],[0.3221,0.0006,0.1328,0.4286,0.116],[0.3509,0.0006,0.1192,0.4406,0.0888],[0.3166,0.0005,0.1507,0.4194,0.1128]],"lda_config":{"method":"sklearn.LatentDirichletAllocation online","max_iter":60,"doc_topic_prior":0.45,"topic_word_prior":0.2,"random_state":42,"wordification":"band-frequency","quantization_scale":12},"generated_at":"2026-05-14T01:10:04Z","builder_version":"build_band_masked_topic_models_hidsag v0.1"}