{"scene_id":"botswana","spatial_shape":[1476,256],"n_compared_pixels":2775,"method_names":["felzenszwalb","label","patch_15","patch_7","pixel","slic_2000","slic_500","topic_dominant"],"ari_matrix":[[1.0,0.301907,0.14074,0.069506,0.0,0.247447,0.300752,0.096583],[0.301907,1.0,0.285272,0.141639,0.0,0.350807,0.261952,0.238511],[0.14074,0.285272,1.0,0.470674,0.0,0.366316,0.183205,0.058628],[0.069506,0.141639,0.470674,1.0,0.0,0.194641,0.089269,0.028835],[0.0,0.0,0.0,0.0,1.0,0.0,0.0,0.0],[0.247447,0.350807,0.366316,0.194641,0.0,1.0,0.511499,0.065958],[0.300752,0.261952,0.183205,0.089269,0.0,0.511499,1.0,0.050166],[0.096583,0.238511,0.058628,0.028835,0.0,0.065958,0.050166,1.0]],"nmi_matrix":[[1.0,0.6793,0.712705,0.665621,0.521577,0.709561,0.630519,0.350913],[0.6793,1.0,0.724076,0.661722,0.495653,0.692516,0.522785,0.507955],[0.712705,0.724076,1.0,0.860977,0.730278,0.813411,0.663789,0.401905],[0.665621,0.661722,0.860977,1.0,0.798641,0.765405,0.610615,0.38423],[0.521577,0.495653,0.730278,0.798641,1.0,0.606558,0.466875,0.373111],[0.709561,0.692516,0.813411,0.765405,0.606558,1.0,0.750254,0.337693],[0.630519,0.522785,0.663789,0.610615,0.466875,0.750254,1.0,0.186624],[0.350913,0.507955,0.401905,0.38423,0.373111,0.337693,0.186624,1.0]],"v_measure_matrix":[[1.0,0.6793,0.712705,0.665621,0.521577,0.709561,0.630519,0.350913],[0.6793,1.0,0.724076,0.661722,0.495653,0.692516,0.522785,0.507955],[0.712705,0.724076,1.0,0.860977,0.730278,0.813411,0.663789,0.401905],[0.665621,0.661722,0.860977,1.0,0.798641,0.765405,0.610615,0.38423],[0.521577,0.495653,0.730278,0.798641,1.0,0.606558,0.466875,0.373111],[0.709561,0.692516,0.813411,0.765405,0.606558,1.0,0.750254,0.337693],[0.630519,0.522785,0.663789,0.610615,0.466875,0.750254,1.0,0.186624],[0.350913,0.507955,0.401905,0.38423,0.373111,0.337693,0.186624,1.0]],"agreement_vs_label_summary":[{"method":"felzenszwalb","ari_vs_label":0.301907,"nmi_vs_label":0.6793,"v_vs_label":0.6793},{"method":"patch_15","ari_vs_label":0.285272,"nmi_vs_label":0.724076,"v_vs_label":0.724076},{"method":"patch_7","ari_vs_label":0.141639,"nmi_vs_label":0.661722,"v_vs_label":0.661722},{"method":"pixel","ari_vs_label":0.0,"nmi_vs_label":0.495653,"v_vs_label":0.495653},{"method":"slic_2000","ari_vs_label":0.350807,"nmi_vs_label":0.692516,"v_vs_label":0.692516},{"method":"slic_500","ari_vs_label":0.261952,"nmi_vs_label":0.522785,"v_vs_label":0.522785},{"method":"topic_dominant","ari_vs_label":0.238511,"nmi_vs_label":0.507955,"v_vs_label":0.507955}],"agreement_vs_topic_dominant_summary":[{"method":"felzenszwalb","ari_vs_topic_dominant":0.096583,"nmi_vs_topic_dominant":0.350913},{"method":"label","ari_vs_topic_dominant":0.238511,"nmi_vs_topic_dominant":0.507955},{"method":"patch_15","ari_vs_topic_dominant":0.058628,"nmi_vs_topic_dominant":0.401905},{"method":"patch_7","ari_vs_topic_dominant":0.028835,"nmi_vs_topic_dominant":0.38423},{"method":"pixel","ari_vs_topic_dominant":0.0,"nmi_vs_topic_dominant":0.373111},{"method":"slic_2000","ari_vs_topic_dominant":0.065958,"nmi_vs_topic_dominant":0.337693},{"method":"slic_500","ari_vs_topic_dominant":0.050166,"nmi_vs_topic_dominant":0.186624}],"generated_at":"2026-05-03T04:34:11Z","builder_version":"build_cross_method_agreement v0.1"}