{"scene_id":"indian-pines-corrected","spatial_shape":[145,145],"n_compared_pixels":2812,"method_names":["felzenszwalb","label","patch_15","patch_7","pixel","slic_2000","slic_500","topic_dominant"],"ari_matrix":[[1.0,0.567115,0.371669,0.169996,0.0,0.076115,0.305678,0.120197],[0.567115,1.0,0.281423,0.117077,0.0,0.051222,0.226911,0.202601],[0.371669,0.281423,1.0,0.291831,0.0,0.150033,0.35872,0.047202],[0.169996,0.117077,0.291831,1.0,0.0,0.315707,0.3739,0.020601],[0.0,0.0,0.0,0.0,1.0,0.0,0.0,0.0],[0.076115,0.051222,0.150033,0.315707,0.0,1.0,0.238772,0.010037],[0.305678,0.226911,0.35872,0.3739,0.0,0.238772,1.0,0.039254],[0.120197,0.202601,0.047202,0.020601,0.0,0.010037,0.039254,1.0]],"nmi_matrix":[[1.0,0.769536,0.739289,0.71532,0.607561,0.678449,0.746969,0.411996],[0.769536,1.0,0.651186,0.626342,0.499662,0.582133,0.667669,0.448607],[0.739289,0.651186,1.0,0.780817,0.680168,0.745783,0.770725,0.319485],[0.71532,0.626342,0.780817,1.0,0.809287,0.8437,0.8133,0.361595],[0.607561,0.499662,0.680168,0.809287,1.0,0.88851,0.749164,0.384423],[0.678449,0.582133,0.745783,0.8437,0.88851,1.0,0.817839,0.38464],[0.746969,0.667669,0.770725,0.8133,0.749164,0.817839,1.0,0.378785],[0.411996,0.448607,0.319485,0.361595,0.384423,0.38464,0.378785,1.0]],"v_measure_matrix":[[1.0,0.769536,0.739289,0.71532,0.607561,0.678449,0.746969,0.411996],[0.769536,1.0,0.651186,0.626342,0.499662,0.582133,0.667669,0.448607],[0.739289,0.651186,1.0,0.780817,0.680168,0.745783,0.770725,0.319485],[0.71532,0.626342,0.780817,1.0,0.809287,0.8437,0.8133,0.361595],[0.607561,0.499662,0.680168,0.809287,1.0,0.88851,0.749164,0.384423],[0.678449,0.582133,0.745783,0.8437,0.88851,1.0,0.817839,0.38464],[0.746969,0.667669,0.770725,0.8133,0.749164,0.817839,1.0,0.378785],[0.411996,0.448607,0.319485,0.361595,0.384423,0.38464,0.378785,1.0]],"agreement_vs_label_summary":[{"method":"felzenszwalb","ari_vs_label":0.567115,"nmi_vs_label":0.769536,"v_vs_label":0.769536},{"method":"patch_15","ari_vs_label":0.281423,"nmi_vs_label":0.651186,"v_vs_label":0.651186},{"method":"patch_7","ari_vs_label":0.117077,"nmi_vs_label":0.626342,"v_vs_label":0.626342},{"method":"pixel","ari_vs_label":0.0,"nmi_vs_label":0.499662,"v_vs_label":0.499662},{"method":"slic_2000","ari_vs_label":0.051222,"nmi_vs_label":0.582133,"v_vs_label":0.582133},{"method":"slic_500","ari_vs_label":0.226911,"nmi_vs_label":0.667669,"v_vs_label":0.667669},{"method":"topic_dominant","ari_vs_label":0.202601,"nmi_vs_label":0.448607,"v_vs_label":0.448607}],"agreement_vs_topic_dominant_summary":[{"method":"felzenszwalb","ari_vs_topic_dominant":0.120197,"nmi_vs_topic_dominant":0.411996},{"method":"label","ari_vs_topic_dominant":0.202601,"nmi_vs_topic_dominant":0.448607},{"method":"patch_15","ari_vs_topic_dominant":0.047202,"nmi_vs_topic_dominant":0.319485},{"method":"patch_7","ari_vs_topic_dominant":0.020601,"nmi_vs_topic_dominant":0.361595},{"method":"pixel","ari_vs_topic_dominant":0.0,"nmi_vs_topic_dominant":0.384423},{"method":"slic_2000","ari_vs_topic_dominant":0.010037,"nmi_vs_topic_dominant":0.38464},{"method":"slic_500","ari_vs_topic_dominant":0.039254,"nmi_vs_topic_dominant":0.378785}],"generated_at":"2026-05-03T04:34:07Z","builder_version":"build_cross_method_agreement v0.1"}