{"scene_id":"kennedy-space-center","spatial_shape":[512,614],"n_compared_pixels":2686,"method_names":["felzenszwalb","label","patch_15","patch_7","pixel","slic_2000","slic_500","topic_dominant"],"ari_matrix":[[1.0,0.506456,0.398639,0.179503,0.0,0.489757,0.327902,0.002678],[0.506456,1.0,0.313769,0.129031,0.0,0.418461,0.283202,-5.6e-05],[0.398639,0.313769,1.0,0.428065,0.0,0.38312,0.196839,0.000318],[0.179503,0.129031,0.428065,1.0,0.0,0.19548,0.081296,0.000133],[0.0,0.0,0.0,0.0,1.0,0.0,0.0,0.0],[0.489757,0.418461,0.38312,0.19548,0.0,1.0,0.390447,0.001348],[0.327902,0.283202,0.196839,0.081296,0.0,0.390447,1.0,0.003757],[0.002678,-5.6e-05,0.000318,0.000133,0.0,0.001348,0.003757,1.0]],"nmi_matrix":[[1.0,0.763656,0.799998,0.736238,0.589622,0.797577,0.700172,0.032227],[0.763656,1.0,0.723537,0.648766,0.488207,0.731163,0.615384,0.017378],[0.799998,0.723537,1.0,0.850225,0.717893,0.796852,0.682376,0.018691],[0.736238,0.648766,0.850225,1.0,0.804254,0.742975,0.61658,0.019316],[0.589622,0.488207,0.717893,0.804254,1.0,0.598997,0.47485,0.023685],[0.797577,0.731163,0.796852,0.742975,0.598997,1.0,0.73886,0.021356],[0.700172,0.615384,0.682376,0.61658,0.47485,0.73886,1.0,0.020632],[0.032227,0.017378,0.018691,0.019316,0.023685,0.021356,0.020632,1.0]],"v_measure_matrix":[[1.0,0.763656,0.799998,0.736238,0.589622,0.797577,0.700172,0.032227],[0.763656,1.0,0.723537,0.648766,0.488207,0.731163,0.615384,0.017378],[0.799998,0.723537,1.0,0.850225,0.717893,0.796852,0.682376,0.018691],[0.736238,0.648766,0.850225,1.0,0.804254,0.742975,0.61658,0.019316],[0.589622,0.488207,0.717893,0.804254,1.0,0.598997,0.47485,0.023685],[0.797577,0.731163,0.796852,0.742975,0.598997,1.0,0.73886,0.021356],[0.700172,0.615384,0.682376,0.61658,0.47485,0.73886,1.0,0.020632],[0.032227,0.017378,0.018691,0.019316,0.023685,0.021356,0.020632,1.0]],"agreement_vs_label_summary":[{"method":"felzenszwalb","ari_vs_label":0.506456,"nmi_vs_label":0.763656,"v_vs_label":0.763656},{"method":"patch_15","ari_vs_label":0.313769,"nmi_vs_label":0.723537,"v_vs_label":0.723537},{"method":"patch_7","ari_vs_label":0.129031,"nmi_vs_label":0.648766,"v_vs_label":0.648766},{"method":"pixel","ari_vs_label":0.0,"nmi_vs_label":0.488207,"v_vs_label":0.488207},{"method":"slic_2000","ari_vs_label":0.418461,"nmi_vs_label":0.731163,"v_vs_label":0.731163},{"method":"slic_500","ari_vs_label":0.283202,"nmi_vs_label":0.615384,"v_vs_label":0.615384},{"method":"topic_dominant","ari_vs_label":-5.6e-05,"nmi_vs_label":0.017378,"v_vs_label":0.017378}],"agreement_vs_topic_dominant_summary":[{"method":"felzenszwalb","ari_vs_topic_dominant":0.002678,"nmi_vs_topic_dominant":0.032227},{"method":"label","ari_vs_topic_dominant":-5.6e-05,"nmi_vs_topic_dominant":0.017378},{"method":"patch_15","ari_vs_topic_dominant":0.000318,"nmi_vs_topic_dominant":0.018691},{"method":"patch_7","ari_vs_topic_dominant":0.000133,"nmi_vs_topic_dominant":0.019316},{"method":"pixel","ari_vs_topic_dominant":0.0,"nmi_vs_topic_dominant":0.023685},{"method":"slic_2000","ari_vs_topic_dominant":0.001348,"nmi_vs_topic_dominant":0.021356},{"method":"slic_500","ari_vs_topic_dominant":0.003757,"nmi_vs_topic_dominant":0.020632}],"generated_at":"2026-05-03T04:34:10Z","builder_version":"build_cross_method_agreement v0.1"}