{"scene_id":"salinas-a-corrected","spatial_shape":[83,86],"n_compared_pixels":1320,"method_names":["felzenszwalb","label","patch_15","patch_7","pixel","slic_2000","slic_500","topic_dominant"],"ari_matrix":[[1.0,0.746097,0.232942,0.083268,0.0,0.007362,0.043571,0.558804],[0.746097,1.0,0.237476,0.082587,0.0,0.00687,0.043134,0.507657],[0.232942,0.237476,1.0,0.281811,0.0,0.033233,0.171281,0.127414],[0.083268,0.082587,0.281811,1.0,0.0,0.119306,0.380536,0.041799],[0.0,0.0,0.0,0.0,1.0,0.0,0.0,0.0],[0.007362,0.00687,0.033233,0.119306,0.0,1.0,0.212617,0.003839],[0.043571,0.043134,0.171281,0.380536,0.0,0.212617,1.0,0.021028],[0.558804,0.507657,0.127414,0.041799,0.0,0.003839,0.021028,1.0]],"nmi_matrix":[[1.0,0.84895,0.555226,0.543452,0.448766,0.469945,0.518124,0.700638],[0.84895,1.0,0.558342,0.528666,0.399182,0.424176,0.491717,0.68229],[0.555226,0.558342,1.0,0.735809,0.648161,0.67323,0.720519,0.421041],[0.543452,0.528666,0.735809,1.0,0.802866,0.825016,0.835323,0.4157],[0.448766,0.399182,0.648161,0.802866,1.0,0.961786,0.860305,0.356424],[0.469945,0.424176,0.67323,0.825016,0.961786,1.0,0.882096,0.375762],[0.518124,0.491717,0.720519,0.835323,0.860305,0.882096,1.0,0.399126],[0.700638,0.68229,0.421041,0.4157,0.356424,0.375762,0.399126,1.0]],"v_measure_matrix":[[1.0,0.84895,0.555226,0.543452,0.448766,0.469945,0.518124,0.700638],[0.84895,1.0,0.558342,0.528666,0.399182,0.424176,0.491717,0.68229],[0.555226,0.558342,1.0,0.735809,0.648161,0.67323,0.720519,0.421041],[0.543452,0.528666,0.735809,1.0,0.802866,0.825016,0.835323,0.4157],[0.448766,0.399182,0.648161,0.802866,1.0,0.961786,0.860305,0.356424],[0.469945,0.424176,0.67323,0.825016,0.961786,1.0,0.882096,0.375762],[0.518124,0.491717,0.720519,0.835323,0.860305,0.882096,1.0,0.399126],[0.700638,0.68229,0.421041,0.4157,0.356424,0.375762,0.399126,1.0]],"agreement_vs_label_summary":[{"method":"felzenszwalb","ari_vs_label":0.746097,"nmi_vs_label":0.84895,"v_vs_label":0.84895},{"method":"patch_15","ari_vs_label":0.237476,"nmi_vs_label":0.558342,"v_vs_label":0.558342},{"method":"patch_7","ari_vs_label":0.082587,"nmi_vs_label":0.528666,"v_vs_label":0.528666},{"method":"pixel","ari_vs_label":0.0,"nmi_vs_label":0.399182,"v_vs_label":0.399182},{"method":"slic_2000","ari_vs_label":0.00687,"nmi_vs_label":0.424176,"v_vs_label":0.424176},{"method":"slic_500","ari_vs_label":0.043134,"nmi_vs_label":0.491717,"v_vs_label":0.491717},{"method":"topic_dominant","ari_vs_label":0.507657,"nmi_vs_label":0.68229,"v_vs_label":0.68229}],"agreement_vs_topic_dominant_summary":[{"method":"felzenszwalb","ari_vs_topic_dominant":0.558804,"nmi_vs_topic_dominant":0.700638},{"method":"label","ari_vs_topic_dominant":0.507657,"nmi_vs_topic_dominant":0.68229},{"method":"patch_15","ari_vs_topic_dominant":0.127414,"nmi_vs_topic_dominant":0.421041},{"method":"patch_7","ari_vs_topic_dominant":0.041799,"nmi_vs_topic_dominant":0.4157},{"method":"pixel","ari_vs_topic_dominant":0.0,"nmi_vs_topic_dominant":0.356424},{"method":"slic_2000","ari_vs_topic_dominant":0.003839,"nmi_vs_topic_dominant":0.375762},{"method":"slic_500","ari_vs_topic_dominant":0.021028,"nmi_vs_topic_dominant":0.399126}],"generated_at":"2026-05-03T04:34:08Z","builder_version":"build_cross_method_agreement v0.1"}