{"scene_id":"salinas-corrected","spatial_shape":[512,217],"n_compared_pixels":3520,"method_names":["felzenszwalb","label","patch_15","patch_7","pixel","slic_2000","slic_500","topic_dominant"],"ari_matrix":[[1.0,0.815872,0.125399,0.038276,0.0,0.074966,0.312595,0.239751],[0.815872,1.0,0.115075,0.03365,0.0,0.071833,0.322536,0.25343],[0.125399,0.115075,1.0,0.283886,0.0,0.362371,0.288195,0.022005],[0.038276,0.03365,0.283886,1.0,0.0,0.371103,0.110099,0.00616],[0.0,0.0,0.0,0.0,1.0,0.0,0.0,0.0],[0.074966,0.071833,0.362371,0.371103,0.0,1.0,0.234934,0.012015],[0.312595,0.322536,0.288195,0.110099,0.0,0.234934,1.0,0.066743],[0.239751,0.25343,0.022005,0.00616,0.0,0.012015,0.066743,1.0]],"nmi_matrix":[[1.0,0.902191,0.663059,0.620982,0.562045,0.644989,0.735248,0.593033],[0.902191,1.0,0.633668,0.576825,0.506927,0.61349,0.729527,0.606664],[0.663059,0.633668,1.0,0.850219,0.802075,0.845145,0.790602,0.406053],[0.620982,0.576825,0.850219,1.0,0.90427,0.888504,0.764947,0.382962],[0.562045,0.506927,0.802075,0.90427,1.0,0.859778,0.705767,0.360109],[0.644989,0.61349,0.845145,0.888504,0.859778,1.0,0.8035,0.401007],[0.735248,0.729527,0.790602,0.764947,0.705767,0.8035,1.0,0.466429],[0.593033,0.606664,0.406053,0.382962,0.360109,0.401007,0.466429,1.0]],"v_measure_matrix":[[1.0,0.902191,0.663059,0.620982,0.562045,0.644989,0.735248,0.593033],[0.902191,1.0,0.633668,0.576825,0.506927,0.61349,0.729527,0.606664],[0.663059,0.633668,1.0,0.850219,0.802075,0.845145,0.790602,0.406053],[0.620982,0.576825,0.850219,1.0,0.90427,0.888504,0.764947,0.382962],[0.562045,0.506927,0.802075,0.90427,1.0,0.859778,0.705767,0.360109],[0.644989,0.61349,0.845145,0.888504,0.859778,1.0,0.8035,0.401007],[0.735248,0.729527,0.790602,0.764947,0.705767,0.8035,1.0,0.466429],[0.593033,0.606664,0.406053,0.382962,0.360109,0.401007,0.466429,1.0]],"agreement_vs_label_summary":[{"method":"felzenszwalb","ari_vs_label":0.815872,"nmi_vs_label":0.902191,"v_vs_label":0.902191},{"method":"patch_15","ari_vs_label":0.115075,"nmi_vs_label":0.633668,"v_vs_label":0.633668},{"method":"patch_7","ari_vs_label":0.03365,"nmi_vs_label":0.576825,"v_vs_label":0.576825},{"method":"pixel","ari_vs_label":0.0,"nmi_vs_label":0.506927,"v_vs_label":0.506927},{"method":"slic_2000","ari_vs_label":0.071833,"nmi_vs_label":0.61349,"v_vs_label":0.61349},{"method":"slic_500","ari_vs_label":0.322536,"nmi_vs_label":0.729527,"v_vs_label":0.729527},{"method":"topic_dominant","ari_vs_label":0.25343,"nmi_vs_label":0.606664,"v_vs_label":0.606664}],"agreement_vs_topic_dominant_summary":[{"method":"felzenszwalb","ari_vs_topic_dominant":0.239751,"nmi_vs_topic_dominant":0.593033},{"method":"label","ari_vs_topic_dominant":0.25343,"nmi_vs_topic_dominant":0.606664},{"method":"patch_15","ari_vs_topic_dominant":0.022005,"nmi_vs_topic_dominant":0.406053},{"method":"patch_7","ari_vs_topic_dominant":0.00616,"nmi_vs_topic_dominant":0.382962},{"method":"pixel","ari_vs_topic_dominant":0.0,"nmi_vs_topic_dominant":0.360109},{"method":"slic_2000","ari_vs_topic_dominant":0.012015,"nmi_vs_topic_dominant":0.401007},{"method":"slic_500","ari_vs_topic_dominant":0.066743,"nmi_vs_topic_dominant":0.466429}],"generated_at":"2026-05-03T04:34:08Z","builder_version":"build_cross_method_agreement v0.1"}