{"scene_id":"botswana","mask_id":"top_50_fisher","mask_label":"Top-50 Fisher-ratio bands","mask_description":"Keep only the 50 bands with the largest per-band Fisher discriminant ratio (from interpretability/band_cards). Topics built on the most label-discriminative subset.","spatial_shape":[1476,256],"topic_count":12,"document_count":2775,"vocabulary_size":50,"n_bands_full":145,"n_bands_kept":50,"kept_band_indices":[48,49,50,51,52,53,54,55,56,57,58,59,60,62,63,64,65,66,67,68,69,70,71,72,73,74,75,76,77,78,79,85,86,87,88,89,90,91,92,93,94,95,96,97,98,99,100,101,103,104],"wavelengths_nm_kept_first_last":[1100.0,1916.6666259765625],"wavelengths_nm_kept":[1100.0,1114.58,1129.17,1143.75,1158.33,1172.92,1187.5,1202.08,1216.67,1231.25,1245.83,1260.42,1275.0,1304.17,1318.75,1333.33,1347.92,1362.5,1377.08,1391.67,1406.25,1420.83,1435.42,1450.0,1464.58,1479.17,1493.75,1508.33,1522.92,1537.5,1552.08,1639.58,1654.17,1668.75,1683.33,1697.92,1712.5,1727.08,1741.67,1756.25,1770.83,1785.42,1800.0,1814.58,1829.17,1843.75,1858.33,1872.92,1902.08,1916.67],"topic_prevalence":[0.071241,0.071008,0.074606,0.074854,0.100849,0.082277,0.082068,0.070201,0.071831,0.075329,0.146177,0.079559],"topic_distance_cosine":[[0.0,0.022823,0.028231,0.021501,0.037421,0.041232,0.035843,0.030483,0.023982,0.031878,0.0803,0.02486],[0.022823,0.0,0.034496,0.033903,0.042244,0.047532,0.038596,0.037526,0.0288,0.030701,0.077214,0.027842],[0.028231,0.034496,0.0,0.049964,0.080403,0.035304,0.033429,0.036084,0.03047,0.027651,0.043884,0.05036],[0.021501,0.033903,0.049964,0.0,0.038093,0.055169,0.04688,0.048409,0.034309,0.036972,0.090997,0.026826],[0.037421,0.042244,0.080403,0.038093,0.0,0.103295,0.093728,0.066532,0.05116,0.075959,0.165536,0.029723],[0.041232,0.047532,0.035304,0.055169,0.103295,0.0,0.031966,0.042115,0.040967,0.025379,0.039007,0.069017],[0.035843,0.038596,0.033429,0.04688,0.093728,0.031966,0.0,0.03863,0.040697,0.0211,0.036133,0.062617],[0.030483,0.037526,0.036084,0.048409,0.066532,0.042115,0.03863,0.0,0.032582,0.030887,0.056355,0.041121],[0.023982,0.0288,0.03047,0.034309,0.05116,0.040967,0.040697,0.032582,0.0,0.028352,0.064458,0.0399],[0.031878,0.030701,0.027651,0.036972,0.075959,0.025379,0.0211,0.030887,0.028352,0.0,0.033885,0.04812],[0.0803,0.077214,0.043884,0.090997,0.165536,0.039007,0.036133,0.056355,0.064458,0.033885,0.0,0.113133],[0.02486,0.027842,0.05036,0.026826,0.029723,0.069017,0.062617,0.041121,0.0399,0.04812,0.113133,0.0]],"top_words_per_topic_lambda_05":[["1552nm","1844nm","1275nm","1465nm","1158nm","1785nm","1538nm","1450nm","1800nm","1479nm","1698nm","1406nm","1771nm","1683nm","1217nm"],["1392nm","1465nm","1450nm","1435nm","1421nm","1858nm","1304nm","1319nm","1640nm","1362nm","1217nm","1917nm","1829nm","1815nm","1173nm"],["1538nm","1479nm","1217nm","1465nm","1523nm","1202nm","1494nm","1260nm","1552nm","1100nm","1435nm","1421nm","1304nm","1319nm","1508nm"],["1246nm","1785nm","1800nm","1712nm","1129nm","1494nm","1479nm","1377nm","1815nm","1698nm","1552nm","1683nm","1158nm","1421nm","1275nm"],["1917nm","1902nm","1844nm","1640nm","1698nm","1727nm","1815nm","1858nm","1654nm","1873nm","1756nm","1800nm","1742nm","1508nm","1785nm"],["1115nm","1129nm","1188nm","1406nm","1100nm","1173nm","1333nm","1158nm","1450nm","1275nm","1260nm","1552nm","1421nm","1538nm","1319nm"],["1392nm","1348nm","1435nm","1494nm","1275nm","1202nm","1231nm","1173nm","1260nm","1217nm","1552nm","1785nm","1523nm","1406nm","1479nm"],["1523nm","1362nm","1144nm","1275nm","1173nm","1654nm","1100nm","1231nm","1217nm","1538nm","1260nm","1348nm","1129nm","1188nm","1246nm"],["1304nm","1494nm","1800nm","1523nm","1844nm","1231nm","1362nm","1508nm","1538nm","1333nm","1144nm","1348nm","1465nm","1421nm","1260nm"],["1450nm","1479nm","1231nm","1260nm","1421nm","1275nm","1508nm","1348nm","1377nm","1158nm","1435nm","1246nm","1115nm","1144nm","1173nm"],["1246nm","1202nm","1144nm","1217nm","1275nm","1158nm","1129nm","1260nm","1231nm","1115nm","1188nm","1508nm","1100nm","1173nm","1392nm"],["1771nm","1742nm","1669nm","1712nm","1829nm","1654nm","1858nm","1683nm","1873nm","1260nm","1727nm","1202nm","1640nm","1756nm","1392nm"]],"p_label_given_topic_dominant":[[{"label_id":1,"name":"Water","count":23,"p":0.92},{"label_id":2,"name":"Hippo grass","count":0,"p":0.0},{"label_id":3,"name":"Floodplain grasses 1","count":0,"p":0.0},{"label_id":4,"name":"Floodplain grasses 2","count":1,"p":0.04},{"label_id":5,"name":"Reeds","count":0,"p":0.0},{"label_id":6,"name":"Riparian","count":0,"p":0.0},{"label_id":7,"name":"Firescar","count":0,"p":0.0},{"label_id":8,"name":"Island interior","count":1,"p":0.04},{"label_id":9,"name":"Acacia woodlands","count":0,"p":0.0},{"label_id":10,"name":"Acacia shrublands","count":0,"p":0.0},{"label_id":11,"name":"Acacia grasslands","count":0,"p":0.0},{"label_id":12,"name":"Short mopane","count":0,"p":0.0},{"label_id":13,"name":"Mixed mopane","count":0,"p":0.0},{"label_id":14,"name":"Exposed soils","count":0,"p":0.0}],[{"label_id":1,"name":"Water","count":1,"p":0.14285714285714285},{"label_id":2,"name":"Hippo grass","count":0,"p":0.0},{"label_id":3,"name":"Floodplain grasses 1","count":0,"p":0.0},{"label_id":4,"name":"Floodplain grasses 2","count":1,"p":0.14285714285714285},{"label_id":5,"name":"Reeds","count":0,"p":0.0},{"label_id":6,"name":"Riparian","count":0,"p":0.0},{"label_id":7,"name":"Firescar","count":1,"p":0.14285714285714285},{"label_id":8,"name":"Island interior","count":4,"p":0.5714285714285714},{"label_id":9,"name":"Acacia woodlands","count":0,"p":0.0},{"label_id":10,"name":"Acacia shrublands","count":0,"p":0.0},{"label_id":11,"name":"Acacia grasslands","count":0,"p":0.0},{"label_id":12,"name":"Short mopane","count":0,"p":0.0},{"label_id":13,"name":"Mixed mopane","count":0,"p":0.0},{"label_id":14,"name":"Exposed soils","count":0,"p":0.0}],[{"label_id":1,"name":"Water","count":1,"p":0.015625},{"label_id":2,"name":"Hippo grass","count":0,"p":0.0},{"label_id":3,"name":"Floodplain grasses 1","count":1,"p":0.015625},{"label_id":4,"name":"Floodplain grasses 2","count":4,"p":0.0625},{"label_id":5,"name":"Reeds","count":0,"p":0.0},{"label_id":6,"name":"Riparian","count":1,"p":0.015625},{"label_id":7,"name":"Firescar","count":0,"p":0.0},{"label_id":8,"name":"Island interior","count":22,"p":0.34375},{"label_id":9,"name":"Acacia woodlands","count":7,"p":0.109375},{"label_id":10,"name":"Acacia shrublands","count":0,"p":0.0},{"label_id":11,"name":"Acacia grasslands","count":0,"p":0.0},{"label_id":12,"name":"Short mopane","count":4,"p":0.0625},{"label_id":13,"name":"Mixed mopane","count":24,"p":0.375},{"label_id":14,"name":"Exposed soils","count":0,"p":0.0}],[{"label_id":1,"name":"Water","count":11,"p":0.44},{"label_id":2,"name":"Hippo grass","count":0,"p":0.0},{"label_id":3,"name":"Floodplain grasses 1","count":0,"p":0.0},{"label_id":4,"name":"Floodplain grasses 2","count":3,"p":0.12},{"label_id":5,"name":"Reeds","count":0,"p":0.0},{"label_id":6,"name":"Riparian","count":0,"p":0.0},{"label_id":7,"name":"Firescar","count":2,"p":0.08},{"label_id":8,"name":"Island interior","count":3,"p":0.12},{"label_id":9,"name":"Acacia woodlands","count":0,"p":0.0},{"label_id":10,"name":"Acacia shrublands","count":3,"p":0.12},{"label_id":11,"name":"Acacia grasslands","count":0,"p":0.0},{"label_id":12,"name":"Short mopane","count":1,"p":0.04},{"label_id":13,"name":"Mixed mopane","count":2,"p":0.08},{"label_id":14,"name":"Exposed soils","count":0,"p":0.0}],[{"label_id":1,"name":"Water","count":27,"p":0.024302430243024302},{"label_id":2,"name":"Hippo grass","count":0,"p":0.0},{"label_id":3,"name":"Floodplain grasses 1","count":218,"p":0.19621962196219622},{"label_id":4,"name":"Floodplain grasses 2","count":37,"p":0.0333033303330333},{"label_id":5,"name":"Reeds","count":0,"p":0.0},{"label_id":6,"name":"Riparian","count":0,"p":0.0},{"label_id":7,"name":"Firescar","count":205,"p":0.1845184518451845},{"label_id":8,"name":"Island interior","count":104,"p":0.09360936093609361},{"label_id":9,"name":"Acacia woodlands","count":0,"p":0.0},{"label_id":10,"name":"Acacia shrublands","count":199,"p":0.1791179117911791},{"label_id":11,"name":"Acacia grasslands","count":220,"p":0.19801980198019803},{"label_id":12,"name":"Short mopane","count":2,"p":0.0018001800180018},{"label_id":13,"name":"Mixed mopane","count":15,"p":0.013501350135013501},{"label_id":14,"name":"Exposed soils","count":84,"p":0.07560756075607561}],[{"label_id":1,"name":"Water","count":29,"p":0.6904761904761905},{"label_id":2,"name":"Hippo grass","count":0,"p":0.0},{"label_id":3,"name":"Floodplain grasses 1","count":0,"p":0.0},{"label_id":4,"name":"Floodplain grasses 2","count":3,"p":0.07142857142857142},{"label_id":5,"name":"Reeds","count":0,"p":0.0},{"label_id":6,"name":"Riparian","count":0,"p":0.0},{"label_id":7,"name":"Firescar","count":0,"p":0.0},{"label_id":8,"name":"Island interior","count":7,"p":0.16666666666666666},{"label_id":9,"name":"Acacia woodlands","count":0,"p":0.0},{"label_id":10,"name":"Acacia shrublands","count":0,"p":0.0},{"label_id":11,"name":"Acacia grasslands","count":0,"p":0.0},{"label_id":12,"name":"Short mopane","count":1,"p":0.023809523809523808},{"label_id":13,"name":"Mixed mopane","count":2,"p":0.047619047619047616},{"label_id":14,"name":"Exposed soils","count":0,"p":0.0}],[{"label_id":1,"name":"Water","count":19,"p":0.36538461538461536},{"label_id":2,"name":"Hippo grass","count":0,"p":0.0},{"label_id":3,"name":"Floodplain grasses 1","count":0,"p":0.0},{"label_id":4,"name":"Floodplain grasses 2","count":3,"p":0.057692307692307696},{"label_id":5,"name":"Reeds","count":0,"p":0.0},{"label_id":6,"name":"Riparian","count":0,"p":0.0},{"label_id":7,"name":"Firescar","count":1,"p":0.019230769230769232},{"label_id":8,"name":"Island interior","count":5,"p":0.09615384615384616},{"label_id":9,"name":"Acacia woodlands","count":8,"p":0.15384615384615385},{"label_id":10,"name":"Acacia shrublands","count":0,"p":0.0},{"label_id":11,"name":"Acacia grasslands","count":0,"p":0.0},{"label_id":12,"name":"Short mopane","count":2,"p":0.038461538461538464},{"label_id":13,"name":"Mixed mopane","count":14,"p":0.2692307692307692},{"label_id":14,"name":"Exposed soils","count":0,"p":0.0}],[{"label_id":1,"name":"Water","count":3,"p":0.21428571428571427},{"label_id":2,"name":"Hippo grass","count":0,"p":0.0},{"label_id":3,"name":"Floodplain grasses 1","count":0,"p":0.0},{"label_id":4,"name":"Floodplain grasses 2","count":4,"p":0.2857142857142857},{"label_id":5,"name":"Reeds","count":0,"p":0.0},{"label_id":6,"name":"Riparian","count":0,"p":0.0},{"label_id":7,"name":"Firescar","count":0,"p":0.0},{"label_id":8,"name":"Island interior","count":4,"p":0.2857142857142857},{"label_id":9,"name":"Acacia woodlands","count":0,"p":0.0},{"label_id":10,"name":"Acacia shrublands","count":0,"p":0.0},{"label_id":11,"name":"Acacia grasslands","count":0,"p":0.0},{"label_id":12,"name":"Short mopane","count":0,"p":0.0},{"label_id":13,"name":"Mixed mopane","count":3,"p":0.21428571428571427},{"label_id":14,"name":"Exposed soils","count":0,"p":0.0}],[{"label_id":1,"name":"Water","count":4,"p":0.17391304347826086},{"label_id":2,"name":"Hippo grass","count":0,"p":0.0},{"label_id":3,"name":"Floodplain grasses 1","count":0,"p":0.0},{"label_id":4,"name":"Floodplain grasses 2","count":1,"p":0.043478260869565216},{"label_id":5,"name":"Reeds","count":0,"p":0.0},{"label_id":6,"name":"Riparian","count":0,"p":0.0},{"label_id":7,"name":"Firescar","count":0,"p":0.0},{"label_id":8,"name":"Island interior","count":10,"p":0.43478260869565216},{"label_id":9,"name":"Acacia woodlands","count":3,"p":0.13043478260869565},{"label_id":10,"name":"Acacia shrublands","count":0,"p":0.0},{"label_id":11,"name":"Acacia grasslands","count":0,"p":0.0},{"label_id":12,"name":"Short mopane","count":2,"p":0.08695652173913043},{"label_id":13,"name":"Mixed mopane","count":3,"p":0.13043478260869565},{"label_id":14,"name":"Exposed soils","count":0,"p":0.0}],[{"label_id":1,"name":"Water","count":1,"p":0.06666666666666667},{"label_id":2,"name":"Hippo grass","count":0,"p":0.0},{"label_id":3,"name":"Floodplain grasses 1","count":0,"p":0.0},{"label_id":4,"name":"Floodplain grasses 2","count":5,"p":0.3333333333333333},{"label_id":5,"name":"Reeds","count":0,"p":0.0},{"label_id":6,"name":"Riparian","count":0,"p":0.0},{"label_id":7,"name":"Firescar","count":0,"p":0.0},{"label_id":8,"name":"Island interior","count":2,"p":0.13333333333333333},{"label_id":9,"name":"Acacia woodlands","count":2,"p":0.13333333333333333},{"label_id":10,"name":"Acacia shrublands","count":0,"p":0.0},{"label_id":11,"name":"Acacia grasslands","count":0,"p":0.0},{"label_id":12,"name":"Short mopane","count":1,"p":0.06666666666666667},{"label_id":13,"name":"Mixed mopane","count":4,"p":0.26666666666666666},{"label_id":14,"name":"Exposed soils","count":0,"p":0.0}],[{"label_id":1,"name":"Water","count":87,"p":0.06463595839524518},{"label_id":2,"name":"Hippo grass","count":101,"p":0.075037147102526},{"label_id":3,"name":"Floodplain grasses 1","count":0,"p":0.0},{"label_id":4,"name":"Floodplain grasses 2","count":151,"p":0.11218424962852898},{"label_id":5,"name":"Reeds","count":220,"p":0.16344725111441308},{"label_id":6,"name":"Riparian","count":219,"p":0.16270430906389302},{"label_id":7,"name":"Firescar","count":5,"p":0.003714710252600297},{"label_id":8,"name":"Island interior","count":40,"p":0.029717682020802376},{"label_id":9,"name":"Acacia woodlands","count":199,"p":0.14784546805349183},{"label_id":10,"name":"Acacia shrublands","count":1,"p":0.0007429420505200594},{"label_id":11,"name":"Acacia grasslands","count":0,"p":0.0},{"label_id":12,"name":"Short mopane","count":168,"p":0.12481426448736999},{"label_id":13,"name":"Mixed mopane","count":151,"p":0.11218424962852898},{"label_id":14,"name":"Exposed soils","count":4,"p":0.0029717682020802376}],[{"label_id":1,"name":"Water","count":14,"p":0.27450980392156865},{"label_id":2,"name":"Hippo grass","count":0,"p":0.0},{"label_id":3,"name":"Floodplain grasses 1","count":1,"p":0.0196078431372549},{"label_id":4,"name":"Floodplain grasses 2","count":2,"p":0.0392156862745098},{"label_id":5,"name":"Reeds","count":0,"p":0.0},{"label_id":6,"name":"Riparian","count":0,"p":0.0},{"label_id":7,"name":"Firescar","count":6,"p":0.11764705882352941},{"label_id":8,"name":"Island interior","count":1,"p":0.0196078431372549},{"label_id":9,"name":"Acacia woodlands","count":1,"p":0.0196078431372549},{"label_id":10,"name":"Acacia shrublands","count":17,"p":0.3333333333333333},{"label_id":11,"name":"Acacia grasslands","count":0,"p":0.0},{"label_id":12,"name":"Short mopane","count":0,"p":0.0},{"label_id":13,"name":"Mixed mopane","count":2,"p":0.0392156862745098},{"label_id":14,"name":"Exposed soils","count":7,"p":0.13725490196078433}]],"docs_per_topic_dominant":[25,7,64,25,1111,42,52,14,23,15,1346,51],"perplexity_train":54.15993429274511,"ari_dominant_vs_label":0.12674988283081134,"mean_confidence":0.2156214416027069,"lda_config":{"method":"sklearn.LatentDirichletAllocation online","max_iter":60,"doc_topic_prior":0.45,"topic_word_prior":0.2,"random_state":42,"wordification":"band-frequency","quantization_scale":12,"samples_per_class":220},"dominant_topic_map":{"format":"binary_uint8","shape":[1476,256],"sentinel_unlabelled":255,"served_path":"data/derived/band_masks/botswana/top_50_fisher/dominant_topic_map.bin"},"theta_grid":{"format":"binary_float32","shape":[1476,256,12],"dtype":"float32","sentinel":"all_zero_vector","byte_order":"little_endian","served_path":"data/derived/band_masks/botswana/top_50_fisher/theta_grid.bin"},"generated_at":"2026-05-13T02:23:05Z","builder_version":"build_band_masked_topic_models v0.1"}