{"subset_code":"GEOMET","mask_id":"top_50_fisher","mask_label":"Top-50 between-covariate variance bands","mask_description":"Top-50 bands by between-covariate variance ratio. HIDSAG analogue of the labelled-scene Fisher selector \u2014 replaces Fisher discriminant on labels with between-covariate-group variance share.","modality":"swir_low","topic_count":6,"document_count":146,"vocabulary_size":268,"n_bands_full":268,"n_bands_kept":268,"kept_band_indices":[0,1,2,3,4,5,6,7,8,9,10,11,12,13,14,15,16,17,18,19,20,21,22,23,24,25,26,27,28,29,30,31,32,33,34,35,36,37,38,39,40,41,42,43,44,45,46,47,48,49,50,51,52,53,54,55,56,57,58,59,60,61,62,63,64,65,66,67,68,69,70,71,72,73,74,75,76,77,78,79,80,81,82,83,84,85,86,87,88,89,90,91,92,93,94,95,96,97,98,99,100,101,102,103,104,105,106,107,108,109,110,111,112,113,114,115,116,117,118,119,120,121,122,123,124,125,126,127,128,129,130,131,132,133,134,135,136,137,138,139,140,141,142,143,144,145,146,147,148,149,150,151,152,153,154,155,156,157,158,159,160,161,162,163,164,165,166,167,168,169,170,171,172,173,174,175,176,177,178,179,180,181,182,183,184,185,186,187,188,189,190,191,192,193,194,195,196,197,198,199,200,201,202,203,204,205,206,207,208,209,210,211,212,213,214,215,216,217,218,219,220,221,222,223,224,225,226,227,228,229,230,231,232,233,234,235,236,237,238,239,240,241,242,243,244,245,246,247,248,249,250,251,252,253,254,255,256,257,258,259,260,261,262,263,264,265,266,267],"wavelengths_nm_kept_first_last":[1000.21,2499.26],"wavelengths_nm_kept":[1000.21,1005.87,1011.53,1017.19,1022.85,1028.51,1034.17,1039.83,1045.48,1051.14,1056.8,1062.46,1068.12,1073.77,1079.43,1085.09,1090.75,1096.4,1102.06,1107.72,1113.37,1119.03,1124.69,1130.34,1136.0,1141.65,1147.31,1152.97,1158.62,1164.28,1169.93,1175.59,1181.24,1186.89,1192.55,1198.2,1203.86,1209.51,1215.16,1220.81,1226.47,1232.12,1237.77,1243.42,1249.08,1254.73,1260.38,1266.03,1271.68,1277.33,1282.98,1288.63,1294.28,1299.93,1305.58,1311.23,1316.88,1322.53,1328.18,1333.83,1339.47,1345.12,1350.77,1356.42,1362.06,1367.71,1373.36,1379.0,1384.65,1390.29,1395.94,1401.58,1407.23,1412.87,1418.52,1424.16,1429.8,1435.45,1441.09,1446.73,1452.37,1458.01,1463.66,1469.3,1474.94,1480.58,1486.22,1491.86,1497.5,1503.14,1508.78,1514.42,1520.05,1525.69,1531.33,1536.97,1542.6,1548.24,1553.87,1559.51,1565.15,1570.78,1576.42,1582.05,1587.68,1593.32,1598.95,1604.58,1610.22,1615.85,1621.48,1627.11,1632.74,1638.37,1644.0,1649.63,1655.26,1660.89,1666.52,1672.15,1677.77,1683.4,1689.03,1694.65,1700.28,1705.91,1711.53,1717.16,1722.78,1728.4,1734.03,1739.65,1745.27,1750.89,1756.52,1762.14,1767.76,1773.38,1779.0,1784.62,1790.24,1795.85,1801.47,1807.09,1812.71,1818.32,1823.94,1829.56,1835.17,1840.79,1846.4,1852.01,1857.63,1863.24,1868.85,1874.46,1880.07,1885.68,1891.3,1896.9,1902.51,1908.12,1913.73,1919.34,1924.95,1930.55,1936.16,1941.76,1947.37,1952.97,1958.58,1964.18,1969.78,1975.39,1980.99,1986.59,1992.19,1997.79,2003.39,2008.99,2014.59,2020.19,2025.78,2031.38,2036.98,2042.57,2048.17,2053.76,2059.36,2064.95,2070.54,2076.14,2081.73,2087.32,2092.91,2098.5,2104.09,2109.68,2115.27,2120.85,2126.44,2132.03,2137.61,2143.2,2148.78,2154.37,2159.95,2165.53,2171.11,2176.7,2182.28,2187.86,2193.44,2199.01,2204.59,2210.17,2215.75,2221.32,2226.9,2232.47,2238.05,2243.62,2249.2,2254.77,2260.34,2265.91,2271.48,2277.05,2282.62,2288.19,2293.76,2299.32,2304.89,2310.46,2316.02,2321.58,2327.15,2332.71,2338.27,2343.84,2349.4,2354.96,2360.52,2366.07,2371.63,2377.19,2382.75,2388.3,2393.86,2399.41,2404.97,2410.52,2416.07,2421.62,2427.17,2432.72,2438.27,2443.82,2449.37,2454.92,2460.46,2466.01,2471.55,2477.1,2482.64,2488.18,2493.72,2499.26],"topic_prevalence":[0.164931,0.315468,0.175904,0.177551,0.001598,0.164547],"topic_distance_cosine":[[0.0,0.05155,0.034888,0.028497,0.011944,0.029547],[0.05155,0.0,0.082096,0.067131,0.030666,0.057743],[0.034888,0.082096,0.0,0.029799,0.020837,0.027592],[0.028497,0.067131,0.029799,0.0,0.014432,0.026249],[0.011944,0.030666,0.020837,0.014432,0.0,0.013276],[0.029547,0.057743,0.027592,0.026249,0.013276,0.0]],"top_words_per_topic_lambda_05":[["swir_1728nm","swir_1390nm","swir_1605nm","swir_1858nm","swir_1023nm","swir_1458nm","swir_1757nm","swir_1255nm","swir_1193nm","swir_2238nm","swir_1164nm","swir_1068nm","swir_2249nm","swir_1029nm","swir_1903nm"],["swir_2455nm","swir_2361nm","swir_2466nm","swir_2388nm","swir_2422nm","swir_2372nm","swir_2377nm","swir_2460nm","swir_2344nm","swir_2449nm","swir_2316nm","swir_2494nm","swir_2405nm","swir_2427nm","swir_2294nm"],["swir_1424nm","swir_1599nm","swir_1283nm","swir_1633nm","swir_1142nm","swir_1481nm","swir_1745nm","swir_1537nm","swir_1339nm","swir_1390nm","swir_1616nm","swir_1266nm","swir_1419nm","swir_1452nm","swir_1706nm"],["swir_1176nm","swir_1300nm","swir_1159nm","swir_1661nm","swir_1311nm","swir_1215nm","swir_1396nm","swir_1317nm","swir_1964nm","swir_1260nm","swir_1057nm","swir_1469nm","swir_1796nm","swir_1226nm","swir_1091nm"],["swir_2355nm","swir_1125nm","swir_1605nm","swir_1695nm","swir_1210nm","swir_1142nm","swir_1723nm","swir_2193nm","swir_2048nm","swir_1897nm","swir_2316nm","swir_1430nm","swir_1931nm","swir_2098nm","swir_1091nm"],["swir_1441nm","swir_1238nm","swir_1334nm","swir_1554nm","swir_1672nm","swir_1362nm","swir_1582nm","swir_1655nm","swir_2205nm","swir_1509nm","swir_1204nm","swir_1243nm","swir_1807nm","swir_1588nm","swir_1531nm"]],"p_covariate_given_topic_dominant":[[{"covariate":"unknown","count":1,"p":1.0}],[{"covariate":"unknown","count":112,"p":1.0}],[{"covariate":"unknown","count":27,"p":1.0}],[{"covariate":"unknown","count":6,"p":1.0}],[],[]],"docs_per_topic_dominant":[1,112,27,6,0,0],"perplexity_train":276.91908412584917,"mean_confidence":0.35451221466064453,"doc_names":["GMET-0001__m0__01","GMET-0002__m0__01","GMET-0003__m0__01","GMET-0004__m0__01","GMET-0005__m0__01","GMET-0006__m0__01","GMET-0007__m0__01","GMET-0008__m0__01","GMET-0009__m0__01","GMET-0010__m0__01","GMET-0011__m0__01","GMET-0012__m0__01","GMET-0013__m0__01","GMET-0014__m0__01","GMET-0015__m0__01","GMET-0016__m0__01","GMET-0017__m0__01","GMET-0018__m0__01","GMET-0019__m0__01","GMET-0020__m0__01","GMET-0021__m0__01","GMET-0022__m0__01","GMET-0023__m0__01","GMET-0024__m0__01","GMET-0025__m0__01","GMET-0026__m0__01","GMET-0027__m0__01","GMET-0028__m0__01","GMET-0029__m0__01","GMET-0030__m0__01","GMET-0031__m0__01","GMET-0032__m0__01","GMET-0033__m0__01","GMET-0034__m0__01","GMET-0035__m0__01","GMET-0036__m0__01","GMET-0037__m0__01","GMET-0038__m0__01","GMET-0039__m0__01","GMET-0040__m0__01","GMET-0041__m0__01","GMET-0042__m0__01","GMET-0043__m0__01","GMET-0044__m0__01","GMET-0045__m0__01","GMET-0046__m0__01","GMET-0047__m0__01","GMET-0048__m0__01","GMET-0049__m0__01","GMET-0050__m0__01","GMET-0051__m0__01","GMET-0052__m0__01","GMET-0053__m0__01","GMET-0054__m0__01","GMET-0055__m0__01","GMET-0056__m0__01","GMET-0057__m0__01","GMET-0058__m0__01","GMET-0059__m0__01","GMET-0060__m0__01","GMET-0061__m0__01","GMET-0062__m0__01","GMET-0063__m0__01","GMET-0064__m0__01","GMET-0065__m0__01","GMET-0066__m0__01","GMET-0067__m0__01","GMET-0068__m0__01","GMET-0069__m0__01","GMET-0070__m0__01","GMET-0071__m0__01","GMET-0072__m0__01","GMET-0073__m0__01","GMET-0074__m0__01","GMET-0075__m0__01","GMET-0076__m0__01","GMET-0077__m0__01","GMET-0078__m0__01","GMET-0079__m0__01","GMET-0080__m0__01","GMET-0081__m0__01","GMET-0082__m0__01","GMET-0083__m0__01","GMET-0084__m0__01","GMET-0085__m0__01","GMET-0086__m0__01","GMET-0087__m0__01","GMET-0088__m0__01","GMET-0089__m0__01","GMET-0090__m0__01","GMET-0091__m0__01","GMET-0092__m0__01","GMET-0093__m0__01","GMET-0094__m0__01","GMET-0095__m0__01","GMET-0096__m0__01","GMET-0097__m0__01","GMET-0098__m0__01","GMET-0099__m0__01","GMET-0100__m0__01","GMET-0101__m0__01","GMET-0102__m0__01","GMET-0103__m0__01","GMET-0104__m0__01","GMET-0105__m0__01","GMET-0106__m0__01","GMET-0107__m0__01","GMET-0108__m0__01","GMET-0109__m0__01","GMET-0110__m0__01","GMET-0111__m0__01","GMET-0112__m0__01","GMET-0113__m0__01","GMET-0114__m0__01","GMET-0115__m0__01","GMET-0116__m0__01","GMET-0117__m0__01","GMET-0118__m0__01","GMET-0119__m0__01","GMET-0120__m0__01","GMET-0121__m0__01","GMET-0122__m0__01","GMET-0123__m0__01","GMET-0124__m0__01","GMET-0125__m0__01","GMET-0126__m0__01","GMET-0127__m0__01","GMET-0128__m0__01","GMET-0129__m0__01","GMET-0130__m0__01","GMET-0131__m0__01","GMET-0132__m0__01","GMET-0133__m0__01","GMET-0134__m0__01","GMET-0135__m0__01","GMET-0136__m0__01","GMET-0137__m0__01","GMET-0138__m0__01","GMET-0139__m0__01","GMET-0140__m0__01","GMET-0141__m0__01","GMET-0142__m0__01","GMET-0143__m0__01","GMET-0144__m0__01","GMET-0145__m0__01","GMET-0146__m0__01"],"sample_names":["GMET-0001","GMET-0002","GMET-0003","GMET-0004","GMET-0005","GMET-0006","GMET-0007","GMET-0008","GMET-0009","GMET-0010","GMET-0011","GMET-0012","GMET-0013","GMET-0014","GMET-0015","GMET-0016","GMET-0017","GMET-0018","GMET-0019","GMET-0020","GMET-0021","GMET-0022","GMET-0023","GMET-0024","GMET-0025","GMET-0026","GMET-0027","GMET-0028","GMET-0029","GMET-0030","GMET-0031","GMET-0032","GMET-0033","GMET-0034","GMET-0035","GMET-0036","GMET-0037","GMET-0038","GMET-0039","GMET-0040","GMET-0041","GMET-0042","GMET-0043","GMET-0044","GMET-0045","GMET-0046","GMET-0047","GMET-0048","GMET-0049","GMET-0050","GMET-0051","GMET-0052","GMET-0053","GMET-0054","GMET-0055","GMET-0056","GMET-0057","GMET-0058","GMET-0059","GMET-0060","GMET-0061","GMET-0062","GMET-0063","GMET-0064","GMET-0065","GMET-0066","GMET-0067","GMET-0068","GMET-0069","GMET-0070","GMET-0071","GMET-0072","GMET-0073","GMET-0074","GMET-0075","GMET-0076","GMET-0077","GMET-0078","GMET-0079","GMET-0080","GMET-0081","GMET-0082","GMET-0083","GMET-0084","GMET-0085","GMET-0086","GMET-0087","GMET-0088","GMET-0089","GMET-0090","GMET-0091","GMET-0092","GMET-0093","GMET-0094","GMET-0095","GMET-0096","GMET-0097","GMET-0098","GMET-0099","GMET-0100","GMET-0101","GMET-0102","GMET-0103","GMET-0104","GMET-0105","GMET-0106","GMET-0107","GMET-0108","GMET-0109","GMET-0110","GMET-0111","GMET-0112","GMET-0113","GMET-0114","GMET-0115","GMET-0116","GMET-0117","GMET-0118","GMET-0119","GMET-0120","GMET-0121","GMET-0122","GMET-0123","GMET-0124","GMET-0125","GMET-0126","GMET-0127","GMET-0128","GMET-0129","GMET-0130","GMET-0131","GMET-0132","GMET-0133","GMET-0134","GMET-0135","GMET-0136","GMET-0137","GMET-0138","GMET-0139","GMET-0140","GMET-0141","GMET-0142","GMET-0143","GMET-0144","GMET-0145","GMET-0146"],"covariates":["unknown","unknown","unknown","unknown","unknown","unknown","unknown","unknown","unknown","unknown","unknown","unknown","unknown","unknown","unknown","unknown","unknown","unknown","unknown","unknown","unknown","unknown","unknown","unknown","unknown","unknown","unknown","unknown","unknown","unknown","unknown","unknown","unknown","unknown","unknown","unknown","unknown","unknown","unknown","unknown","unknown","unknown","unknown","unknown","unknown","unknown","unknown","unknown","unknown","unknown","unknown","unknown","unknown","unknown","unknown","unknown","unknown","unknown","unknown","unknown","unknown","unknown","unknown","unknown","unknown","unknown","unknown","unknown","unknown","unknown","unknown","unknown","unknown","unknown","unknown","unknown","unknown","unknown","unknown","unknown","unknown","unknown","unknown","unknown","unknown","unknown","unknown","unknown","unknown","unknown","unknown","unknown","unknown","unknown","unknown","unknown","unknown","unknown","unknown","unknown","unknown","unknown","unknown","unknown","unknown","unknown","unknown","unknown","unknown","unknown","unknown","unknown","unknown","unknown","unknown","unknown","unknown","unknown","unknown","unknown","unknown","unknown","unknown","unknown","unknown","unknown","unknown","unknown","unknown","unknown","unknown","unknown","unknown","unknown","unknown","unknown","unknown","unknown","unknown","unknown","unknown","unknown","unknown","unknown","unknown","unknown"],"theta_per_doc":[[0.2041,0.3343,0.1304,0.188,0.0004,0.1428],[0.1885,0.2756,0.1563,0.2115,0.0001,0.168],[0.1867,0.2576,0.1771,0.205,0.0001,0.1734],[0.1867,0.2576,0.1771,0.205,0.0002,0.1734],[0.1781,0.2616,0.1835,0.1989,0.0002,0.1776],[0.1866,0.2577,0.177,0.205,0.0003,0.1733],[0.175,0.3638,0.1319,0.176,0.0002,0.1531],[0.1867,0.2605,0.1756,0.2014,0.0002,0.1755],[0.1867,0.2576,0.1771,0.205,0.0002,0.1734],[0.1662,0.3591,0.176,0.1389,0.0003,0.1595],[0.1707,0.2665,0.1894,0.19,0.0004,0.1831],[0.1747,0.2632,0.1861,0.1964,0.0003,0.1793],[0.1673,0.424,0.113,0.1514,0.0003,0.1441],[0.1335,0.493,0.1173,0.1198,0.0003,0.1361],[0.0396,0.8948,0.0117,0.0179,0.0004,0.0356],[0.1838,0.3713,0.1382,0.1569,0.0003,0.1496],[0.1834,0.3659,0.1343,0.1633,0.0003,0.1528],[0.1867,0.2576,0.1771,0.205,0.0002,0.1734],[0.1596,0.464,0.0966,0.1463,0.0003,0.1331],[0.1378,0.544,0.1018,0.0926,0.0004,0.1232],[0.1822,0.3154,0.1569,0.1829,0.0002,0.1625],[0.2005,0.2609,0.1707,0.2071,0.0002,0.1605],[0.1968,0.2407,0.1751,0.216,0.0002,0.1713],[0.1867,0.2576,0.1771,0.205,0.0002,0.1734],[0.1944,0.2695,0.1538,0.2128,0.0002,0.1693],[0.1794,0.3489,0.1446,0.1727,0.0002,0.1544],[0.1506,0.3907,0.1433,0.1445,0.0003,0.1705],[0.1557,0.4077,0.144,0.132,0.0003,0.1603],[0.1866,0.2577,0.177,0.205,0.0004,0.1733],[0.1693,0.1956,0.2412,0.1947,0.0003,0.1989],[0.1522,0.3492,0.1703,0.1553,0.0003,0.1726],[0.1444,0.4485,0.1261,0.1227,0.0003,0.158],[0.1361,0.4315,0.1421,0.1249,0.0003,0.165],[0.169,0.3042,0.1745,0.1746,0.0002,0.1775],[0.1449,0.3699,0.1601,0.1493,0.0003,0.1755],[0.1866,0.2577,0.177,0.205,0.0004,0.1733],[0.1836,0.259,0.1789,0.2004,0.0003,0.1777],[0.1769,0.2799,0.1744,0.1925,0.0002,0.1762],[0.1867,0.2576,0.1771,0.205,0.0002,0.1734],[0.1615,0.3239,0.173,0.1626,0.0003,0.1786],[0.1659,0.4266,0.1226,0.1516,0.0005,0.1328],[0.1866,0.2577,0.177,0.205,0.0004,0.1733],[0.2004,0.2007,0.1961,0.2252,0.0001,0.1775],[0.1639,0.5204,0.091,0.1141,0.0005,0.1101],[0.1886,0.4425,0.1004,0.1448,0.0004,0.1233],[0.1912,0.3868,0.1163,0.1703,0.0002,0.1352],[0.2419,0.327,0.1217,0.2041,0.0007,0.1047],[0.0008,0.9965,0.0007,0.0007,0.0004,0.0008],[0.0009,0.9964,0.0007,0.0007,0.0004,0.0008],[0.1053,0.6584,0.0699,0.0703,0.0003,0.0957],[0.1138,0.6279,0.0741,0.0727,0.0004,0.1111],[0.1735,0.3356,0.1251,0.2128,0.0006,0.1524],[0.142,0.5723,0.0747,0.1086,0.0005,0.1018],[0.1437,0.566,0.0742,0.1118,0.0005,0.1038],[0.133,0.6108,0.0625,0.098,0.0004,0.0954],[0.1239,0.6535,0.0495,0.0856,0.0004,0.0871],[0.1639,0.2849,0.163,0.1915,0.0004,0.1963],[0.1575,0.0751,0.2859,0.2411,0.0006,0.2398],[0.1611,0.1023,0.2566,0.243,0.0006,0.2365],[0.184,0.2407,0.1864,0.2,0.0004,0.1885],[0.1816,0.1718,0.2128,0.2325,0.0003,0.201],[0.1637,0.101,0.2602,0.2392,0.0006,0.2354],[0.1956,0.1607,0.2263,0.2364,0.0003,0.1806],[0.1495,0.3186,0.1825,0.168,0.0006,0.1808],[0.0011,0.9952,0.001,0.001,0.0005,0.0011],[0.1363,0.4205,0.1437,0.1299,0.0004,0.1692],[0.1554,0.1407,0.2954,0.2065,0.0004,0.2016],[0.1612,0.0592,0.3611,0.2256,0.0005,0.1925],[0.1675,0.2877,0.1791,0.1712,0.0008,0.1937],[0.1871,0.1075,0.2465,0.2573,0.0002,0.2015],[0.1846,0.0809,0.2818,0.249,0.0002,0.2035],[0.1698,0.147,0.2606,0.213,0.0002,0.2095],[0.1785,0.1137,0.2641,0.2377,0.0002,0.2058],[0.114,0.4904,0.1295,0.0945,0.0005,0.1712],[0.104,0.636,0.0668,0.0838,0.0006,0.1088],[0.1299,0.5283,0.0943,0.1156,0.0005,0.1315],[0.1683,0.0832,0.3055,0.2377,0.0004,0.2049],[0.1715,0.2755,0.1936,0.1821,0.0004,0.1768],[0.1804,0.1394,0.2378,0.2354,0.0003,0.2068],[0.1771,0.332,0.1564,0.1752,0.0003,0.1591],[0.198,0.2926,0.1619,0.1897,0.0003,0.1576],[0.1867,0.2576,0.1771,0.205,0.0002,0.1734],[0.2076,0.2614,0.1674,0.1979,0.0002,0.1655],[0.1866,0.2577,0.177,0.205,0.0003,0.1733],[0.1867,0.2576,0.1771,0.205,0.0002,0.1734],[0.2087,0.3298,0.1099,0.2037,0.0006,0.1472],[0.1972,0.2692,0.1695,0.2012,0.0002,0.1627],[0.0115,0.9481,0.0103,0.0106,0.0086,0.0108],[0.1447,0.5711,0.0735,0.1043,0.0005,0.1059],[0.1228,0.6156,0.0768,0.0747,0.0005,0.1096],[0.1575,0.1128,0.2946,0.2191,0.0004,0.2156],[0.1497,0.166,0.2822,0.1889,0.0004,0.2128],[0.1553,0.1214,0.2622,0.2326,0.0004,0.2281],[0.1828,0.2594,0.1794,0.1992,0.0004,0.1788],[0.1942,0.2504,0.1836,0.1978,0.0006,0.1734],[0.1819,0.2594,0.1812,0.1984,0.0008,0.1783],[0.1437,0.566,0.0742,0.1118,0.0005,0.1038],[0.1866,0.2577,0.177,0.205,0.0004,0.1733],[0.2002,0.3015,0.1449,0.2018,0.0003,0.1513],[0.1805,0.3395,0.149,0.1755,0.0002,0.1554],[0.1836,0.2398,0.1926,0.1993,0.0003,0.1844],[0.1387,0.3185,0.2072,0.1632,0.0009,0.1716],[0.126,0.0453,0.4026,0.1896,0.0007,0.2358],[0.202,0.248,0.1745,0.2121,0.0002,0.1633],[0.2079,0.2675,0.1661,0.203,0.0002,0.1554],[0.196,0.3062,0.1523,0.1875,0.0002,0.1578],[0.2,0.3012,0.1472,0.2002,0.0002,0.1511],[0.2025,0.3241,0.1351,0.1917,0.0003,0.1462],[0.1775,0.3333,0.1534,0.1754,0.0003,0.16],[0.1818,0.3897,0.1309,0.1529,0.0003,0.1444],[0.1852,0.2581,0.1785,0.2028,0.0003,0.1751],[0.1555,0.1291,0.3091,0.1971,0.0003,0.2089],[0.1683,0.1699,0.2526,0.217,0.0006,0.1916],[0.1679,0.297,0.176,0.1797,0.0003,0.179],[0.16,0.414,0.1453,0.1309,0.0004,0.1494],[0.1643,0.3275,0.1948,0.1438,0.0003,0.1693],[0.1735,0.3408,0.1474,0.1762,0.0004,0.1617],[0.1713,0.3963,0.1323,0.1579,0.0004,0.1418],[0.1549,0.5043,0.0877,0.128,0.0004,0.1248],[0.1652,0.4462,0.1119,0.1458,0.0003,0.1305],[0.1624,0.3094,0.1917,0.1631,0.0004,0.1731],[0.1554,0.1909,0.2351,0.1963,0.0003,0.222],[0.1813,0.122,0.2517,0.2343,0.0003,0.2103],[0.166,0.2607,0.1893,0.1834,0.0005,0.2001],[0.1675,0.2967,0.1853,0.17,0.0003,0.1801],[0.1941,0.161,0.2175,0.2202,0.0004,0.2068],[0.1861,0.2583,0.1764,0.205,0.0017,0.1725],[0.1864,0.2579,0.1768,0.205,0.0008,0.173],[0.1741,0.0375,0.3458,0.2728,0.0008,0.1691],[0.1345,0.0209,0.4483,0.2244,0.0007,0.1712],[0.1512,0.1718,0.3102,0.1655,0.0005,0.2009],[0.1866,0.2578,0.1769,0.205,0.0006,0.1732],[0.1838,0.2522,0.178,0.1976,0.0006,0.1878],[0.1793,0.2255,0.1991,0.1974,0.0009,0.1977],[0.1667,0.1667,0.1667,0.1667,0.1667,0.1667],[0.1082,0.0099,0.36,0.2639,0.0009,0.2571],[0.1247,0.0133,0.4676,0.2171,0.0007,0.1766],[0.1806,0.1109,0.2317,0.254,0.0004,0.2224],[0.1864,0.2579,0.1768,0.205,0.0008,0.173],[0.1788,0.2612,0.1816,0.1934,0.0008,0.1842],[0.1635,0.0654,0.3018,0.2394,0.0005,0.2296],[0.1864,0.2579,0.1768,0.205,0.0008,0.173],[0.169,0.1328,0.2507,0.2282,0.0004,0.219],[0.1612,0.1549,0.2646,0.21,0.0003,0.209],[0.1684,0.2953,0.175,0.181,0.0003,0.1801],[0.1668,0.4309,0.1085,0.1548,0.0003,0.1387]],"lda_config":{"method":"sklearn.LatentDirichletAllocation online","max_iter":60,"doc_topic_prior":0.45,"topic_word_prior":0.2,"random_state":42,"wordification":"band-frequency","quantization_scale":12},"generated_at":"2026-05-14T01:09:25Z","builder_version":"build_band_masked_topic_models_hidsag v0.1"}