{"scene_id":"kennedy-space-center","mask_id":"vnir","mask_label":"VNIR-only (400-1100 nm)","mask_description":"Visible + near-infrared bands only. Removes SWIR signal so topics can only express visible-light + chlorophyll-region absorption.","spatial_shape":[512,614],"topic_count":12,"document_count":2686,"vocabulary_size":59,"n_bands_full":176,"n_bands_kept":59,"kept_band_indices":[0,1,2,3,4,5,6,7,8,9,10,11,12,13,14,15,16,17,18,19,20,21,22,23,24,25,26,27,28,29,30,31,32,33,34,35,36,37,38,39,40,41,42,43,44,45,46,47,48,49,50,51,52,53,54,55,56,57,58],"wavelengths_nm_kept_first_last":[400.0,1096.0],"wavelengths_nm_kept":[400.0,412.0,424.0,436.0,448.0,460.0,472.0,484.0,496.0,508.0,520.0,532.0,544.0,556.0,568.0,580.0,592.0,604.0,616.0,628.0,640.0,652.0,664.0,676.0,688.0,700.0,712.0,724.0,736.0,748.0,760.0,772.0,784.0,796.0,808.0,820.0,832.0,844.0,856.0,868.0,880.0,892.0,904.0,916.0,928.0,940.0,952.0,964.0,976.0,988.0,1000.0,1012.0,1024.0,1036.0,1048.0,1060.0,1072.0,1084.0,1096.0],"topic_prevalence":[0.055927,0.05222,0.042303,0.04798,0.038874,0.040347,0.101214,0.158831,0.088776,0.177653,0.050184,0.145691],"topic_distance_cosine":[[0.0,0.01858,0.049686,0.028576,0.078985,0.02287,0.110177,0.024273,0.022151,0.159015,0.022079,0.612736],[0.01858,0.0,0.047299,0.024609,0.077421,0.039068,0.126091,0.04767,0.044243,0.150907,0.034033,0.572634],[0.049686,0.047299,0.0,0.040103,0.067121,0.057918,0.127756,0.100242,0.095881,0.136886,0.061511,0.493961],[0.028576,0.024609,0.040103,0.0,0.068603,0.041967,0.127347,0.068636,0.063999,0.142662,0.037362,0.527907],[0.078985,0.077421,0.067121,0.068603,0.0,0.064691,0.050453,0.148885,0.118693,0.091624,0.071982,0.366632],[0.02287,0.039068,0.057918,0.041967,0.064691,0.0,0.080829,0.051867,0.036547,0.093325,0.022177,0.552093],[0.110177,0.126091,0.127756,0.127347,0.050453,0.080829,0.0,0.171109,0.132854,0.081924,0.103883,0.413413],[0.024273,0.04767,0.100242,0.068636,0.148885,0.051867,0.171109,0.0,0.009883,0.235552,0.037722,0.777232],[0.022151,0.044243,0.095881,0.063999,0.118693,0.036547,0.132854,0.009883,0.0,0.192354,0.02919,0.691812],[0.159015,0.150907,0.136886,0.142662,0.091624,0.093325,0.081924,0.235552,0.192354,0.0,0.139493,0.384167],[0.022079,0.034033,0.061511,0.037362,0.071982,0.022177,0.103883,0.037722,0.02919,0.139493,0.0,0.567046],[0.612736,0.572634,0.493961,0.527907,0.366632,0.552093,0.413413,0.777232,0.691812,0.384167,0.567046,0.0]],"top_words_per_topic_lambda_05":[["0940nm","0808nm","0820nm","0880nm","0796nm","1024nm","0892nm","1036nm","1012nm","0832nm","0988nm","0964nm","0928nm","0904nm","1060nm"],["0844nm","0880nm","0976nm","0820nm","0808nm","0784nm","0856nm","0892nm","0832nm","0964nm","0796nm","0952nm","0988nm","0904nm","0580nm"],["0796nm","0808nm","0832nm","0820nm","0592nm","0784nm","0928nm","0904nm","0868nm","1084nm","0964nm","1036nm","0856nm","1000nm","0556nm"],["0796nm","0916nm","0784nm","0568nm","0940nm","0820nm","1000nm","0808nm","1048nm","0580nm","0868nm","0856nm","0832nm","0880nm","0844nm"],["0412nm","0784nm","0808nm","1036nm","1096nm","0916nm","1024nm","0796nm","1048nm","1084nm","1072nm","0844nm","0928nm","0856nm","0580nm"],["0952nm","1012nm","1096nm","0928nm","1060nm","1084nm","0880nm","1036nm","0796nm","0988nm","0964nm","0940nm","0820nm","1072nm","0832nm"],["0412nm","0424nm","1060nm","0796nm","0784nm","1084nm","1048nm","0988nm","0736nm","0808nm","1072nm","1000nm","0820nm","1036nm","1024nm"],["1036nm","1096nm","0976nm","0988nm","0868nm","1000nm","1012nm","1072nm","0928nm","1024nm","0952nm","1084nm","0904nm","0964nm","1060nm"],["1084nm","1048nm","0856nm","1060nm","0964nm","0916nm","0940nm","1000nm","0928nm","1072nm","0952nm","1012nm","1024nm","0892nm","1096nm"],["0784nm","0772nm","0760nm","0724nm","0712nm","0748nm","0796nm","0736nm","0700nm","0688nm","0676nm","0664nm","1096nm","0652nm","0808nm"],["1000nm","1096nm","1072nm","1060nm","0976nm","1024nm","1012nm","0892nm","1084nm","0988nm","0904nm","0952nm","0964nm","0796nm","0916nm"],["0604nm","0580nm","0592nm","0616nm","0568nm","0496nm","0520nm","0532nm","0556nm","0544nm","0508nm","0436nm","0472nm","0412nm","0484nm"]],"p_label_given_topic_dominant":[[{"label_id":1,"name":"Scrub","count":1,"p":0.3333333333333333},{"label_id":2,"name":"Willow swamp","count":0,"p":0.0},{"label_id":3,"name":"CP hammock","count":0,"p":0.0},{"label_id":4,"name":"Slash pine","count":0,"p":0.0},{"label_id":5,"name":"Oak/Broadleaf","count":0,"p":0.0},{"label_id":6,"name":"Hardwood","count":0,"p":0.0},{"label_id":7,"name":"Swamp","count":0,"p":0.0},{"label_id":8,"name":"Graminoid marsh","count":0,"p":0.0},{"label_id":9,"name":"Spartina marsh","count":0,"p":0.0},{"label_id":10,"name":"Cattail marsh","count":0,"p":0.0},{"label_id":11,"name":"Salt marsh","count":0,"p":0.0},{"label_id":12,"name":"Mud flats","count":2,"p":0.6666666666666666},{"label_id":13,"name":"Water","count":0,"p":0.0}],[{"label_id":1,"name":"Scrub","count":6,"p":0.17647058823529413},{"label_id":2,"name":"Willow swamp","count":25,"p":0.7352941176470589},{"label_id":3,"name":"CP hammock","count":0,"p":0.0},{"label_id":4,"name":"Slash pine","count":0,"p":0.0},{"label_id":5,"name":"Oak/Broadleaf","count":0,"p":0.0},{"label_id":6,"name":"Hardwood","count":1,"p":0.029411764705882353},{"label_id":7,"name":"Swamp","count":0,"p":0.0},{"label_id":8,"name":"Graminoid marsh","count":2,"p":0.058823529411764705},{"label_id":9,"name":"Spartina marsh","count":0,"p":0.0},{"label_id":10,"name":"Cattail marsh","count":0,"p":0.0},{"label_id":11,"name":"Salt marsh","count":0,"p":0.0},{"label_id":12,"name":"Mud flats","count":0,"p":0.0},{"label_id":13,"name":"Water","count":0,"p":0.0}],[{"label_id":1,"name":"Scrub","count":4,"p":0.06666666666666667},{"label_id":2,"name":"Willow swamp","count":52,"p":0.8666666666666667},{"label_id":3,"name":"CP hammock","count":0,"p":0.0},{"label_id":4,"name":"Slash pine","count":0,"p":0.0},{"label_id":5,"name":"Oak/Broadleaf","count":0,"p":0.0},{"label_id":6,"name":"Hardwood","count":0,"p":0.0},{"label_id":7,"name":"Swamp","count":0,"p":0.0},{"label_id":8,"name":"Graminoid marsh","count":4,"p":0.06666666666666667},{"label_id":9,"name":"Spartina marsh","count":0,"p":0.0},{"label_id":10,"name":"Cattail marsh","count":0,"p":0.0},{"label_id":11,"name":"Salt marsh","count":0,"p":0.0},{"label_id":12,"name":"Mud flats","count":0,"p":0.0},{"label_id":13,"name":"Water","count":0,"p":0.0}],[{"label_id":1,"name":"Scrub","count":8,"p":0.10810810810810811},{"label_id":2,"name":"Willow swamp","count":63,"p":0.8513513513513513},{"label_id":3,"name":"CP hammock","count":0,"p":0.0},{"label_id":4,"name":"Slash pine","count":0,"p":0.0},{"label_id":5,"name":"Oak/Broadleaf","count":0,"p":0.0},{"label_id":6,"name":"Hardwood","count":2,"p":0.02702702702702703},{"label_id":7,"name":"Swamp","count":0,"p":0.0},{"label_id":8,"name":"Graminoid marsh","count":1,"p":0.013513513513513514},{"label_id":9,"name":"Spartina marsh","count":0,"p":0.0},{"label_id":10,"name":"Cattail marsh","count":0,"p":0.0},{"label_id":11,"name":"Salt marsh","count":0,"p":0.0},{"label_id":12,"name":"Mud flats","count":0,"p":0.0},{"label_id":13,"name":"Water","count":0,"p":0.0}],[{"label_id":1,"name":"Scrub","count":2,"p":0.5},{"label_id":2,"name":"Willow swamp","count":0,"p":0.0},{"label_id":3,"name":"CP hammock","count":0,"p":0.0},{"label_id":4,"name":"Slash pine","count":0,"p":0.0},{"label_id":5,"name":"Oak/Broadleaf","count":0,"p":0.0},{"label_id":6,"name":"Hardwood","count":0,"p":0.0},{"label_id":7,"name":"Swamp","count":0,"p":0.0},{"label_id":8,"name":"Graminoid marsh","count":2,"p":0.5},{"label_id":9,"name":"Spartina marsh","count":0,"p":0.0},{"label_id":10,"name":"Cattail marsh","count":0,"p":0.0},{"label_id":11,"name":"Salt marsh","count":0,"p":0.0},{"label_id":12,"name":"Mud flats","count":0,"p":0.0},{"label_id":13,"name":"Water","count":0,"p":0.0}],[{"label_id":1,"name":"Scrub","count":0,"p":0.0},{"label_id":2,"name":"Willow swamp","count":1,"p":0.2},{"label_id":3,"name":"CP hammock","count":0,"p":0.0},{"label_id":4,"name":"Slash pine","count":0,"p":0.0},{"label_id":5,"name":"Oak/Broadleaf","count":0,"p":0.0},{"label_id":6,"name":"Hardwood","count":0,"p":0.0},{"label_id":7,"name":"Swamp","count":0,"p":0.0},{"label_id":8,"name":"Graminoid marsh","count":0,"p":0.0},{"label_id":9,"name":"Spartina marsh","count":0,"p":0.0},{"label_id":10,"name":"Cattail marsh","count":4,"p":0.8},{"label_id":11,"name":"Salt marsh","count":0,"p":0.0},{"label_id":12,"name":"Mud flats","count":0,"p":0.0},{"label_id":13,"name":"Water","count":0,"p":0.0}],[{"label_id":1,"name":"Scrub","count":18,"p":0.07171314741035857},{"label_id":2,"name":"Willow swamp","count":0,"p":0.0},{"label_id":3,"name":"CP hammock","count":0,"p":0.0},{"label_id":4,"name":"Slash pine","count":3,"p":0.01195219123505976},{"label_id":5,"name":"Oak/Broadleaf","count":2,"p":0.00796812749003984},{"label_id":6,"name":"Hardwood","count":2,"p":0.00796812749003984},{"label_id":7,"name":"Swamp","count":0,"p":0.0},{"label_id":8,"name":"Graminoid marsh","count":89,"p":0.3545816733067729},{"label_id":9,"name":"Spartina marsh","count":1,"p":0.00398406374501992},{"label_id":10,"name":"Cattail marsh","count":64,"p":0.2549800796812749},{"label_id":11,"name":"Salt marsh","count":0,"p":0.0},{"label_id":12,"name":"Mud flats","count":72,"p":0.2868525896414343},{"label_id":13,"name":"Water","count":0,"p":0.0}],[{"label_id":1,"name":"Scrub","count":26,"p":0.027111574556830033},{"label_id":2,"name":"Willow swamp","count":71,"p":0.0740354535974974},{"label_id":3,"name":"CP hammock","count":210,"p":0.21897810218978103},{"label_id":4,"name":"Slash pine","count":199,"p":0.20750782064650677},{"label_id":5,"name":"Oak/Broadleaf","count":151,"p":0.15745568300312826},{"label_id":6,"name":"Hardwood","count":181,"p":0.18873826903023982},{"label_id":7,"name":"Swamp","count":105,"p":0.10948905109489052},{"label_id":8,"name":"Graminoid marsh","count":9,"p":0.009384775808133473},{"label_id":9,"name":"Spartina marsh","count":0,"p":0.0},{"label_id":10,"name":"Cattail marsh","count":3,"p":0.0031282586027111575},{"label_id":11,"name":"Salt marsh","count":0,"p":0.0},{"label_id":12,"name":"Mud flats","count":4,"p":0.004171011470281543},{"label_id":13,"name":"Water","count":0,"p":0.0}],[{"label_id":1,"name":"Scrub","count":17,"p":0.26153846153846155},{"label_id":2,"name":"Willow swamp","count":0,"p":0.0},{"label_id":3,"name":"CP hammock","count":3,"p":0.046153846153846156},{"label_id":4,"name":"Slash pine","count":16,"p":0.24615384615384617},{"label_id":5,"name":"Oak/Broadleaf","count":6,"p":0.09230769230769231},{"label_id":6,"name":"Hardwood","count":18,"p":0.27692307692307694},{"label_id":7,"name":"Swamp","count":0,"p":0.0},{"label_id":8,"name":"Graminoid marsh","count":1,"p":0.015384615384615385},{"label_id":9,"name":"Spartina marsh","count":0,"p":0.0},{"label_id":10,"name":"Cattail marsh","count":0,"p":0.0},{"label_id":11,"name":"Salt marsh","count":0,"p":0.0},{"label_id":12,"name":"Mud flats","count":4,"p":0.06153846153846154},{"label_id":13,"name":"Water","count":0,"p":0.0}],[{"label_id":1,"name":"Scrub","count":56,"p":0.07008760951188986},{"label_id":2,"name":"Willow swamp","count":8,"p":0.010012515644555695},{"label_id":3,"name":"CP hammock","count":7,"p":0.008760951188986232},{"label_id":4,"name":"Slash pine","count":2,"p":0.0025031289111389237},{"label_id":5,"name":"Oak/Broadleaf","count":2,"p":0.0025031289111389237},{"label_id":6,"name":"Hardwood","count":14,"p":0.017521902377972465},{"label_id":7,"name":"Swamp","count":0,"p":0.0},{"label_id":8,"name":"Graminoid marsh","count":112,"p":0.14017521902377972},{"label_id":9,"name":"Spartina marsh","count":219,"p":0.27409261576971217},{"label_id":10,"name":"Cattail marsh","count":149,"p":0.18648310387984982},{"label_id":11,"name":"Salt marsh","count":201,"p":0.25156445556946183},{"label_id":12,"name":"Mud flats","count":29,"p":0.03629536921151439},{"label_id":13,"name":"Water","count":0,"p":0.0}],[{"label_id":1,"name":"Scrub","count":7,"p":0.7777777777777778},{"label_id":2,"name":"Willow swamp","count":0,"p":0.0},{"label_id":3,"name":"CP hammock","count":0,"p":0.0},{"label_id":4,"name":"Slash pine","count":0,"p":0.0},{"label_id":5,"name":"Oak/Broadleaf","count":0,"p":0.0},{"label_id":6,"name":"Hardwood","count":1,"p":0.1111111111111111},{"label_id":7,"name":"Swamp","count":0,"p":0.0},{"label_id":8,"name":"Graminoid marsh","count":0,"p":0.0},{"label_id":9,"name":"Spartina marsh","count":0,"p":0.0},{"label_id":10,"name":"Cattail marsh","count":0,"p":0.0},{"label_id":11,"name":"Salt marsh","count":0,"p":0.0},{"label_id":12,"name":"Mud flats","count":1,"p":0.1111111111111111},{"label_id":13,"name":"Water","count":0,"p":0.0}],[{"label_id":1,"name":"Scrub","count":75,"p":0.1773049645390071},{"label_id":2,"name":"Willow swamp","count":0,"p":0.0},{"label_id":3,"name":"CP hammock","count":0,"p":0.0},{"label_id":4,"name":"Slash pine","count":0,"p":0.0},{"label_id":5,"name":"Oak/Broadleaf","count":0,"p":0.0},{"label_id":6,"name":"Hardwood","count":1,"p":0.002364066193853428},{"label_id":7,"name":"Swamp","count":0,"p":0.0},{"label_id":8,"name":"Graminoid marsh","count":0,"p":0.0},{"label_id":9,"name":"Spartina marsh","count":0,"p":0.0},{"label_id":10,"name":"Cattail marsh","count":0,"p":0.0},{"label_id":11,"name":"Salt marsh","count":19,"p":0.04491725768321513},{"label_id":12,"name":"Mud flats","count":108,"p":0.2553191489361702},{"label_id":13,"name":"Water","count":220,"p":0.5200945626477541}]],"docs_per_topic_dominant":[3,34,60,74,4,5,251,959,65,799,9,423],"perplexity_train":56.60669078187658,"ari_dominant_vs_label":0.22017429282754483,"mean_confidence":0.4213196337223053,"lda_config":{"method":"sklearn.LatentDirichletAllocation online","max_iter":60,"doc_topic_prior":0.45,"topic_word_prior":0.2,"random_state":42,"wordification":"band-frequency","quantization_scale":12,"samples_per_class":220},"dominant_topic_map":{"format":"binary_uint8","shape":[512,614],"sentinel_unlabelled":255,"served_path":"data/derived/band_masks/kennedy-space-center/vnir/dominant_topic_map.bin"},"theta_grid":{"format":"binary_float32","shape":[512,614,12],"dtype":"float32","sentinel":"all_zero_vector","byte_order":"little_endian","served_path":"data/derived/band_masks/kennedy-space-center/vnir/theta_grid.bin"},"generated_at":"2026-05-13T02:14:08Z","builder_version":"build_band_masked_topic_models v0.1"}