{"scene_id":"botswana","scene_name":"Botswana","topic_count":12,"vocabulary_size":145,"document_count":2775,"wavelengths_nm":[400.0,414.58,429.17,443.75,458.33,472.92,487.5,502.08,516.67,531.25,545.83,560.42,575.0,589.58,604.17,618.75,633.33,647.92,662.5,677.08,691.67,706.25,720.83,735.42,750.0,764.58,779.17,793.75,808.33,822.92,837.5,852.08,866.67,881.25,895.83,910.42,925.0,939.58,954.17,968.75,983.33,997.92,1012.5,1027.08,1041.67,1056.25,1070.83,1085.42,1100.0,1114.58,1129.17,1143.75,1158.33,1172.92,1187.5,1202.08,1216.67,1231.25,1245.83,1260.42,1275.0,1289.58,1304.17,1318.75,1333.33,1347.92,1362.5,1377.08,1391.67,1406.25,1420.83,1435.42,1450.0,1464.58,1479.17,1493.75,1508.33,1522.92,1537.5,1552.08,1566.67,1581.25,1595.83,1610.42,1625.0,1639.58,1654.17,1668.75,1683.33,1697.92,1712.5,1727.08,1741.67,1756.25,1770.83,1785.42,1800.0,1814.58,1829.17,1843.75,1858.33,1872.92,1887.5,1902.08,1916.67,1931.25,1945.83,1960.42,1975.0,1989.58,2004.17,2018.75,2033.33,2047.92,2062.5,2077.08,2091.67,2106.25,2120.83,2135.42,2150.0,2164.58,2179.17,2193.75,2208.33,2222.92,2237.5,2252.08,2266.67,2281.25,2295.83,2310.42,2325.0,2339.58,2354.17,2368.75,2383.33,2397.92,2412.5,2427.08,2441.67,2456.25,2470.83,2485.42,2500.0],"vocabulary":["0400nm","0415nm","0429nm","0444nm","0458nm","0473nm","0488nm","0502nm","0517nm","0531nm","0546nm","0560nm","0575nm","0590nm","0604nm","0619nm","0633nm","0648nm","0662nm","0677nm","0692nm","0706nm","0721nm","0735nm","0750nm","0765nm","0779nm","0794nm","0808nm","0823nm","0838nm","0852nm","0867nm","0881nm","0896nm","0910nm","0925nm","0940nm","0954nm","0969nm","0983nm","0998nm","1012nm","1027nm","1042nm","1056nm","1071nm","1085nm","1100nm","1115nm","1129nm","1144nm","1158nm","1173nm","1188nm","1202nm","1217nm","1231nm","1246nm","1260nm","1275nm","1290nm","1304nm","1319nm","1333nm","1348nm","1362nm","1377nm","1392nm","1406nm","1421nm","1435nm","1450nm","1465nm","1479nm","1494nm","1508nm","1523nm","1538nm","1552nm","1567nm","1581nm","1596nm","1610nm","1625nm","1640nm","1654nm","1669nm","1683nm","1698nm","1712nm","1727nm","1742nm","1756nm","1771nm","1785nm","1800nm","1815nm","1829nm","1844nm","1858nm","1873nm","1888nm","1902nm","1917nm","1931nm","1946nm","1960nm","1975nm","1990nm","2004nm","2019nm","2033nm","2048nm","2062nm","2077nm","2092nm","2106nm","2121nm","2135nm","2150nm","2165nm","2179nm","2194nm","2208nm","2223nm","2238nm","2252nm","2267nm","2281nm","2296nm","2310nm","2325nm","2340nm","2354nm","2369nm","2383nm","2398nm","2412nm","2427nm","2442nm","2456nm","2471nm","2485nm","2500nm"],"corpus_marginal":[0.019235,0.018987,0.018027,0.017105,0.015445,0.015089,0.014886,0.013817,0.014289,0.014037,0.013961,0.013806,0.013113,0.01257,0.012431,0.012197,0.012332,0.011722,0.011315,0.011272,0.011245,0.010689,0.010914,0.010764,0.010228,0.010869,0.012819,0.012041,0.014146,0.016302,0.016177,0.011261,0.01619,0.016884,0.016185,0.015868,0.014158,0.01309,0.014166,0.015221,0.014997,0.015145,0.015197,0.015282,0.013773,0.011672,0.007078,0.009336,0.010895,0.011708,0.011629,0.011831,0.011748,0.011212,0.011059,0.010991,0.010656,0.010321,0.009879,0.008472,0.006804,0.003163,0.0056,0.006443,0.006432,0.006609,0.006544,0.007202,0.007508,0.007614,0.007555,0.00715,0.006205,0.006928,0.007171,0.006584,0.005526,0.004482,0.003325,0.002941,0.000762,0.002238,0.002825,0.003186,0.003343,0.003456,0.003533,0.003539,0.003411,0.003358,0.003456,0.003405,0.003378,0.003518,0.003528,0.003437,0.003404,0.003404,0.003352,0.003291,0.003252,0.003183,0.003066,0.002918,0.002781,0.00258,0.002498,0.002197,0.001583,0.000356,4e-06,0.0,0.00017,0.000128,1e-06,1e-06,3.3e-05,0.00014,0.000175,0.000187,0.000169,0.000188,0.000216,0.000187,0.000145,0.000108,0.000109,5.5e-05,3.7e-05,2.4e-05,4.8e-05,5e-05,2.8e-05,2e-05,1.3e-05,4e-06,3e-06,3e-06,0.0,1e-06,0.0,0.0,0.0,0.0,0.0],"topic_prevalence":[0.121616,0.159669,0.09536,0.195518,0.04256,0.006575,0.020899,0.003557,0.09055,0.035394,0.147081,0.081221],"topic_band_profiles":[[0.02401,0.021546,0.015799,0.016318,0.018851,0.015378,0.011536,0.01345,0.012534,0.009245,0.010762,0.012046,0.016033,0.011338,0.01061,0.00993,0.008836,0.008325,0.007586,0.007803,0.008903,0.006997,0.007596,0.007941,0.007878,0.008071,0.009664,0.011045,0.013087,0.021932,0.019207,0.012614,0.017947,0.018459,0.02101,0.019219,0.013524,0.014372,0.014689,0.018065,0.0168,0.019165,0.019868,0.016975,0.016351,0.016308,0.009187,0.010318,0.013522,0.012792,0.013256,0.012837,0.014889,0.01364,0.013427,0.01555,0.011189,0.012217,0.010595,0.009242,0.008,0.004681,0.004211,0.006135,0.005282,0.005582,0.004487,0.008429,0.008831,0.011163,0.010121,0.008454,0.005605,0.007614,0.009024,0.004671,0.004149,0.004402,0.003368,0.002546,2e-06,6.7e-05,0.000285,0.00087,0.001781,0.002591,0.0029,0.003468,0.002948,0.003322,0.003412,0.003323,0.003143,0.003885,0.003701,0.003534,0.004228,0.003719,0.002866,0.003114,0.002872,0.002217,0.001181,0.000584,0.000419,0.000202,0.000153,8.5e-05,1.7e-05,2e-06,2e-06,2e-06,2e-06,2e-06,2e-06,2e-06,2e-06,2e-06,2e-06,2e-06,2e-06,2e-06,2e-06,2e-06,2e-06,2e-06,2e-06,2e-06,2e-06,2e-06,2e-06,2e-06,2e-06,2e-06,2e-06,2e-06,2e-06,2e-06,2e-06,2e-06,2e-06,2e-06,2e-06,2e-06,2e-06],[0.019554,0.018608,0.018609,0.017246,0.014101,0.014274,0.016807,0.016507,0.016466,0.016768,0.013395,0.01525,0.014906,0.00957,0.011742,0.013362,0.011365,0.013654,0.011884,0.011458,0.01381,0.013373,0.013311,0.015762,0.012042,0.012158,0.012374,0.010528,0.011217,0.012933,0.013018,0.0089,0.013428,0.011357,0.011876,0.01196,0.010722,0.011259,0.01055,0.013362,0.011448,0.01299,0.011618,0.012715,0.0109,0.009107,0.006369,0.009254,0.009925,0.009534,0.009326,0.010713,0.009636,0.009995,0.009555,0.010183,0.009234,0.009467,0.008888,0.007091,0.005178,0.003883,0.006226,0.006023,0.006047,0.006069,0.006251,0.007065,0.006592,0.007596,0.007716,0.00636,0.006081,0.006594,0.007068,0.006547,0.00715,0.004337,0.003703,0.003631,2e-06,0.00898,0.007709,0.00445,0.004376,0.003884,0.004472,0.004227,0.003971,0.003747,0.004433,0.004062,0.003983,0.003963,0.003777,0.003776,0.004222,0.004194,0.004173,0.003976,0.004642,0.005023,0.004986,0.005872,0.007455,0.009137,0.01019,0.008447,0.000288,1e-06,1e-06,1e-06,1e-06,1e-06,1e-06,1e-06,1e-06,1e-06,1e-06,1e-06,1e-06,1e-06,1e-06,1e-06,1e-06,1e-06,1e-06,1e-06,1e-06,1e-06,1e-06,1e-06,1e-06,1e-06,1e-06,1e-06,1e-06,1e-06,1e-06,1e-06,1e-06,1e-06,1e-06,1e-06,1e-06],[0.013061,0.011464,0.012076,0.012593,0.012313,0.014285,0.01203,0.012129,0.011874,0.012484,0.012988,0.013073,0.013964,0.013677,0.012986,0.01343,0.014959,0.013862,0.01329,0.013684,0.013376,0.013554,0.014691,0.012675,0.013667,0.012431,0.014863,0.013047,0.013376,0.016402,0.015648,0.01071,0.014656,0.015257,0.015701,0.014622,0.014418,0.0125,0.013992,0.014889,0.014896,0.013962,0.013646,0.014091,0.013947,0.012252,0.00719,0.007396,0.010851,0.012752,0.012995,0.013371,0.012353,0.011387,0.012522,0.011779,0.012217,0.011106,0.009461,0.008983,0.007279,0.001686,0.005735,0.006336,0.005602,0.006952,0.006915,0.009406,0.009726,0.010542,0.010036,0.009046,0.005405,0.008265,0.00935,0.006613,0.006431,0.008954,0.001735,0.002356,0.005112,0.003824,0.002042,0.001834,0.002294,0.002986,0.002992,0.003477,0.002356,0.002112,0.002528,0.001996,0.002315,0.003146,0.003319,0.002245,0.001956,0.001885,0.001598,0.001932,0.001669,0.001308,0.001611,0.001717,0.002337,0.002599,0.002898,0.004268,0.012239,0.001108,2e-06,2e-06,2e-06,2e-06,2e-06,2e-06,2e-06,2e-06,2e-06,2e-06,2e-06,2e-06,2e-06,2e-06,2e-06,2e-06,2e-06,2e-06,2e-06,2e-06,2e-06,2e-06,2e-06,2e-06,2e-06,2e-06,2e-06,2e-06,2e-06,2e-06,2e-06,2e-06,2e-06,2e-06,2e-06],[0.015531,0.015454,0.017883,0.015967,0.013992,0.014423,0.013216,0.012748,0.011713,0.011898,0.01413,0.011941,0.010529,0.012518,0.010219,0.01011,0.012001,0.010138,0.010682,0.011214,0.009952,0.0094,0.010165,0.008164,0.009978,0.009197,0.0121,0.01119,0.012671,0.014471,0.012963,0.010811,0.013526,0.015941,0.014506,0.013404,0.013257,0.011516,0.014723,0.012752,0.013479,0.012235,0.014954,0.013152,0.012707,0.009817,0.006074,0.008794,0.010921,0.01117,0.011286,0.00957,0.010793,0.010618,0.011399,0.01021,0.010602,0.01127,0.011382,0.008917,0.008164,0.003671,0.006129,0.009369,0.009492,0.008606,0.009058,0.00797,0.007559,0.006821,0.00699,0.007644,0.00969,0.00782,0.007678,0.00954,0.005724,0.003664,0.005103,0.004859,1e-06,0.000188,0.003862,0.00697,0.006902,0.006957,0.006044,0.00593,0.006014,0.006361,0.005845,0.006271,0.006532,0.005971,0.006211,0.006211,0.005724,0.005685,0.005724,0.006007,0.005574,0.005669,0.006223,0.005374,0.003739,0.001263,0.000651,0.000146,1.2e-05,1e-06,1e-06,1e-06,1e-06,1e-06,1e-06,1e-06,1e-06,1e-06,1e-06,1e-06,1e-06,1e-06,1e-06,1e-06,1e-06,1e-06,1e-06,1e-06,1e-06,1e-06,1e-06,1e-06,1e-06,1e-06,1e-06,1e-06,1e-06,1e-06,1e-06,1e-06,1e-06,1e-06,1e-06,1e-06,1e-06],[0.021115,0.02321,0.023801,0.022998,0.017964,0.016418,0.020485,0.017724,0.019729,0.018641,0.022786,0.019418,0.01637,0.018245,0.017453,0.013726,0.019358,0.015328,0.016914,0.01684,0.016543,0.013243,0.015864,0.018428,0.015765,0.018033,0.016415,0.013883,0.016366,0.013161,0.016541,0.011252,0.015595,0.015625,0.014949,0.016593,0.013539,0.00819,0.01105,0.012115,0.009791,0.013703,0.014181,0.013965,0.010768,0.007875,0.004216,0.007269,0.008304,0.007691,0.008128,0.00976,0.009725,0.008948,0.008928,0.008377,0.008558,0.008285,0.008711,0.008243,0.007051,0.002075,0.005482,0.005031,0.005725,0.005831,0.005623,0.006869,0.008773,0.006843,0.007789,0.00678,0.006609,0.005262,0.006494,0.005259,0.005909,0.003112,0.002638,0.000926,6e-06,0.001436,0.001254,0.001264,0.001289,0.001257,0.001242,0.001039,0.001408,0.001501,0.001379,0.001182,0.000861,0.001059,0.001663,0.001467,0.001463,0.001339,0.001075,0.001326,0.000951,0.001028,0.001288,0.000803,0.000915,0.000979,0.001,0.000846,0.000302,6e-06,6e-06,6e-06,6e-06,6e-06,6e-06,6e-06,6e-06,6e-06,6e-06,6e-06,6e-06,6e-06,6e-06,6e-06,6e-06,6e-06,6e-06,6e-06,6e-06,6e-06,6e-06,6e-06,6e-06,6e-06,6e-06,6e-06,6e-06,6e-06,6e-06,6e-06,6e-06,6e-06,6e-06,6e-06,6e-06],[0.010662,0.010905,0.013375,0.013018,0.012537,0.013962,0.014203,0.015007,0.014981,0.016047,0.015846,0.016134,0.016108,0.015684,0.017276,0.017968,0.018662,0.018004,0.017958,0.018515,0.018391,0.016782,0.018049,0.018684,0.016158,0.016566,0.014752,0.01219,0.013452,0.014311,0.011942,0.009131,0.01347,0.013076,0.012176,0.012349,0.010977,0.010697,0.011935,0.012379,0.011417,0.012579,0.010807,0.01148,0.009576,0.009403,0.005155,0.007261,0.007299,0.010129,0.010215,0.008345,0.008394,0.009466,0.007565,0.007011,0.006892,0.007665,0.007371,0.005782,0.003374,0.002341,0.00458,0.003913,0.004451,0.003843,0.003946,0.006419,0.005928,0.006315,0.006099,0.004751,0.004171,0.003721,0.005312,0.003449,0.00469,0.002369,0.004162,0.000552,0.0017,0.001458,0.004824,0.003211,0.002978,0.003332,0.00341,0.003293,0.002872,0.003033,0.003006,0.002875,0.003074,0.002867,0.002612,0.002894,0.00282,0.003023,0.00307,0.00345,0.003546,0.004279,0.005518,0.00428,0.001616,0.00088,0.000731,0.000757,0.001156,0.001574,6.4e-05,1.5e-05,0.002502,0.003357,1.6e-05,1.6e-05,0.004502,0.003072,0.002377,0.002181,0.002474,0.002182,0.001737,0.002166,0.00292,0.003966,0.003892,0.006923,0.004615,0.003294,0.006269,0.006239,0.003812,0.002776,0.00174,9.4e-05,1.6e-05,1.6e-05,1.5e-05,1.6e-05,1.5e-05,1.5e-05,1.5e-05,1.5e-05,1.5e-05],[0.011028,0.011527,0.011627,0.012487,0.011221,0.011167,0.012231,0.0116,0.01199,0.012066,0.012022,0.013131,0.013519,0.013636,0.014187,0.014524,0.014288,0.015181,0.014924,0.014854,0.015423,0.015482,0.016027,0.016599,0.014869,0.015182,0.012461,0.011991,0.012599,0.013023,0.011949,0.008059,0.013538,0.012962,0.01204,0.011875,0.009493,0.010499,0.010974,0.012021,0.011543,0.011582,0.011831,0.012169,0.009585,0.008997,0.005217,0.007374,0.008478,0.009752,0.009307,0.011594,0.010521,0.008085,0.008247,0.008305,0.008469,0.008969,0.009028,0.006532,0.005167,0.000758,0.00565,0.005665,0.005658,0.005638,0.00573,0.005546,0.007802,0.007728,0.007841,0.004624,0.005648,0.005194,0.004772,0.005984,0.005836,0.003357,0.004271,0.000634,0.004658,0.00203,0.003834,0.0059,0.006112,0.00577,0.005732,0.005721,0.006027,0.005912,0.006051,0.006046,0.005909,0.005863,0.005835,0.005939,0.006103,0.006031,0.005969,0.005456,0.005373,0.004451,0.001768,0.000704,0.001052,0.001452,0.001716,0.002074,0.002444,0.00653,5e-06,5e-06,0.005104,0.003931,5e-06,5e-06,5e-06,0.004309,0.005309,0.005621,0.005157,0.005612,0.006351,0.005627,0.004522,0.003212,0.003294,7e-06,5e-06,5e-06,5e-06,5e-06,5e-06,5e-06,5e-06,5e-06,5e-06,5e-06,5e-06,5e-06,5e-06,5e-06,5e-06,5e-06,5e-06],[0.01687,0.017829,0.014828,0.018374,0.019825,0.02015,0.016088,0.016747,0.017053,0.014138,0.018801,0.022869,0.019807,0.029644,0.022137,0.019798,0.015105,0.021391,0.02039,0.017942,0.018017,0.021989,0.021518,0.01221,0.014632,0.018303,0.017906,0.015652,0.018836,0.020315,0.018474,0.012049,0.018014,0.015185,0.017888,0.016688,0.010008,0.013111,0.01117,0.017511,0.014107,0.012613,0.017998,0.017564,0.011036,0.009746,0.006357,0.007071,0.005685,0.007279,0.008498,0.008604,0.011747,0.010478,0.008973,0.005605,0.00642,0.005712,0.005567,0.005478,0.004996,0.00271,0.001609,0.0043,0.003464,0.003262,0.005129,0.002694,0.002254,0.00332,0.00223,0.002226,0.003182,0.004442,0.003306,0.003451,0.001259,0.001482,0.001135,0.000191,0.000114,0.000217,0.000517,0.000412,0.001641,0.003291,0.002852,0.003635,0.000496,0.00079,0.001722,0.000879,0.000758,0.001461,0.001443,0.000636,0.001184,0.000995,0.000879,0.000965,0.000765,0.00047,0.000422,0.000752,0.000128,0.000326,0.000193,0.000115,0.000116,0.000114,0.003513,0.000112,0.000113,0.000113,0.001362,0.001362,0.000113,0.000113,0.000113,0.000113,0.000113,0.000113,0.000113,0.000113,0.000113,0.000113,0.000113,0.000113,0.000113,0.000114,0.000113,0.000113,0.000113,0.000114,0.000116,0.00329,0.002613,0.002613,0.000112,0.001362,0.000112,0.000112,0.000112,0.000112,0.000112],[0.015547,0.019169,0.014355,0.01498,0.015077,0.01253,0.010808,0.009993,0.013501,0.012752,0.013346,0.012087,0.008534,0.013728,0.015443,0.013623,0.013094,0.01147,0.012784,0.013935,0.01163,0.011143,0.010283,0.008551,0.009554,0.012795,0.013314,0.010238,0.01557,0.01455,0.016839,0.009492,0.013981,0.02071,0.016148,0.017099,0.014404,0.012247,0.013951,0.014561,0.019279,0.017239,0.017695,0.018547,0.017405,0.013992,0.007804,0.012829,0.012082,0.014761,0.01426,0.012483,0.013515,0.012086,0.008984,0.010748,0.011053,0.0094,0.010915,0.010324,0.006616,0.00282,0.007655,0.006912,0.007256,0.008228,0.006665,0.006371,0.008854,0.007781,0.007955,0.00931,0.004555,0.007569,0.007163,0.005892,0.004913,0.005256,0.002098,0.003708,3e-06,0.001211,0.002224,0.003604,0.002905,0.003045,0.002992,0.002477,0.003251,0.002888,0.00213,0.00305,0.002486,0.002561,0.001955,0.00303,0.002459,0.002873,0.003594,0.002842,0.003184,0.00309,0.002964,0.003639,0.002132,0.00306,0.001665,0.001559,0.000245,2e-06,2e-06,2e-06,2e-06,2e-06,2e-06,2e-06,2e-06,2e-06,2e-06,2e-06,2e-06,2e-06,2e-06,2e-06,2e-06,2e-06,2e-06,2e-06,2e-06,2e-06,2e-06,2e-06,2e-06,2e-06,2e-06,2e-06,2e-06,2e-06,2e-06,2e-06,2e-06,2e-06,2e-06,2e-06,2e-06],[0.039541,0.03429,0.021873,0.028004,0.022919,0.020705,0.017702,0.021609,0.02289,0.020149,0.020756,0.017313,0.018752,0.02029,0.018046,0.014684,0.014496,0.014783,0.013194,0.012246,0.011447,0.012257,0.012349,0.009873,0.010497,0.009084,0.019601,0.014951,0.018636,0.029587,0.023409,0.014772,0.021673,0.022011,0.022243,0.017472,0.01378,0.014448,0.016836,0.016838,0.012343,0.014671,0.016711,0.01769,0.017161,0.013061,0.009683,0.01166,0.012085,0.010343,0.010432,0.007221,0.009078,0.011953,0.010218,0.012464,0.010643,0.012082,0.011804,0.007715,0.00105,0.000769,0.000242,0.000631,0.00048,0.000593,0.000583,0.001128,0.001674,0.000537,0.00092,0.000883,0.000529,0.000562,0.000561,0.0004,0.000739,0.001236,0.000569,1.3e-05,1.3e-05,1.3e-05,1.3e-05,1.3e-05,1.3e-05,1.3e-05,1.4e-05,1.5e-05,1.3e-05,1.4e-05,1.3e-05,1.3e-05,1.4e-05,2.2e-05,4.1e-05,1.5e-05,1.5e-05,1.3e-05,1.4e-05,1.7e-05,1.3e-05,1.3e-05,1.3e-05,1.3e-05,1.3e-05,1.3e-05,1.3e-05,1.3e-05,1.3e-05,1.3e-05,1.2e-05,1.2e-05,1.2e-05,1.2e-05,1.2e-05,1.2e-05,1.2e-05,1.2e-05,1.2e-05,1.2e-05,1.2e-05,1.2e-05,1.2e-05,1.2e-05,1.2e-05,1.2e-05,1.2e-05,1.2e-05,1.2e-05,1.2e-05,1.2e-05,1.2e-05,1.2e-05,1.2e-05,1.2e-05,1.2e-05,1.2e-05,1.2e-05,1.2e-05,1.2e-05,1.2e-05,1.2e-05,1.2e-05,1.2e-05,1.2e-05],[0.016815,0.017484,0.017173,0.013739,0.011876,0.012532,0.01491,0.009904,0.012261,0.014307,0.011919,0.012482,0.009525,0.00908,0.008909,0.008703,0.008419,0.008221,0.007739,0.006392,0.006445,0.006778,0.005655,0.006401,0.00485,0.007518,0.012654,0.014914,0.018896,0.019657,0.02238,0.015574,0.024708,0.023543,0.02133,0.022355,0.021477,0.019517,0.019785,0.021672,0.020734,0.020395,0.01803,0.020859,0.016898,0.013884,0.008159,0.010148,0.011576,0.014709,0.01408,0.016216,0.013774,0.013558,0.01373,0.01181,0.013451,0.011204,0.010586,0.010321,0.00838,0.003655,0.006437,0.006227,0.006808,0.007016,0.007827,0.007173,0.007297,0.006792,0.00686,0.006614,0.006629,0.007503,0.006682,0.007886,0.006576,0.004231,0.003844,0.002304,2e-06,2.5e-05,0.000534,0.000884,0.001338,0.001315,0.002075,0.002099,0.002095,0.001697,0.002291,0.001791,0.001794,0.002069,0.002314,0.001982,0.001898,0.00219,0.002349,0.00196,0.001819,0.001864,0.001502,0.000953,0.00112,0.000402,0.000192,2.7e-05,2e-06,2e-06,2e-06,2e-06,2e-06,2e-06,2e-06,2e-06,2e-06,2e-06,2e-06,2e-06,2e-06,2e-06,2e-06,2e-06,2e-06,2e-06,2e-06,2e-06,2e-06,2e-06,2e-06,2e-06,2e-06,2e-06,2e-06,2e-06,2e-06,2e-06,2e-06,2e-06,2e-06,2e-06,2e-06,2e-06,2e-06],[0.053051,0.050993,0.04992,0.04874,0.03849,0.03806,0.037611,0.031665,0.030274,0.026611,0.02532,0.025525,0.025099,0.025134,0.025406,0.024823,0.023186,0.019841,0.016045,0.015323,0.014162,0.013528,0.013535,0.013448,0.012686,0.013462,0.01272,0.012209,0.013105,0.013094,0.012382,0.010516,0.012812,0.012759,0.012296,0.012333,0.011349,0.010856,0.010087,0.009717,0.01015,0.009291,0.008796,0.008634,0.007903,0.007964,0.00477,0.005835,0.006704,0.005635,0.005407,0.007773,0.00762,0.005237,0.005232,0.004925,0.004278,0.002761,0.00155,0.000498,1.6e-05,1e-05,1.7e-05,1.6e-05,1.5e-05,1.4e-05,1.2e-05,2.1e-05,2.9e-05,3.3e-05,1.6e-05,1.8e-05,1e-05,2.1e-05,2e-05,1.1e-05,1.7e-05,3.2e-05,1.4e-05,7e-06,7e-06,7e-06,8e-06,8e-06,8e-06,1e-05,9e-06,1.1e-05,1e-05,1e-05,9e-06,9e-06,9e-06,1.3e-05,1.1e-05,9e-06,1e-05,1e-05,1e-05,9e-06,8e-06,8e-06,8e-06,8e-06,7e-06,7e-06,7e-06,7e-06,7e-06,7e-06,7e-06,7e-06,7e-06,7e-06,7e-06,7e-06,7e-06,7e-06,7e-06,7e-06,7e-06,7e-06,7e-06,7e-06,7e-06,7e-06,7e-06,7e-06,7e-06,7e-06,7e-06,7e-06,7e-06,7e-06,7e-06,7e-06,7e-06,7e-06,7e-06,7e-06,7e-06,7e-06,7e-06,7e-06,7e-06]],"topic_distance_cosine":[[1.0,0.927187,0.949954,0.956159,0.914744,0.877437,0.897868,0.888991,0.970792,0.925117,0.972933,0.765366],[0.927187,1.0,0.953198,0.959901,0.955922,0.939965,0.944713,0.914167,0.949353,0.89981,0.899103,0.822204],[0.949954,0.953198,1.0,0.956104,0.944136,0.942377,0.950539,0.924848,0.971985,0.888069,0.937051,0.7436],[0.956159,0.959901,0.956104,1.0,0.932114,0.918273,0.944676,0.894878,0.970231,0.882444,0.93958,0.761128],[0.914744,0.955922,0.944136,0.932114,1.0,0.954579,0.932483,0.960599,0.94199,0.939672,0.890662,0.886229],[0.877437,0.939965,0.942377,0.918273,0.954579,1.0,0.965959,0.95159,0.924612,0.880064,0.855518,0.795592],[0.897868,0.944713,0.950539,0.944676,0.932483,0.965959,1.0,0.921464,0.934541,0.854393,0.873126,0.748866],[0.888991,0.914167,0.924848,0.894878,0.960599,0.95159,0.921464,1.0,0.919629,0.932303,0.866639,0.84862],[0.970792,0.949353,0.971985,0.970231,0.94199,0.924612,0.934541,0.919629,1.0,0.911157,0.963109,0.761531],[0.925117,0.89981,0.888069,0.882444,0.939672,0.880064,0.854393,0.932303,0.911157,0.999999,0.898893,0.901899],[0.972933,0.899103,0.937051,0.93958,0.890662,0.855518,0.873126,0.866639,0.963109,0.898893,1.0,0.708657],[0.765366,0.822204,0.7436,0.761128,0.886229,0.795592,0.748866,0.84862,0.761531,0.901899,0.708657,1.0]],"topic_distance_js":[[0.0,0.032528,0.02265,0.019168,0.027593,0.058617,0.053222,0.04627,0.011918,0.060842,0.00839,0.128111],[0.032528,0.0,0.02113,0.017548,0.02706,0.044379,0.040037,0.054582,0.017418,0.089359,0.040594,0.130938],[0.02265,0.02113,0.0,0.025699,0.02165,0.043179,0.037948,0.043271,0.012878,0.076581,0.026179,0.13575],[0.019168,0.017548,0.025699,0.0,0.034052,0.048521,0.037712,0.058689,0.013012,0.096646,0.026204,0.152159],[0.027593,0.02706,0.02165,0.034052,0.0,0.040561,0.050162,0.021947,0.019235,0.044276,0.031205,0.076597],[0.058617,0.044379,0.043179,0.048521,0.040561,0.0,0.026871,0.047946,0.043962,0.091672,0.065867,0.128701],[0.053222,0.040037,0.037948,0.037712,0.050162,0.026871,0.0,0.064326,0.041801,0.113049,0.063956,0.157992],[0.04627,0.054582,0.043271,0.058689,0.021947,0.047946,0.064326,0.0,0.040661,0.038529,0.050317,0.070845],[0.011918,0.017418,0.012878,0.013012,0.019235,0.043962,0.041801,0.040661,0.0,0.067426,0.013962,0.129206],[0.060842,0.089359,0.076581,0.096646,0.044276,0.091672,0.113049,0.038529,0.067426,0.0,0.061102,0.038085],[0.00839,0.040594,0.026179,0.026204,0.031205,0.065867,0.063956,0.050317,0.013962,0.061102,0.0,0.137014],[0.128111,0.130938,0.13575,0.152159,0.076597,0.128701,0.157992,0.070845,0.129206,0.038085,0.137014,0.0]],"topic_distance_hellinger":[[0.0,0.19028,0.160574,0.140417,0.167242,0.263407,0.251916,0.222243,0.110861,0.263917,0.09178,0.387623],[0.19028,0.0,0.15142,0.138465,0.168242,0.235736,0.224019,0.247276,0.133519,0.328744,0.21025,0.402694],[0.160574,0.15142,0.0,0.169577,0.152534,0.230843,0.214798,0.219264,0.120476,0.297612,0.172444,0.403174],[0.140417,0.138465,0.169577,0.0,0.187592,0.243474,0.21883,0.252129,0.114823,0.341006,0.163791,0.432194],[0.167242,0.168242,0.152534,0.187592,0.0,0.223474,0.244185,0.155504,0.139375,0.221186,0.178061,0.303624],[0.263407,0.235736,0.230843,0.243474,0.223474,0.0,0.179044,0.232082,0.232495,0.330748,0.277399,0.395939],[0.251916,0.224019,0.214798,0.21883,0.244185,0.179044,0.0,0.268635,0.22647,0.37012,0.273388,0.440942],[0.222243,0.247276,0.219264,0.252129,0.155504,0.232082,0.268635,0.0,0.209542,0.207492,0.231342,0.285516],[0.110861,0.133519,0.120476,0.114823,0.139375,0.232495,0.22647,0.209542,0.0,0.278913,0.119738,0.391193],[0.263917,0.328744,0.297612,0.341006,0.221186,0.330748,0.37012,0.207492,0.278913,0.0,0.260129,0.199136],[0.09178,0.21025,0.172444,0.163791,0.178061,0.277399,0.273388,0.231342,0.119738,0.260129,0.0,0.396434],[0.387623,0.402694,0.403174,0.432194,0.303624,0.395939,0.440942,0.285516,0.391193,0.199136,0.396434,0.0]],"topic_word_jaccard_top15":[[1.0,0.111111,0.428571,0.5,0.111111,0.0,0.034483,0.111111,0.666667,0.363636,0.578947,0.111111],[0.111111,1.0,0.034483,0.25,0.578947,0.25,0.153846,0.2,0.153846,0.363636,0.0,0.666667],[0.428571,0.034483,1.0,0.363636,0.034483,0.071429,0.111111,0.153846,0.25,0.25,0.578947,0.034483],[0.5,0.25,0.363636,1.0,0.25,0.0,0.034483,0.153846,0.428571,0.578947,0.363636,0.304348],[0.111111,0.578947,0.034483,0.25,1.0,0.2,0.153846,0.153846,0.153846,0.428571,0.0,0.666667],[0.0,0.25,0.071429,0.0,0.2,1.0,0.764706,0.363636,0.034483,0.0,0.0,0.153846],[0.034483,0.153846,0.111111,0.034483,0.153846,0.764706,1.0,0.363636,0.034483,0.071429,0.034483,0.111111],[0.111111,0.2,0.153846,0.153846,0.153846,0.363636,0.363636,1.0,0.153846,0.25,0.111111,0.304348],[0.666667,0.153846,0.25,0.428571,0.153846,0.034483,0.034483,0.153846,1.0,0.304348,0.428571,0.2],[0.363636,0.363636,0.25,0.578947,0.428571,0.0,0.071429,0.25,0.304348,1.0,0.2,0.5],[0.578947,0.0,0.578947,0.363636,0.0,0.0,0.034483,0.111111,0.428571,0.2,1.0,0.0],[0.111111,0.666667,0.034483,0.304348,0.666667,0.153846,0.111111,0.304348,0.2,0.5,0.0,1.0]],"topic_intertopic_2d_js":[[-0.10074,0.069489],[-0.095345,-0.076891],[-0.026686,-0.050545],[-0.149841,-0.025704],[0.040368,0.005065],[0.063163,-0.159664],[-0.060136,-0.183823],[0.108016,0.039953],[-0.074433,0.01456],[0.107951,0.1778],[-0.094268,0.108229],[0.281951,0.08153]],"topic_intertopic_3d_js":[[0.09705,-0.055403,-0.005566],[-0.031299,-0.138254,0.028415],[-0.071329,-0.070233,-0.016911],[0.05357,-0.108204,0.069316],[0.009435,0.037055,-0.013761],[-0.155531,0.016128,0.07168],[-0.064469,-0.030615,0.164951],[-0.078751,0.091432,-0.070991],[0.010413,-0.079686,-0.02989],[0.060829,0.155579,-0.115466],[0.055342,-0.081459,-0.100931],[0.11474,0.263661,0.019154]],"top_words_per_topic":{"lambda_0.0":[[{"token":"2485nm","p_w_given_topic":2e-06,"p_w_global":0.0,"lift":2037954.625,"relevance":14.527457},{"token":"2442nm","p_w_given_topic":2e-06,"p_w_global":0.0,"lift":2037954.375,"relevance":14.527457},{"token":"2019nm","p_w_given_topic":2e-06,"p_w_global":0.0,"lift":2037954.75,"relevance":14.527457},{"token":"2456nm","p_w_given_topic":2e-06,"p_w_global":0.0,"lift":2037953.5,"relevance":14.527456},{"token":"2500nm","p_w_given_topic":2e-06,"p_w_global":0.0,"lift":2037953.5,"relevance":14.527456},{"token":"2412nm","p_w_given_topic":2e-06,"p_w_global":0.0,"lift":2037953.5,"relevance":14.527456},{"token":"2471nm","p_w_given_topic":2e-06,"p_w_global":0.0,"lift":2037951.125,"relevance":14.527455},{"token":"2427nm","p_w_given_topic":2e-06,"p_w_global":1e-06,"lift":1.602919,"relevance":0.471826},{"token":"2062nm","p_w_given_topic":2e-06,"p_w_global":1e-06,"lift":1.602919,"relevance":0.471826},{"token":"2077nm","p_w_given_topic":2e-06,"p_w_global":1e-06,"lift":1.602918,"relevance":0.471826},{"token":"1290nm","p_w_given_topic":0.004681,"p_w_global":0.003163,"lift":1.479628,"relevance":0.391791},{"token":"1406nm","p_w_given_topic":0.011163,"p_w_global":0.007614,"lift":1.466203,"relevance":0.382676},{"token":"1202nm","p_w_given_topic":0.01555,"p_w_global":0.010991,"lift":1.414802,"relevance":0.34699},{"token":"1056nm","p_w_given_topic":0.016308,"p_w_global":0.011672,"lift":1.397187,"relevance":0.334461},{"token":"0823nm","p_w_given_topic":0.021932,"p_w_global":0.016302,"lift":1.345409,"relevance":0.296698},{"token":"1421nm","p_w_given_topic":0.010121,"p_w_global":0.007555,"lift":1.33957,"relevance":0.292349},{"token":"1012nm","p_w_given_topic":0.019868,"p_w_global":0.015197,"lift":1.30741,"relevance":0.268048},{"token":"0896nm","p_w_given_topic":0.02101,"p_w_global":0.016185,"lift":1.298167,"relevance":0.260953},{"token":"1071nm","p_w_given_topic":0.009187,"p_w_global":0.007078,"lift":1.297965,"relevance":0.260798},{"token":"1158nm","p_w_given_topic":0.014889,"p_w_global":0.011748,"lift":1.267323,"relevance":0.236907},{"token":"0998nm","p_w_given_topic":0.019165,"p_w_global":0.015145,"lift":1.265501,"relevance":0.235468},{"token":"1479nm","p_w_given_topic":0.009024,"p_w_global":0.007171,"lift":1.258359,"relevance":0.229808},{"token":"0400nm","p_w_given_topic":0.02401,"p_w_global":0.019235,"lift":1.248276,"relevance":0.221764},{"token":"1800nm","p_w_given_topic":0.004228,"p_w_global":0.003404,"lift":1.242223,"relevance":0.216903},{"token":"1100nm","p_w_given_topic":0.013522,"p_w_global":0.010895,"lift":1.241097,"relevance":0.215995},{"token":"0575nm","p_w_given_topic":0.016033,"p_w_global":0.013113,"lift":1.222682,"relevance":0.201047},{"token":"0458nm","p_w_given_topic":0.018851,"p_w_global":0.015445,"lift":1.220555,"relevance":0.199306},{"token":"1173nm","p_w_given_topic":0.01364,"p_w_global":0.011212,"lift":1.216543,"relevance":0.196013},{"token":"1188nm","p_w_given_topic":0.013427,"p_w_global":0.011059,"lift":1.214055,"relevance":0.193966},{"token":"0910nm","p_w_given_topic":0.019219,"p_w_global":0.015868,"lift":1.2112,"relevance":0.191611}],[{"token":"2485nm","p_w_given_topic":1e-06,"p_w_global":0.0,"lift":1455154.75,"relevance":14.190623},{"token":"2500nm","p_w_given_topic":1e-06,"p_w_global":0.0,"lift":1455153.375,"relevance":14.190622},{"token":"2019nm","p_w_given_topic":1e-06,"p_w_global":0.0,"lift":1455154.5,"relevance":14.190622},{"token":"2456nm","p_w_given_topic":1e-06,"p_w_global":0.0,"lift":1455151.75,"relevance":14.19062},{"token":"2471nm","p_w_given_topic":1e-06,"p_w_global":0.0,"lift":1455151.0,"relevance":14.19062},{"token":"2412nm","p_w_given_topic":1e-06,"p_w_global":0.0,"lift":1455151.25,"relevance":14.19062},{"token":"2442nm","p_w_given_topic":1e-06,"p_w_global":0.0,"lift":1455150.75,"relevance":14.19062},{"token":"1946nm","p_w_given_topic":0.01019,"p_w_global":0.002498,"lift":4.078517,"relevance":1.405733},{"token":"1581nm","p_w_given_topic":0.00898,"p_w_global":0.002238,"lift":4.012655,"relevance":1.389453},{"token":"1960nm","p_w_given_topic":0.008447,"p_w_global":0.002197,"lift":3.844733,"relevance":1.346704},{"token":"1931nm","p_w_given_topic":0.009137,"p_w_global":0.00258,"lift":3.541767,"relevance":1.264626},{"token":"1596nm","p_w_given_topic":0.007709,"p_w_global":0.002825,"lift":2.728784,"relevance":1.003856},{"token":"1917nm","p_w_given_topic":0.007455,"p_w_global":0.002781,"lift":2.680808,"relevance":0.986118},{"token":"1902nm","p_w_given_topic":0.005872,"p_w_global":0.002918,"lift":2.012235,"relevance":0.699246},{"token":"1888nm","p_w_given_topic":0.004986,"p_w_global":0.003066,"lift":1.626491,"relevance":0.486425},{"token":"1873nm","p_w_given_topic":0.005023,"p_w_global":0.003183,"lift":1.578331,"relevance":0.456368},{"token":"0735nm","p_w_given_topic":0.015762,"p_w_global":0.010764,"lift":1.464285,"relevance":0.381367},{"token":"1858nm","p_w_given_topic":0.004642,"p_w_global":0.003252,"lift":1.42729,"relevance":0.355778},{"token":"1610nm","p_w_given_topic":0.00445,"p_w_global":0.003186,"lift":1.396734,"relevance":0.334137},{"token":"1625nm","p_w_given_topic":0.004376,"p_w_global":0.003343,"lift":1.30922,"relevance":0.269431},{"token":"1508nm","p_w_given_topic":0.00715,"p_w_global":0.005526,"lift":1.294013,"relevance":0.257748},{"token":"1712nm","p_w_given_topic":0.004433,"p_w_global":0.003456,"lift":1.282843,"relevance":0.249079},{"token":"1654nm","p_w_given_topic":0.004472,"p_w_global":0.003533,"lift":1.265692,"relevance":0.235619},{"token":"0706nm","p_w_given_topic":0.013373,"p_w_global":0.010689,"lift":1.251089,"relevance":0.224014},{"token":"1829nm","p_w_given_topic":0.004173,"p_w_global":0.003352,"lift":1.245106,"relevance":0.219221},{"token":"1800nm","p_w_given_topic":0.004222,"p_w_global":0.003404,"lift":1.240268,"relevance":0.215327},{"token":"1552nm","p_w_given_topic":0.003631,"p_w_global":0.002941,"lift":1.234758,"relevance":0.210875},{"token":"1815nm","p_w_given_topic":0.004194,"p_w_global":0.003404,"lift":1.232052,"relevance":0.208681},{"token":"0692nm","p_w_given_topic":0.01381,"p_w_global":0.011245,"lift":1.228101,"relevance":0.205469},{"token":"1290nm","p_w_given_topic":0.003883,"p_w_global":0.003163,"lift":1.227546,"relevance":0.205017}],[{"token":"2471nm","p_w_given_topic":2e-06,"p_w_global":0.0,"lift":2111871.75,"relevance":14.563086},{"token":"2500nm","p_w_given_topic":2e-06,"p_w_global":0.0,"lift":2111870.0,"relevance":14.563085},{"token":"2485nm","p_w_given_topic":2e-06,"p_w_global":0.0,"lift":2111869.75,"relevance":14.563085},{"token":"2412nm","p_w_given_topic":2e-06,"p_w_global":0.0,"lift":2111871.25,"relevance":14.563085},{"token":"2019nm","p_w_given_topic":2e-06,"p_w_global":0.0,"lift":2111870.25,"relevance":14.563085},{"token":"2442nm","p_w_given_topic":2e-06,"p_w_global":0.0,"lift":2111867.5,"relevance":14.563084},{"token":"2456nm","p_w_given_topic":2e-06,"p_w_global":0.0,"lift":2111868.75,"relevance":14.563084},{"token":"1975nm","p_w_given_topic":0.012239,"p_w_global":0.001583,"lift":7.731753,"relevance":2.045336},{"token":"1567nm","p_w_given_topic":0.005112,"p_w_global":0.000762,"lift":6.711562,"relevance":1.903832},{"token":"1990nm","p_w_given_topic":0.001108,"p_w_global":0.000356,"lift":3.111135,"relevance":1.134987},{"token":"1523nm","p_w_given_topic":0.008954,"p_w_global":0.004482,"lift":1.99773,"relevance":0.692012},{"token":"1960nm","p_w_given_topic":0.004268,"p_w_global":0.002197,"lift":1.942416,"relevance":0.663933},{"token":"1581nm","p_w_given_topic":0.003824,"p_w_global":0.002238,"lift":1.708797,"relevance":0.535789},{"token":"2427nm","p_w_given_topic":2e-06,"p_w_global":1e-06,"lift":1.661278,"relevance":0.507587},{"token":"2062nm","p_w_given_topic":2e-06,"p_w_global":1e-06,"lift":1.661277,"relevance":0.507586},{"token":"2077nm","p_w_given_topic":2e-06,"p_w_global":1e-06,"lift":1.661275,"relevance":0.507586},{"token":"1406nm","p_w_given_topic":0.010542,"p_w_global":0.007614,"lift":1.384579,"relevance":0.325396},{"token":"0721nm","p_w_given_topic":0.014691,"p_w_global":0.010914,"lift":1.346068,"relevance":0.297188},{"token":"0750nm","p_w_given_topic":0.013667,"p_w_global":0.010228,"lift":1.336224,"relevance":0.289847},{"token":"1421nm","p_w_given_topic":0.010036,"p_w_global":0.007555,"lift":1.328332,"relevance":0.283924},{"token":"1377nm","p_w_given_topic":0.009406,"p_w_global":0.007202,"lift":1.306146,"relevance":0.267081},{"token":"1479nm","p_w_given_topic":0.00935,"p_w_global":0.007171,"lift":1.303857,"relevance":0.265327},{"token":"1392nm","p_w_given_topic":0.009726,"p_w_global":0.007508,"lift":1.295429,"relevance":0.258842},{"token":"0706nm","p_w_given_topic":0.013554,"p_w_global":0.010689,"lift":1.268035,"relevance":0.237469},{"token":"1435nm","p_w_given_topic":0.009046,"p_w_global":0.00715,"lift":1.265318,"relevance":0.235323},{"token":"0677nm","p_w_given_topic":0.013684,"p_w_global":0.011272,"lift":1.21402,"relevance":0.193937},{"token":"0633nm","p_w_given_topic":0.014959,"p_w_global":0.012332,"lift":1.212993,"relevance":0.193091},{"token":"1465nm","p_w_given_topic":0.008265,"p_w_global":0.006928,"lift":1.192951,"relevance":0.17643},{"token":"0692nm","p_w_given_topic":0.013376,"p_w_global":0.011245,"lift":1.189502,"relevance":0.173534},{"token":"0648nm","p_w_given_topic":0.013862,"p_w_global":0.011722,"lift":1.182588,"relevance":0.167705}],[{"token":"2500nm","p_w_given_topic":1e-06,"p_w_global":0.0,"lift":1306690.75,"relevance":14.083009},{"token":"2442nm","p_w_given_topic":1e-06,"p_w_global":0.0,"lift":1306690.875,"relevance":14.083009},{"token":"2456nm","p_w_given_topic":1e-06,"p_w_global":0.0,"lift":1306690.875,"relevance":14.083009},{"token":"2019nm","p_w_given_topic":1e-06,"p_w_global":0.0,"lift":1306691.5,"relevance":14.083009},{"token":"2471nm","p_w_given_topic":1e-06,"p_w_global":0.0,"lift":1306690.25,"relevance":14.083008},{"token":"2412nm","p_w_given_topic":1e-06,"p_w_global":0.0,"lift":1306689.625,"relevance":14.083008},{"token":"2485nm","p_w_given_topic":1e-06,"p_w_global":0.0,"lift":1306689.875,"relevance":14.083008},{"token":"1610nm","p_w_given_topic":0.00697,"p_w_global":0.003186,"lift":2.187548,"relevance":0.782781},{"token":"1625nm","p_w_given_topic":0.006902,"p_w_global":0.003343,"lift":2.064942,"relevance":0.725102},{"token":"1888nm","p_w_given_topic":0.006223,"p_w_global":0.003066,"lift":2.030135,"relevance":0.708102},{"token":"1640nm","p_w_given_topic":0.006957,"p_w_global":0.003456,"lift":2.013098,"relevance":0.699675},{"token":"1742nm","p_w_given_topic":0.006532,"p_w_global":0.003378,"lift":1.933485,"relevance":0.659324},{"token":"1698nm","p_w_given_topic":0.006361,"p_w_global":0.003358,"lift":1.894231,"relevance":0.638813},{"token":"1727nm","p_w_given_topic":0.006271,"p_w_global":0.003405,"lift":1.841778,"relevance":0.610732},{"token":"1902nm","p_w_given_topic":0.005374,"p_w_global":0.002918,"lift":1.841505,"relevance":0.610583},{"token":"1844nm","p_w_given_topic":0.006007,"p_w_global":0.003291,"lift":1.825515,"relevance":0.601862},{"token":"1785nm","p_w_given_topic":0.006211,"p_w_global":0.003437,"lift":1.807266,"relevance":0.591815},{"token":"1873nm","p_w_given_topic":0.005669,"p_w_global":0.003183,"lift":1.781236,"relevance":0.577307},{"token":"1683nm","p_w_given_topic":0.006014,"p_w_global":0.003411,"lift":1.762813,"relevance":0.566911},{"token":"1771nm","p_w_given_topic":0.006211,"p_w_global":0.003528,"lift":1.760253,"relevance":0.565458},{"token":"1858nm","p_w_given_topic":0.005574,"p_w_global":0.003252,"lift":1.713927,"relevance":0.538787},{"token":"1654nm","p_w_given_topic":0.006044,"p_w_global":0.003533,"lift":1.710417,"relevance":0.536737},{"token":"1829nm","p_w_given_topic":0.005724,"p_w_global":0.003352,"lift":1.707739,"relevance":0.53517},{"token":"1756nm","p_w_given_topic":0.005971,"p_w_global":0.003518,"lift":1.697048,"relevance":0.52889},{"token":"1712nm","p_w_given_topic":0.005845,"p_w_global":0.003456,"lift":1.6912,"relevance":0.525438},{"token":"1800nm","p_w_given_topic":0.005724,"p_w_global":0.003404,"lift":1.681735,"relevance":0.519826},{"token":"1669nm","p_w_given_topic":0.00593,"p_w_global":0.003539,"lift":1.675933,"relevance":0.51637},{"token":"1815nm","p_w_given_topic":0.005685,"p_w_global":0.003404,"lift":1.670109,"relevance":0.512889},{"token":"1552nm","p_w_given_topic":0.004859,"p_w_global":0.002941,"lift":1.65235,"relevance":0.502198},{"token":"1450nm","p_w_given_topic":0.00969,"p_w_global":0.006205,"lift":1.561655,"relevance":0.445746}],[{"token":"2442nm","p_w_given_topic":6e-06,"p_w_global":0.0,"lift":5500091.5,"relevance":15.520275},{"token":"2019nm","p_w_given_topic":6e-06,"p_w_global":0.0,"lift":5500088.5,"relevance":15.520275},{"token":"2500nm","p_w_given_topic":6e-06,"p_w_global":0.0,"lift":5500083.5,"relevance":15.520274},{"token":"2471nm","p_w_given_topic":6e-06,"p_w_global":0.0,"lift":5500085.5,"relevance":15.520274},{"token":"2485nm","p_w_given_topic":6e-06,"p_w_global":0.0,"lift":5500083.5,"relevance":15.520274},{"token":"2456nm","p_w_given_topic":6e-06,"p_w_global":0.0,"lift":5500084.0,"relevance":15.520274},{"token":"2412nm","p_w_given_topic":6e-06,"p_w_global":0.0,"lift":5500074.0,"relevance":15.520272},{"token":"2427nm","p_w_given_topic":6e-06,"p_w_global":1e-06,"lift":4.327123,"relevance":1.464903},{"token":"2077nm","p_w_given_topic":6e-06,"p_w_global":1e-06,"lift":4.327119,"relevance":1.464902},{"token":"2062nm","p_w_given_topic":6e-06,"p_w_global":1e-06,"lift":4.327119,"relevance":1.464902},{"token":"2383nm","p_w_given_topic":6e-06,"p_w_global":3e-06,"lift":2.163893,"relevance":0.771909},{"token":"2398nm","p_w_given_topic":6e-06,"p_w_global":3e-06,"lift":2.163889,"relevance":0.771907},{"token":"0735nm","p_w_given_topic":0.018428,"p_w_global":0.010764,"lift":1.711955,"relevance":0.537636},{"token":"0765nm","p_w_given_topic":0.018033,"p_w_global":0.010869,"lift":1.659226,"relevance":0.506351},{"token":"0546nm","p_w_given_topic":0.022786,"p_w_global":0.013961,"lift":1.632123,"relevance":0.489882},{"token":"0633nm","p_w_given_topic":0.019358,"p_w_global":0.012332,"lift":1.569763,"relevance":0.450925},{"token":"0750nm","p_w_given_topic":0.015765,"p_w_global":0.010228,"lift":1.541393,"relevance":0.432686},{"token":"0662nm","p_w_given_topic":0.016914,"p_w_global":0.011315,"lift":1.494833,"relevance":0.402014},{"token":"0677nm","p_w_given_topic":0.01684,"p_w_global":0.011272,"lift":1.494043,"relevance":0.401486},{"token":"0692nm","p_w_given_topic":0.016543,"p_w_global":0.011245,"lift":1.471188,"relevance":0.38607},{"token":"0721nm","p_w_given_topic":0.015864,"p_w_global":0.010914,"lift":1.453539,"relevance":0.374001},{"token":"0590nm","p_w_given_topic":0.018245,"p_w_global":0.01257,"lift":1.451507,"relevance":0.372602},{"token":"2369nm","p_w_given_topic":6e-06,"p_w_global":4e-06,"lift":1.443618,"relevance":0.367152},{"token":"2004nm","p_w_given_topic":6e-06,"p_w_global":4e-06,"lift":1.443277,"relevance":0.366916},{"token":"0560nm","p_w_given_topic":0.019418,"p_w_global":0.013806,"lift":1.406547,"relevance":0.341138},{"token":"0604nm","p_w_given_topic":0.017453,"p_w_global":0.012431,"lift":1.403991,"relevance":0.339319},{"token":"0517nm","p_w_given_topic":0.019729,"p_w_global":0.014289,"lift":1.380748,"relevance":0.322625},{"token":"0488nm","p_w_given_topic":0.020485,"p_w_global":0.014886,"lift":1.376075,"relevance":0.319235},{"token":"0444nm","p_w_given_topic":0.022998,"p_w_global":0.017105,"lift":1.344526,"relevance":0.296041},{"token":"0531nm","p_w_given_topic":0.018641,"p_w_global":0.014037,"lift":1.327948,"relevance":0.283635}],[{"token":"2500nm","p_w_given_topic":1.5e-05,"p_w_global":0.0,"lift":15423650.0,"relevance":16.551413},{"token":"2485nm","p_w_given_topic":1.5e-05,"p_w_global":0.0,"lift":15423650.0,"relevance":16.551413},{"token":"2471nm","p_w_given_topic":1.5e-05,"p_w_global":0.0,"lift":15423650.0,"relevance":16.551413},{"token":"2456nm","p_w_given_topic":1.5e-05,"p_w_global":0.0,"lift":15423635.0,"relevance":16.551413},{"token":"2442nm","p_w_given_topic":1.5e-05,"p_w_global":0.0,"lift":15423661.0,"relevance":16.551413},{"token":"2412nm","p_w_given_topic":1.5e-05,"p_w_global":0.0,"lift":15423650.0,