{"scene_id":"indian-pines-corrected","scene_name":"Indian Pines corrected","topic_count":12,"vocabulary_size":200,"document_count":2812,"wavelengths_nm":[400.0,410.55,421.11,431.66,442.21,452.76,463.32,473.87,484.42,494.97,505.53,516.08,526.63,537.19,547.74,558.29,568.84,579.4,589.95,600.5,611.06,621.61,632.16,642.71,653.27,663.82,674.37,684.92,695.48,706.03,716.58,727.14,737.69,748.24,758.79,769.35,779.9,790.45,801.01,811.56,822.11,832.66,843.22,853.77,864.32,874.87,885.43,895.98,906.53,917.09,927.64,938.19,948.74,959.3,969.85,980.4,990.95,1001.51,1012.06,1022.61,1033.17,1043.72,1054.27,1064.82,1075.38,1085.93,1096.48,1107.04,1117.59,1128.14,1138.69,1149.25,1159.8,1170.35,1180.9,1191.46,1202.01,1212.56,1223.12,1233.67,1244.22,1254.77,1265.33,1275.88,1286.43,1296.98,1307.54,1318.09,1328.64,1339.2,1349.75,1360.3,1370.85,1381.41,1391.96,1402.51,1413.07,1423.62,1434.17,1444.72,1455.28,1465.83,1476.38,1486.93,1497.49,1508.04,1518.59,1529.15,1539.7,1550.25,1560.8,1571.36,1581.91,1592.46,1603.02,1613.57,1624.12,1634.67,1645.23,1655.78,1666.33,1676.88,1687.44,1697.99,1708.54,1719.1,1729.65,1740.2,1750.75,1761.31,1771.86,1782.41,1792.96,1803.52,1814.07,1824.62,1835.18,1845.73,1856.28,1866.83,1877.39,1887.94,1898.49,1909.05,1919.6,1930.15,1940.7,1951.26,1961.81,1972.36,1982.91,1993.47,2004.02,2014.57,2025.13,2035.68,2046.23,2056.78,2067.34,2077.89,2088.44,2098.99,2109.55,2120.1,2130.65,2141.21,2151.76,2162.31,2172.86,2183.42,2193.97,2204.52,2215.08,2225.63,2236.18,2246.73,2257.29,2267.84,2278.39,2288.94,2299.5,2310.05,2320.6,2331.16,2341.71,2352.26,2362.81,2373.37,2383.92,2394.47,2405.03,2415.58,2426.13,2436.68,2447.24,2457.79,2468.34,2478.89,2489.45,2500.0],"vocabulary":["0400nm","0411nm","0421nm","0432nm","0442nm","0453nm","0463nm","0474nm","0484nm","0495nm","0506nm","0516nm","0527nm","0537nm","0548nm","0558nm","0569nm","0579nm","0590nm","0601nm","0611nm","0622nm","0632nm","0643nm","0653nm","0664nm","0674nm","0685nm","0695nm","0706nm","0717nm","0727nm","0738nm","0748nm","0759nm","0769nm","0780nm","0790nm","0801nm","0812nm","0822nm","0833nm","0843nm","0854nm","0864nm","0875nm","0885nm","0896nm","0907nm","0917nm","0928nm","0938nm","0949nm","0959nm","0970nm","0980nm","0991nm","1002nm","1012nm","1023nm","1033nm","1044nm","1054nm","1065nm","1075nm","1086nm","1096nm","1107nm","1118nm","1128nm","1139nm","1149nm","1160nm","1170nm","1181nm","1191nm","1202nm","1213nm","1223nm","1234nm","1244nm","1255nm","1265nm","1276nm","1286nm","1297nm","1308nm","1318nm","1329nm","1339nm","1350nm","1360nm","1371nm","1381nm","1392nm","1403nm","1413nm","1424nm","1434nm","1445nm","1455nm","1466nm","1476nm","1487nm","1497nm","1508nm","1519nm","1529nm","1540nm","1550nm","1561nm","1571nm","1582nm","1592nm","1603nm","1614nm","1624nm","1635nm","1645nm","1656nm","1666nm","1677nm","1687nm","1698nm","1709nm","1719nm","1730nm","1740nm","1751nm","1761nm","1772nm","1782nm","1793nm","1804nm","1814nm","1825nm","1835nm","1846nm","1856nm","1867nm","1877nm","1888nm","1898nm","1909nm","1920nm","1930nm","1941nm","1951nm","1962nm","1972nm","1983nm","1993nm","2004nm","2015nm","2025nm","2036nm","2046nm","2057nm","2067nm","2078nm","2088nm","2099nm","2110nm","2120nm","2131nm","2141nm","2152nm","2162nm","2173nm","2183nm","2194nm","2205nm","2215nm","2226nm","2236nm","2247nm","2257nm","2268nm","2278nm","2289nm","2299nm","2310nm","2321nm","2331nm","2342nm","2352nm","2363nm","2373nm","2384nm","2394nm","2405nm","2416nm","2426nm","2437nm","2447nm","2458nm","2468nm","2479nm","2489nm","2500nm"],"corpus_marginal":[0.005617,0.009418,0.009969,0.00969,0.010719,0.011825,0.012055,0.011534,0.011366,0.010644,0.010661,0.010521,0.010029,0.010671,0.010851,0.010821,0.010416,0.009741,0.009411,0.009043,0.009059,0.009074,0.008847,0.00855,0.008579,0.008374,0.008027,0.008165,0.008096,0.00737,0.008204,0.007301,0.008227,0.009346,0.009896,0.010459,0.012834,0.014576,0.014425,0.009082,0.014906,0.015288,0.014463,0.014281,0.013154,0.011746,0.012726,0.013915,0.0137,0.013722,0.013549,0.013638,0.013362,0.010511,0.009771,0.009454,0.007815,0.004195,0.004431,0.004984,0.006566,0.008913,0.010436,0.011372,0.011115,0.011191,0.01103,0.010973,0.010851,0.010717,0.010172,0.009855,0.009612,0.009092,0.006914,0.005849,0.002154,0.002151,0.002233,0.002152,0.004174,0.005691,0.005882,0.005866,0.005897,0.005874,0.005925,0.005988,0.006096,0.006051,0.005948,0.005577,0.005763,0.005881,0.005573,0.00588,0.005884,0.005458,0.004473,0.004052,0.002231,0.00215,0.0,0.0,0.0,0.0,0.0,6e-06,0.000798,3.4e-05,0.00099,0.001481,0.00194,0.002763,0.003169,0.003315,0.003374,0.00339,0.003382,0.003148,0.00319,0.003285,0.003186,0.00317,0.003321,0.003317,0.003175,0.003105,0.003095,0.002924,0.002863,0.002729,0.002566,0.002331,0.002227,0.002101,0.002022,0.001888,0.001721,0.001529,0.001255,0.000236,0.0,0.0,0.0,0.0,0.0,0.0,0.000409,4e-06,0.0,0.0,0.0,0.000746,0.000641,1.2e-05,1.1e-05,0.000347,0.000832,0.000913,0.000947,0.000938,0.000927,0.000925,0.000887,0.000765,0.00069,0.000664,0.00059,0.000509,0.00043,0.000572,0.000555,0.000451,0.000282,9.1e-05,4.4e-05,1.8e-05,7e-06,1e-06,1e-06,0.0,0.0,0.0,0.0,0.0,0.0,0.0,0.0,0.0,0.0,0.0,0.0,0.0,0.0,0.0,0.0,0.0,0.0,0.0],"topic_prevalence":[0.054825,0.054955,0.076791,0.130534,0.062906,0.055174,0.109051,0.035193,0.256356,0.067232,0.035431,0.061552],"topic_band_profiles":[[0.003907,0.008475,0.011138,0.00802,0.012525,0.010946,0.009874,0.011001,0.010613,0.00873,0.00957,0.01117,0.014363,0.010471,0.011016,0.011599,0.010922,0.012034,0.01152,0.009169,0.00935,0.009073,0.007788,0.011269,0.012052,0.009559,0.005967,0.005667,0.006006,0.007026,0.011432,0.005901,0.009142,0.015447,0.015437,0.012029,0.010861,0.01041,0.010591,0.006666,0.01275,0.012981,0.010819,0.010347,0.011424,0.010047,0.009677,0.010938,0.009685,0.01128,0.010113,0.010299,0.011828,0.010643,0.009571,0.010081,0.006241,0.004247,0.0038,0.005115,0.005987,0.009052,0.01009,0.01351,0.011817,0.010945,0.008796,0.011135,0.01027,0.013626,0.009167,0.01105,0.012951,0.010875,0.010114,0.005338,0.001733,0.001725,0.001778,0.001865,0.00397,0.008644,0.005743,0.006707,0.005638,0.005132,0.00378,0.004237,0.005502,0.005629,0.003976,0.008406,0.007987,0.005129,0.007487,0.005514,0.00778,0.008032,0.004092,0.004987,0.002344,0.002031,3e-06,3e-06,3e-06,3e-06,3e-06,3e-06,6e-06,3e-06,8.8e-05,0.004448,0.002637,0.002674,0.003546,0.004793,0.005058,0.005303,0.005733,0.002804,0.003753,0.005415,0.004177,0.003932,0.006873,0.006868,0.00471,0.003972,0.003919,0.003528,0.002485,0.002267,0.002041,0.001966,0.002337,0.001583,0.002204,0.003201,0.003427,0.005052,0.003802,3e-06,3e-06,3e-06,3e-06,3e-06,3e-06,3e-06,3e-06,3e-06,3e-06,3e-06,3e-06,3e-06,3e-06,3e-06,3e-06,3e-06,3e-06,3e-06,4e-06,3e-06,3e-06,3e-06,3e-06,3e-06,3e-06,3e-06,3e-06,3e-06,3e-06,3e-06,3e-06,3e-06,3e-06,3e-06,3e-06,3e-06,3e-06,3e-06,3e-06,3e-06,3e-06,3e-06,3e-06,3e-06,3e-06,3e-06,3e-06,3e-06,3e-06,3e-06,3e-06,3e-06,3e-06,3e-06,3e-06,3e-06,3e-06,3e-06],[0.004075,0.008197,0.010239,0.008732,0.007535,0.008077,0.009935,0.009868,0.011365,0.011927,0.011048,0.009808,0.011096,0.009599,0.011579,0.011683,0.01138,0.012368,0.011259,0.01329,0.013221,0.010751,0.01299,0.008254,0.006477,0.008572,0.008301,0.009645,0.007111,0.007174,0.007908,0.008539,0.01087,0.011706,0.008542,0.011987,0.01211,0.014318,0.012207,0.007815,0.011227,0.012816,0.011424,0.013901,0.009484,0.010717,0.012635,0.013011,0.014897,0.015411,0.013815,0.014975,0.013045,0.007684,0.009009,0.010135,0.008955,0.003271,0.00269,0.006295,0.00735,0.01006,0.011257,0.011192,0.011865,0.013547,0.012023,0.010725,0.010466,0.008676,0.012213,0.01015,0.009298,0.010216,0.007592,0.005745,0.001794,0.001697,0.001999,0.002207,0.004528,0.006073,0.004203,0.004181,0.003218,0.003284,0.004036,0.005211,0.011057,0.009398,0.004055,0.005617,0.005837,0.003421,0.00698,0.005485,0.003317,0.00695,0.005442,0.003398,0.002533,0.001603,3e-06,3e-06,3e-06,3e-06,3e-06,3e-06,1.7e-05,3e-06,0.000322,0.002133,0.002157,0.001586,0.003589,0.004803,0.005844,0.005491,0.005519,0.004914,0.005167,0.004733,0.004744,0.004653,0.005039,0.004888,0.004915,0.003778,0.004485,0.002218,0.00241,0.001816,0.001618,0.001981,0.001829,0.00247,0.002245,0.001351,0.001547,0.002223,0.002464,3e-06,3e-06,3e-06,3e-06,3e-06,3e-06,3e-06,3e-06,3e-06,3e-06,3e-06,3e-06,3e-06,3e-06,3e-06,3e-06,3e-06,3e-06,4e-06,4e-06,4e-06,4e-06,4e-06,3e-06,3e-06,3e-06,3e-06,3e-06,3e-06,3e-06,3e-06,3e-06,3e-06,3e-06,3e-06,3e-06,3e-06,3e-06,3e-06,3e-06,3e-06,3e-06,3e-06,3e-06,3e-06,3e-06,3e-06,3e-06,3e-06,3e-06,3e-06,3e-06,3e-06,3e-06,3e-06,3e-06,3e-06,3e-06,3e-06],[0.00582,0.01085,0.01205,0.010454,0.014331,0.011415,0.012543,0.01278,0.013165,0.013312,0.008089,0.010615,0.010628,0.011715,0.01048,0.010791,0.011938,0.017074,0.008832,0.00367,0.004785,0.00568,0.00736,0.008784,0.010248,0.009773,0.010394,0.009108,0.008198,0.005779,0.009201,0.00439,0.010297,0.007046,0.010803,0.008934,0.010276,0.013865,0.012744,0.007626,0.010789,0.012859,0.012845,0.01164,0.012082,0.01005,0.011157,0.011106,0.011267,0.009865,0.011566,0.012711,0.011253,0.011526,0.009341,0.008439,0.006625,0.00537,0.003618,0.004954,0.006397,0.0093,0.01069,0.011654,0.010357,0.011763,0.013509,0.011223,0.011624,0.010181,0.009873,0.01034,0.010186,0.010645,0.003703,0.008896,0.002591,0.003063,0.002668,0.002678,0.005034,0.004869,0.005815,0.006833,0.007147,0.006365,0.006452,0.009352,0.009806,0.009554,0.006932,0.004944,0.005824,0.006477,0.005788,0.006098,0.005895,0.005451,0.006965,0.004746,0.002797,0.00243,2e-06,2e-06,2e-06,2e-06,2e-06,2e-06,2e-06,2e-06,3e-06,0.000181,0.008737,0.003959,0.003011,0.003206,0.00313,0.00339,0.003405,0.003158,0.0028,0.003086,0.003099,0.002992,0.003023,0.003168,0.003223,0.003327,0.003128,0.00282,0.002449,0.002589,0.002516,0.002699,0.002647,0.003087,0.004258,0.006703,0.007508,0.000723,1.4e-05,2e-06,2e-06,2e-06,2e-06,2e-06,2e-06,2e-06,2e-06,2e-06,2e-06,2e-06,2e-06,2e-06,2e-06,2e-06,2e-06,2e-06,2e-06,2e-06,2e-06,2e-06,2e-06,2e-06,2e-06,2e-06,2e-06,2e-06,2e-06,2e-06,2e-06,2e-06,2e-06,2e-06,2e-06,2e-06,2e-06,2e-06,2e-06,2e-06,2e-06,2e-06,2e-06,2e-06,2e-06,2e-06,2e-06,2e-06,2e-06,2e-06,2e-06,2e-06,2e-06,2e-06,2e-06,2e-06,2e-06,2e-06,2e-06,2e-06],[0.005718,0.008411,0.008462,0.010063,0.010564,0.014775,0.013103,0.012804,0.011832,0.008101,0.01211,0.010769,0.011023,0.009787,0.010266,0.010629,0.010197,0.005494,0.005509,0.004919,0.006049,0.008251,0.007649,0.007866,0.007799,0.006657,0.005837,0.005465,0.005477,0.004492,0.0068,0.007109,0.006953,0.005468,0.009999,0.009949,0.015144,0.015901,0.018315,0.010921,0.021817,0.018512,0.018474,0.014478,0.014437,0.013845,0.015729,0.015693,0.019145,0.015967,0.017724,0.017045,0.017048,0.011648,0.011309,0.010249,0.01064,0.004846,0.005763,0.00451,0.006465,0.011656,0.010409,0.013109,0.014509,0.012346,0.011571,0.013591,0.01346,0.013343,0.013155,0.009408,0.008474,0.008871,0.007486,0.007712,0.002562,0.002445,0.002585,0.002329,0.003686,0.004785,0.005849,0.004423,0.004686,0.00535,0.006203,0.005414,0.004928,0.006536,0.006587,0.006104,0.005624,0.005772,0.005355,0.005476,0.004967,0.00425,0.004435,0.003906,0.002283,0.002704,1e-06,1e-06,1e-06,1e-06,1e-06,1e-06,1e-06,1e-06,1e-06,4e-06,0.000329,0.002313,0.002433,0.002036,0.002409,0.001944,0.001797,0.002488,0.00271,0.002487,0.002734,0.002623,0.002201,0.002109,0.002376,0.002714,0.002218,0.002572,0.003233,0.002684,0.002801,0.002409,0.002552,0.002297,0.001905,0.001105,9.8e-05,1e-05,1e-06,1e-06,1e-06,1e-06,1e-06,1e-06,1e-06,1e-06,1e-06,1e-06,1e-06,1e-06,1e-06,1e-06,1e-06,1e-06,1e-06,1e-06,1e-06,1e-06,1e-06,1e-06,1e-06,1e-06,1e-06,1e-06,1e-06,1e-06,1e-06,1e-06,1e-06,1e-06,1e-06,1e-06,1e-06,1e-06,1e-06,1e-06,1e-06,1e-06,1e-06,1e-06,1e-06,1e-06,1e-06,1e-06,1e-06,1e-06,1e-06,1e-06,1e-06,1e-06,1e-06,1e-06,1e-06,1e-06,1e-06,1e-06,1e-06,1e-06],[0.003287,0.008833,0.00943,0.010328,0.010218,0.014026,0.012915,0.010398,0.01029,0.009464,0.01175,0.011394,0.009895,0.010797,0.011489,0.011713,0.009896,0.008655,0.008039,0.008647,0.009786,0.008797,0.010073,0.009797,0.009275,0.010585,0.01158,0.01059,0.010402,0.007815,0.008931,0.008077,0.010421,0.009515,0.009848,0.011554,0.011528,0.012674,0.010602,0.004762,0.012462,0.010884,0.011964,0.010991,0.011448,0.008763,0.009491,0.011667,0.011033,0.010425,0.013587,0.010047,0.009508,0.007121,0.006466,0.009846,0.00342,0.005126,0.004541,0.004551,0.006373,0.008038,0.007587,0.009605,0.0094,0.010019,0.007124,0.008902,0.008591,0.009456,0.007734,0.010238,0.00829,0.006043,0.00571,0.004891,0.001898,0.001613,0.001867,0.00182,0.004676,0.005151,0.007191,0.007154,0.006867,0.006567,0.006903,0.006796,0.005456,0.005718,0.005574,0.005004,0.007314,0.007445,0.004532,0.008424,0.00726,0.005095,0.003234,0.004343,0.001815,0.001683,2e-06,2e-06,2e-06,2e-06,2e-06,2e-06,0.002227,2e-06,0.003906,0.001511,0.00156,0.003253,0.005404,0.005816,0.004698,0.005219,0.004508,0.005527,0.005684,0.00538,0.005028,0.004261,0.005428,0.004849,0.005327,0.004243,0.00459,0.003122,0.003782,0.002424,0.001857,0.001995,0.001614,0.002205,0.001965,0.001735,0.001561,0.001859,0.002648,3e-06,2e-06,2e-06,2e-06,2e-06,2e-06,2e-06,3e-06,2e-06,2e-06,2e-06,2e-06,0.00126,0.000116,2e-06,2e-06,3e-06,0.004677,0.006286,0.005511,0.005915,0.005627,0.006327,0.006008,0.001827,0.000224,6.7e-05,1.4e-05,3e-06,3e-06,9e-06,4e-06,3e-06,3e-06,3e-06,2e-06,2e-06,2e-06,2e-06,2e-06,2e-06,2e-06,2e-06,2e-06,2e-06,2e-06,2e-06,2e-06,2e-06,2e-06,2e-06,2e-06,2e-06,2e-06,2e-06,2e-06,2e-06,2e-06,2e-06],[0.008196,0.014093,0.011426,0.013374,0.016694,0.016754,0.016712,0.018044,0.016943,0.014104,0.018177,0.01315,0.014248,0.015201,0.014134,0.012444,0.013169,0.013447,0.012994,0.014385,0.010552,0.008979,0.008588,0.007803,0.006623,0.008908,0.008304,0.008269,0.01044,0.009274,0.008118,0.008703,0.008019,0.012329,0.01015,0.010191,0.013952,0.011804,0.007673,0.005154,0.010937,0.0117,0.009317,0.011664,0.010541,0.007281,0.011137,0.011047,0.009427,0.010746,0.009597,0.007989,0.009972,0.006466,0.007574,0.006161,0.004508,0.003852,0.005636,0.003901,0.006468,0.006401,0.009518,0.007988,0.008273,0.008176,0.008423,0.009166,0.008479,0.008761,0.005855,0.006886,0.005942,0.005053,0.004942,0.005152,0.003143,0.002875,0.002753,0.002883,0.004704,0.005876,0.007126,0.006373,0.007306,0.007946,0.007845,0.008037,0.00814,0.007582,0.007416,0.004809,0.004725,0.008207,0.005977,0.006796,0.00736,0.00663,0.004853,0.005171,0.002819,0.003175,3e-06,3e-06,3e-06,3e-06,3e-06,3e-06,3e-06,3e-06,6e-06,0.007425,0.004037,0.002695,0.002324,0.00311,0.003275,0.003894,0.003654,0.001624,0.002485,0.002582,0.002075,0.002584,0.00273,0.002892,0.002397,0.002119,0.00246,0.00222,0.00246,0.002707,0.003094,0.003473,0.002871,0.003175,0.003242,0.00367,0.003591,0.00741,0.000525,3e-06,3e-06,3e-06,3e-06,3e-06,3e-06,3e-06,3e-06,3e-06,3e-06,3e-06,3e-06,3e-06,3e-06,3e-06,3e-06,3e-06,3e-06,3e-06,4e-06,4e-06,3e-06,3e-06,3e-06,3e-06,3e-06,3e-06,3e-06,3e-06,3e-06,3e-06,3e-06,3e-06,3e-06,3e-06,3e-06,3e-06,3e-06,3e-06,3e-06,3e-06,3e-06,3e-06,3e-06,3e-06,3e-06,3e-06,3e-06,3e-06,3e-06,3e-06,3e-06,3e-06,3e-06,3e-06,3e-06,3e-06,3e-06,3e-06],[0.004455,0.008514,0.007887,0.008115,0.009979,0.010307,0.010451,0.010353,0.010368,0.010574,0.011181,0.011007,0.010714,0.011284,0.011381,0.011692,0.011657,0.010981,0.011468,0.011596,0.01147,0.011358,0.011489,0.011551,0.01165,0.011453,0.011552,0.011654,0.011944,0.011023,0.010869,0.010875,0.010908,0.011634,0.011017,0.010272,0.011526,0.012653,0.011894,0.007666,0.012148,0.012363,0.011556,0.011545,0.011075,0.009318,0.01023,0.011282,0.011339,0.011014,0.011178,0.010783,0.010824,0.008698,0.007846,0.008202,0.007188,0.003315,0.003103,0.004277,0.00472,0.007955,0.008805,0.009285,0.008784,0.009165,0.008578,0.009112,0.00897,0.008966,0.008532,0.008672,0.007953,0.007527,0.005865,0.005253,0.001499,0.001529,0.001654,0.001516,0.003178,0.005171,0.003961,0.003998,0.003778,0.003774,0.003822,0.00414,0.004647,0.004346,0.003729,0.005506,0.005011,0.003788,0.005566,0.004181,0.004091,0.00547,0.003863,0.003216,0.001942,0.001516,1e-06,1e-06,1e-06,1e-06,1e-06,8.6e-05,0.002221,0.000319,0.00205,0.001653,0.002869,0.004236,0.003473,0.003426,0.00328,0.003299,0.003301,0.003733,0.003566,0.003385,0.003622,0.003627,0.003445,0.003449,0.003706,0.003766,0.003741,0.004095,0.004243,0.004659,0.004596,0.00323,0.002359,0.001554,0.001568,0.001531,0.001552,0.001601,0.001818,0.001818,1e-06,1e-06,1e-06,1e-06,1e-06,1e-06,0.003133,5.6e-05,1e-06,1e-06,1e-06,0.002446,0.00298,0.00015,0.000151,0.002674,0.002301,0.002161,0.002163,0.002157,0.00212,0.002179,0.002249,0.002398,0.002622,0.00275,0.003496,0.003869,0.003282,0.003914,0.004047,0.003443,0.002168,0.000746,0.000394,0.000177,8.5e-05,1.3e-05,1.3e-05,1e-06,1e-06,1e-06,1e-06,1e-06,1e-06,1e-06,1e-06,1e-06,1e-06,1e-06,1e-06,1e-06,1e-06,1e-06,1e-06,1e-06,1e-06,1e-06],[0.006432,0.012232,0.011011,0.011926,0.013485,0.011748,0.011541,0.013843,0.012148,0.009525,0.010962,0.01249,0.011705,0.010341,0.012158,0.012355,0.010467,0.010555,0.016354,0.016158,0.011611,0.012742,0.009653,0.010835,0.009421,0.008822,0.00934,0.00862,0.010213,0.009732,0.008188,0.007687,0.007118,0.009413,0.010758,0.008704,0.008914,0.00931,0.015219,0.006502,0.010076,0.011533,0.010563,0.01413,0.013242,0.009316,0.00687,0.010598,0.010525,0.010859,0.008903,0.010582,0.012748,0.008738,0.006735,0.006233,0.007439,0.002525,0.00432,0.005069,0.006316,0.00682,0.007179,0.009584,0.007931,0.008343,0.008898,0.008819,0.009444,0.006277,0.008162,0.007952,0.005633,0.005876,0.004461,0.003767,0.002493,0.002871,0.002712,0.002104,0.004996,0.005093,0.006304,0.006386,0.007951,0.007828,0.009539,0.008525,0.006686,0.007523,0.009276,0.005051,0.004439,0.008067,0.004919,0.006022,0.005809,0.003573,0.004382,0.00644,0.002055,0.002746,5e-06,5e-06,5e-06,5e-06,5e-06,5e-06,0.000196,5e-06,0.003437,0.002116,0.001676,0.001625,0.005343,0.004954,0.006106,0.005967,0.006757,0.005343,0.004232,0.004492,0.004664,0.005618,0.005202,0.005559,0.004398,0.00431,0.004046,0.003364,0.001994,0.002271,0.002236,0.001741,0.002415,0.001612,0.002461,0.002426,0.002816,0.002109,0.005417,5e-06,5e-06,5e-06,5e-06,5e-06,5e-06,5e-06,5e-06,5e-06,5e-06,5e-06,5e-06,2.2e-05,6e-06,5e-06,5e-06,5e-06,0.000112,0.001369,0.003521,0.002496,0.002377,0.001864,0.000552,3.2e-05,7e-06,6e-06,5e-06,5e-06,5e-06,5e-06,5e-06,5e-06,5e-06,5e-06,5e-06,5e-06,5e-06,5e-06,5e-06,5e-06,5e-06,5e-06,5e-06,5e-06,5e-06,5e-06,5e-06,5e-06,5e-06,5e-06,5e-06,5e-06,5e-06,5e-06,5e-06,5e-06,5e-06,5e-06],[0.006405,0.009208,0.009175,0.008601,0.008942,0.010087,0.01054,0.008745,0.008304,0.00891,0.007881,0.007989,0.00572,0.008405,0.008506,0.008224,0.006821,0.005424,0.006289,0.006592,0.006328,0.005599,0.00476,0.003832,0.003601,0.003827,0.003835,0.003931,0.003927,0.004307,0.004015,0.003513,0.003818,0.006556,0.007397,0.011352,0.015077,0.019163,0.019257,0.013023,0.019368,0.020988,0.019606,0.02076,0.018576,0.016289,0.017045,0.019508,0.017634,0.018963,0.017895,0.018124,0.017571,0.014449,0.013192,0.013091,0.010673,0.004804,0.005264,0.006825,0.00876,0.010648,0.013166,0.014048,0.013234,0.014069,0.014065,0.013437,0.01343,0.013329,0.012511,0.013347,0.013382,0.012257,0.00975,0.005932,0.002221,0.002192,0.002416,0.002256,0.00482,0.006423,0.006819,0.007116,0.007187,0.006966,0.0068,0.006759,0.006433,0.005992,0.00664,0.005552,0.006164,0.006737,0.005698,0.006889,0.006992,0.005517,0.004444,0.004141,0.002264,0.002165,1e-06,1e-06,1e-06,1e-06,1e-06,1e-06,1e-06,1e-06,1e-06,1e-06,2.3e-05,0.001615,0.002043,0.002085,0.001934,0.00209,0.002124,0.002017,0.00194,0.00197,0.001909,0.001964,0.002068,0.002084,0.002015,0.001931,0.002113,0.00211,0.00194,0.002157,0.002129,0.002224,0.002173,0.001885,0.001367,0.000544,2.7e-05,1e-06,1e-06,1e-06,1e-06,1e-06,1e-06,1e-06,1e-06,1e-06,1e-06,1e-06,1e-06,1e-06,1e-06,1e-06,1e-06,1e-06,1e-06,1e-06,1e-06,1e-06,1e-06,1e-06,1e-06,1e-06,1e-06,1e-06,1e-06,1e-06,1e-06,1e-06,1e-06,1e-06,1e-06,1e-06,1e-06,1e-06,1e-06,1e-06,1e-06,1e-06,1e-06,1e-06,1e-06,1e-06,1e-06,1e-06,1e-06,1e-06,1e-06,1e-06,1e-06,1e-06,1e-06,1e-06,1e-06,1e-06,1e-06,1e-06,1e-06,1e-06],[0.004666,0.007756,0.009901,0.009579,0.007601,0.010803,0.011492,0.012093,0.012822,0.01084,0.00848,0.008184,0.008594,0.010222,0.010451,0.009699,0.009302,0.011301,0.009492,0.008776,0.009213,0.011342,0.009954,0.008931,0.009791,0.010548,0.008941,0.010869,0.010367,0.009432,0.010064,0.009368,0.010005,0.009803,0.009085,0.008372,0.011375,0.012137,0.013192,0.009352,0.012974,0.013342,0.012516,0.012324,0.009624,0.011248,0.011504,0.011514,0.010736,0.011828,0.009685,0.012747,0.011319,0.009278,0.009574,0.006226,0.004843,0.00407,0.004013,0.003005,0.00421,0.007728,0.010568,0.010638,0.011219,0.009612,0.012143,0.009156,0.009614,0.008858,0.008907,0.006837,0.008645,0.009576,0.002803,0.005943,0.002097,0.002064,0.001715,0.002012,0.004045,0.006733,0.006691,0.006898,0.006365,0.007234,0.005628,0.004265,0.003281,0.003704,0.005901,0.005637,0.006007,0.005818,0.006011,0.006131,0.006819,0.006152,0.003816,0.003942,0.001836,0.002157,2e-06,2e-06,2e-06,2e-06,2e-06,2e-06,0.005027,2e-06,0.00249,0.002016,0.001333,0.005763,0.004849,0.003427,0.003987,0.003685,0.004076,0.003804,0.004424,0.004341,0.004415,0.00486,0.003934,0.004246,0.004314,0.004948,0.00513,0.005455,0.005026,0.004168,0.002309,0.001569,0.00179,0.00187,0.001631,0.001845,0.001854,0.001899,0.001833,2e-06,2e-06,2e-06,2e-06,2e-06,2e-06,2e-06,4e-06,2e-06,2e-06,2e-06,2e-06,0.004809,0.003452,2e-06,2e-06,2e-06,0.003173,0.002342,0.002024,0.002114,0.002548,0.002113,0.002399,0.004635,0.004693,0.004232,0.001882,2.7e-05,3e-06,0.000804,0.000329,4e-06,2e-06,2e-06,2e-06,2e-06,2e-06,2e-06,2e-06,2e-06,2e-06,2e-06,2e-06,2e-06,2e-06,2e-06,2e-06,2e-06,2e-06,2e-06,2e-06,2e-06,2e-06,2e-06,2e-06,2e-06,2e-06,2e-06],[0.00314,0.010252,0.013892,0.010338,0.009898,0.011053,0.014078,0.011542,0.011781,0.014792,0.011144,0.012247,0.009559,0.011416,0.009569,0.009749,0.014904,0.009391,0.01076,0.010617,0.012769,0.011142,0.01236,0.012545,0.015189,0.008404,0.007702,0.010747,0.010447,0.007984,0.011601,0.008355,0.007607,0.012603,0.010193,0.008419,0.012011,0.013117,0.009202,0.005812,0.010023,0.013161,0.012473,0.009094,0.008249,0.007926,0.010844,0.012085,0.011403,0.011407,0.00992,0.010897,0.009869,0.008413,0.008975,0.006209,0.006166,0.003062,0.004085,0.002472,0.004895,0.005354,0.011989,0.008017,0.009065,0.009139,0.011245,0.010702,0.008982,0.0102,0.011865,0.008704,0.008885,0.007167,0.007493,0.004729,0.002204,0.002455,0.002965,0.002664,0.004166,0.005355,0.007607,0.006998,0.007811,0.007277,0.00803,0.005918,0.004864,0.003361,0.010253,0.007041,0.005671,0.007731,0.004751,0.00512,0.00698,0.006196,0.005322,0.004156,0.002462,0.002108,5e-06,5e-06,5e-06,5e-06,5e-06,5e-06,0.000193,5e-06,0.004008,0.002991,0.001851,0.002103,0.004912,0.007065,0.005919,0.005699,0.005123,0.005647,0.004476,0.006062,0.005198,0.004489,0.004527,0.004421,0.003307,0.004362,0.002911,0.003047,0.002384,0.001772,0.002258,0.001813,0.001942,0.002603,0.002271,0.001869,0.002053,0.00211,0.00378,5e-06,5e-06,5e-06,5e-06,5e-06,5e-06,5e-06,5e-06,5e-06,5e-06,5e-06,5e-06,2.1e-05,6e-06,5e-06,5e-06,5e-06,0.000106,0.000291,0.000988,0.000836,0.000572,0.000408,0.000359,3e-05,7e-06,5e-06,5e-06,5e-06,5e-06,5e-06,5e-06,5e-06,5e-06,5e-06,5e-06,5e-06,5e-06,5e-06,5e-06,5e-06,5e-06,5e-06,5e-06,5e-06,5e-06,5e-06,5e-06,5e-06,5e-06,5e-06,5e-06,5e-06,5e-06,5e-06,5e-06,5e-06,5e-06,5e-06],[0.009657,0.011066,0.013542,0.012931,0.014858,0.016096,0.017763,0.017294,0.017651,0.016731,0.016191,0.016625,0.016047,0.016546,0.017068,0.017104,0.016266,0.016139,0.015936,0.015674,0.016313,0.016618,0.016095,0.015481,0.015748,0.015229,0.014898,0.01546,0.014982,0.013999,0.013692,0.01376,0.014011,0.01344,0.012488,0.010968,0.01225,0.013278,0.013344,0.008393,0.012467,0.012486,0.012082,0.011515,0.009897,0.009884,0.009772,0.010685,0.010161,0.010152,0.010051,0.010337,0.009837,0.007884,0.006261,0.005736,0.005653,0.002838,0.003672,0.003865,0.005699,0.004629,0.006932,0.00783,0.007311,0.007327,0.007075,0.00654,0.006572,0.006209,0.005475,0.004631,0.005098,0.004624,0.005572,0.003535,0.001938,0.001915,0.001897,0.001981,0.002403,0.003408,0.003508,0.0035,0.003982,0.003531,0.003945,0.004446,0.004743,0.004802,0.003966,0.003424,0.003551,0.003645,0.003304,0.003436,0.003451,0.003186,0.003751,0.002253,0.001974,0.001906,2e-06,2e-06,2e-06,2e-06,2e-06,2e-06,4.3e-05,2e-06,0.000207,0.001345,0.001732,0.001918,0.002145,0.00236,0.002733,0.002531,0.002521,0.001754,0.001713,0.001807,0.001577,0.001503,0.001671,0.001628,0.001521,0.001582,0.001541,0.001728,0.001732,0.001876,0.001864,0.001873,0.00201,0.0019,0.001839,0.001727,0.001669,0.001307,0.000209,2e-06,2e-06,2e-06,2e-06,2e-06,2e-06,2e-06,2e-06,2e-06,2e-06,2e-06,2e-06,2e-06,2e-06,2e-06,2e-06,2e-06,2.2e-05,6e-05,0.000163,0.000182,7.3e-05,4e-05,8e-06,2e-06,2e-06,2e-06,2e-06,2e-06,2e-06,2e-06,2e-06,2e-06,2e-06,2e-06,2e-06,2e-06,2e-06,2e-06,2e-06,2e-06,2e-06,2e-06,2e-06,2e-06,2e-06,2e-06,2e-06,2e-06,2e-06,2e-06,2e-06,2e-06,2e-06,2e-06,2e-06,2e-06,2e-06,2e-06]],"topic_distance_cosine":[[1.0,0.964892,0.956818,0.932655,0.953189,0.940339,0.957523,0.951116,0.904352,0.956405,0.96266,0.907752],[0.964892,1.0,0.954022,0.947314,0.951672,0.932671,0.963856,0.9528,0.925389,0.960144,0.958952,0.914888],[0.956818,0.954022,1.0,0.942469,0.944827,0.944561,0.943877,0.944242,0.915446,0.954228,0.950238,0.905599],[0.932655,0.947314,0.942469,1.0,0.924897,0.899284,0.926126,0.911245,0.977178,0.939302,0.919852,0.864508],[0.953189,0.951672,0.944827,0.924897,1.0,0.942326,0.966337,0.962957,0.887116,0.968675,0.962665,0.920497],[0.940339,0.932671,0.944561,0.899284,0.942326,1.0,0.940361,0.960865,0.851548,0.935398,0.953144,0.951398],[0.957523,0.963856,0.943877,0.926126,0.966337,0.940361,1.0,0.957565,0.882836,0.976442,0.962336,0.951966],[0.951116,0.9528,0.944242,0.911245,0.962957,0.960865,0.957565,1.0,0.87497,0.956398,0.966508,0.939846],[0.904352,0.925389,0.915446,0.977178,0.887116,0.851548,0.882836,0.87497,1.0,0.90739,0.880658,0.793525],[0.956405,0.960144,0.954228,0.939302,0.968675,0.935398,0.976442,0.956398,0.90739,1.0,0.965521,0.922261],[0.96266,0.958952,0.950238,0.919852,0.962665,0.953144,0.962336,0.966508,0.880658,0.965521,1.0,0.936832],[0.907752,0.914888,0.905599,0.864508,0.920497,0.951398,0.951966,0.939846,0.793525,0.922261,0.936832,1.0]],"topic_distance_js":[[0.0,0.010005,0.016381,0.024423,0.026558,0.01758,0.0331,0.018474,0.034236,0.027115,0.012835,0.031864],[0.010005,0.0,0.017339,0.019599,0.026957,0.021039,0.030926,0.018136,0.028417,0.027123,0.014135,0.027749],[0.016381,0.017339,0.0,0.019156,0.032453,0.017499,0.039238,0.023852,0.029191,0.031167,0.020488,0.031814],[0.024423,0.019599,0.019156,0.0,0.038761,0.03129,0.043591,0.033998,0.007773,0.035703,0.028713,0.039005],[0.026558,0.026957,0.032453,0.038761,0.0,0.031998,0.024246,0.014648,0.051459,0.014644,0.017994,0.040368],[0.01758,0.021039,0.017499,0.03129,0.031998,0.0,0.038962,0.018235,0.045414,0.034027,0.017337,0.018473],[0.0331,0.030926,0.039238,0.043591,0.024246,0.038962,0.0,0.029022,0.059018,0.015627,0.028664,0.036278],[0.018474,0.018136,0.023852,0.033998,0.014648,0.018235,0.029022,0.0,0.04638,0.021859,0.009683,0.027038],[0.034236,0.028417,0.029191,0.007773,0.051459,0.045414,0.059018,0.04638,0.0,0.047692,0.041958,0.06189],[0.027115,0.027123,0.031167,0.035703,0.014644,0.034027,0.015627,0.021859,0.047692,0.0,0.020496,0.03994],[0.012835,0.014135,0.020488,0.028713,0.017994,0.017337,0.028664,0.009683,0.041958,0.020496,0.0,0.025391],[0.031864,0.027749,0.031814,0.039005,0.040368,0.018473,0.036278,0.027038,0.06189,0.03994,0.025391,0.0]],"topic_distance_hellinger":[[0.0,0.100294,0.131003,0.162762,0.181162,0.133194,0.20302,0.1423,0.192318,0.182093,0.116155,0.180107],[0.100294,0.0,0.133886,0.143705,0.181615,0.145853,0.197195,0.140524,0.172967,0.181667,0.121148,0.167649],[0.131003,0.133886,0.0,0.142673,0.199093,0.135084,0.219484,0.163618,0.177354,0.194965,0.148727,0.179989],[0.162762,0.143705,0.142673,0.0,0.215831,0.1837,0.230816,0.194243,0.088408,0.207797,0.176277,0.199661],[0.181162,0.181615,0.199093,0.215831,0.0,0.196527,0.169744,0.124277,0.244926,0.125156,0.139543,0.211544],[0.133194,0.145853,0.135084,0.1837,0.196527,0.0,0.217558,0.142609,0.220739,0.200875,0.135474,0.136969],[0.20302,0.197195,0.219484,0.230816,0.169744,0.217558,0.0,0.186088,0.264017,0.135641,0.185301,0.208744],[0.1423,0.140524,0.163618,0.194243,0.124277,0.142609,0.186088,0.0,0.225188,0.158258,0.098819,0.167865],[0.192318,0.172967,0.177354,0.088408,0.244926,0.220739,0.264017,0.225188,0.0,0.236455,0.212136,0.252413],[0.182093,0.181667,0.194965,0.207797,0.125156,0.200875,0.135641,0.158258,0.236455,0.0,0.154159,0.212197],[0.116155,0.121148,0.148727,0.176277,0.139543,0.135474,0.185301,0.098819,0.212136,0.154159,0.0,0.161176],[0.180107,0.167649,0.179989,0.199661,0.211544,0.136969,0.208744,0.167865,0.252413,0.212197,0.161176,0.0]],"topic_word_jaccard_top15":[[1.0,0.111111,0.111111,0.153846,0.111111,0.111111,0.2,0.111111,0.111111,0.071429,0.111111,0.071429],[0.111111,1.0,0.153846,0.428571,0.111111,0.071429,0.153846,0.111111,0.5,0.304348,0.2,0.111111],[0.111111,0.153846,1.0,0.2,0.153846,0.25,0.2,0.2,0.25,0.428571,0.304348,0.25],[0.153846,0.428571,0.2,1.0,0.304348,0.071429,0.2,0.071429,0.666667,0.5,0.2,0.034483],[0.111111,0.111111,0.153846,0.304348,1.0,0.2,0.2,0.153846,0.25,0.25,0.25,0.25],[0.111111,0.071429,0.25,0.071429,0.2,1.0,0.034483,0.304348,0.0,0.153846,0.111111,0.428571],[0.2,0.153846,0.2,0.2,0.2,0.034483,1.0,0.153846,0.25,0.25,0.304348,0.071429],[0.111111,0.111111,0.2,0.071429,0.153846,0.304348,0.153846,1.0,0.153846,0.153846,0.034483,0.25],[0.111111,0.5,0.25,0.666667,0.25,0.0,0.25,0.153846,1.0,0.5,0.153846,0.0],[0.071429,0.304348,0.428571,0.5,0.25,0.153846,0.25,0.153846,0.5,1.0,0.25,0.111111],[0.111111,0.2,0.304348,0.2,0.25,0.111111,0.304348,0.034483,0.153846,0.25,1.0,0.25],[0.071429,0.111111,0.25,0.034483,0.25,0.428571,0.071429,0.25,0.0,0.111111,0.25,1.0]],"topic_intertopic_2d_js":[[0.01361,0.032224],[0.060581,0.017154],[0.092357,0.060917],[0.012056,0.122621],[-0.106214,-0.046935],[0.074293,-0.054786],[-0.076419,-0.125997],[-0.00831,-0.070806],[-0.021421,0.165291],[-0.120882,0.006737],[-0.031234,-0.006391],[0.111584,-0.100029]],"topic_intertopic_3d_js":[[-0.042454,-0.024193,0.03666],[0.056726,-0.050268,0.010773],[-0.023619,0.068555,0.061243],[0.056757,-0.016871,0.106201],[-0.055534,-0.105548,-0.033392],[0.052335,0.083144,-0.001415],[-0.057219,0.072926,-0.106964],[-0.002832,-0.056335,-0.076873],[0.004147,-0.016385,0.161931],[-0.1124,0.013002,-0.041452],[0.007545,-0.010912,-0.049315],[0.116547,0.042884,-0.067398]],"top_words_per_topic":{"lambda_0.0":[[{"token":"2004nm","p_w_given_topic":3e-06,"p_w_global":0.0,"lift":2986594.5,"relevance":14.909644},{"token":"2416nm","p_w_given_topic":3e-06,"p_w_global":0.0,"lift":2986594.5,"relevance":14.909644},{"token":"2468nm","p_w_given_topic":3e-06,"p_w_global":0.0,"lift":2986590.75,"relevance":14.909643},{"token":"2426nm","p_w_given_topic":3e-06,"p_w_global":0.0,"lift":2986591.25,"relevance":14.909643},{"token":"2342nm","p_w_given_topic":3e-06,"p_w_global":0.0,"lift":2986590.75,"relevance":14.909643},{"token":"2352nm","p_w_given_topic":3e-06,"p_w_global":0.0,"lift":2986590.5,"relevance":14.909643},{"token":"2437nm","p_w_given_topic":3e-06,"p_w_global":0.0,"lift":2986590.5,"relevance":14.909643},{"token":"2321nm","p_w_given_topic":3e-06,"p_w_global":0.0,"lift":2986589.75,"relevance":14.909643},{"token":"1993nm","p_w_given_topic":3e-06,"p_w_global":0.0,"lift":2986590.75,"relevance":14.909643},{"token":"1951nm","p_w_given_topic":3e-06,"p_w_global":0.0,"lift":2986590.75,"relevance":14.909643},{"token":"1941nm","p_w_given_topic":3e-06,"p_w_global":0.0,"lift":2986589.75,"relevance":14.909643},{"token":"2363nm","p_w_given_topic":3e-06,"p_w_global":0.0,"lift":2986591.5,"relevance":14.909643},{"token":"2500nm","p_w_given_topic":3e-06,"p_w_global":0.0,"lift":2986587.5,"relevance":14.909642},{"token":"2447nm","p_w_given_topic":3e-06,"p_w_global":0.0,"lift":2986588.75,"relevance":14.909642},{"token":"2489nm","p_w_given_topic":3e-06,"p_w_global":0.0,"lift":2986589.25,"relevance":14.909642},{"token":"2479nm","p_w_given_topic":3e-06,"p_w_global":0.0,"lift":2986588.5,"relevance":14.909642},{"token":"2458nm","p_w_given_topic":3e-06,"p_w_global":0.0,"lift":2986587.0,"relevance":14.909642},{"token":"2331nm","p_w_given_topic":3e-06,"p_w_global":0.0,"lift":2986588.5,"relevance":14.909642},{"token":"2310nm","p_w_given_topic":3e-06,"p_w_global":0.0,"lift":2986588.75,"relevance":14.909642},{"token":"1930nm","p_w_given_topic":3e-06,"p_w_global":0.0,"lift":2986588.5,"relevance":14.909642},{"token":"2373nm","p_w_given_topic":3e-06,"p_w_global":0.0,"lift":2986588.75,"relevance":14.909642},{"token":"2384nm","p_w_given_topic":3e-06,"p_w_global":0.0,"lift":2986589.25,"relevance":14.909642},{"token":"2405nm","p_w_given_topic":3e-06,"p_w_global":0.0,"lift":2986587.25,"relevance":14.909642},{"token":"2394nm","p_w_given_topic":3e-06,"p_w_global":0.0,"lift":2986588.5,"relevance":14.909642},{"token":"1920nm","p_w_given_topic":3e-06,"p_w_global":0.0,"lift":2986587.25,"relevance":14.909642},{"token":"1909nm","p_w_given_topic":3e-06,"p_w_global":0.0,"lift":2986589.0,"relevance":14.909642},{"token":"1519nm","p_w_given_topic":3e-06,"p_w_global":0.0,"lift":2986588.75,"relevance":14.909642},{"token":"1508nm","p_w_given_topic":3e-06,"p_w_global":0.0,"lift":2986589.25,"relevance":14.909642},{"token":"1476nm","p_w_given_topic":3e-06,"p_w_global":0.0,"lift":2986588.5,"relevance":14.909642},{"token":"1497nm","p_w_given_topic":3e-06,"p_w_global":0.0,"lift":2986588.5,"relevance":14.909642}],[{"token":"2321nm","p_w_given_topic":3e-06,"p_w_global":0.0,"lift":2967620.25,"relevance":14.903271},{"token":"2458nm","p_w_given_topic":3e-06,"p_w_global":0.0,"lift":2967615.75,"relevance":14.90327},{"token":"2405nm","p_w_given_topic":3e-06,"p_w_global":0.0,"lift":2967615.75,"relevance":14.90327},{"token":"2394nm","p_w_given_topic":3e-06,"p_w_global":0.0,"lift":2967616.5,"relevance":14.90327},{"token":"2384nm","p_w_given_topic":3e-06,"p_w_global":0.0,"lift":2967612.75,"relevance":14.903269},{"token":"2500nm","p_w_given_topic":3e-06,"p_w_global":0.0,"lift":2967613.75,"relevance":14.903269},{"token":"2447nm","p_w_given_topic":3e-06,"p_w_global":0.0,"lift":2967615.0,"relevance":14.903269},{"token":"2468nm","p_w_given_topic":3e-06,"p_w_global":0.0,"lift":2967614.75,"relevance":14.903269},{"token":"1983nm","p_w_given_topic":3e-06,"p_w_global":0.0,"lift":2967614.75,"relevance":14.903269},{"token":"1941nm","p_w_given_topic":3e-06,"p_w_global":0.0,"lift":2967615.25,"relevance":14.903269},{"token":"1920nm","p_w_given_topic":3e-06,"p_w_global":0.0,"lift":2967613.0,"relevance":14.903269},{"token":"2004nm","p_w_given_topic":3e-06,"p_w_global":0.0,"lift":2967613.5,"relevance":14.903269},{"token":"2342nm","p_w_given_topic":3e-06,"p_w_global":0.0,"lift":2967613.5,"relevance":14.903269},{"token":"2352nm","p_w_given_topic":3e-06,"p_w_global":0.0,"lift":2967612.75,"relevance":14.903269},{"token":"2331nm","p_w_given_topic":3e-06,"p_w_global":0.0,"lift":2967613.0,"relevance":14.903269},{"token":"2363nm","p_w_given_topic":3e-06,"p_w_global":0.0,"lift":2967612.75,"relevance":14.903269},{"token":"1476nm","p_w_given_topic":3e-06,"p_w_global":0.0,"lift":2967612.75,"relevance":14.903269},{"token":"1508nm","p_w_given_topic":3e-06,"p_w_global":0.0,"lift":2967614.75,"relevance":14.903269},{"token":"1519nm","p_w_given_topic":3e-06,"p_w_global":0.0,"lift":2967613.0,"relevance":14.903269},{"token":"2426nm","p_w_given_topic":3e-06,"p_w_global":0.0,"lift":2967609.75,"relevance":14.903268},{"token":"2310nm","p_w_given_topic":3e-06,"p_w_global":0.0,"lift":2967610.0,"relevance":14.903268},{"token":"2437nm","p_w_given_topic":3e-06,"p_w_global":0.0,"lift":2967611.5,"relevance":14.903268},{"token":"2489nm","p_w_given_topic":3e-06,"p_w_global":0.0,"lift":2967611.75,"relevance":14.903268},{"token":"2479nm","p_w_given_topic":3e-06,"p_w_global":0.0,"lift":2967610.0,"relevance":14.903268},{"token":"1909nm","p_w_given_topic":3e-06,"p_w_global":0.0,"lift":2967611.25,"relevance":14.903268},{"token":"1930nm","p_w_given_topic":3e-06,"p_w_global":0.0,"lift":2967611.75,"relevance":14.903268},{"token":"1898nm","p_w_given_topic":3e-06,"p_w_global":0.0,"lift":2967611.75,"relevance":14.903268},{"token":"1487nm","p_w_given_topic":3e-06,"p_w_global":0.0,"lift":2967610.75,"relevance":14.903268},{"token":"1497nm","p_w_given_topic":3e-06,"p_w_global":0.0,"lift":2967611.75,"relevance":14.903268},{"token":"2373nm","p_w_given_topic":3e-06,"p_w_global":0.0,"lift":2967611.75,"relevance":14.903268}],[{"token":"2468nm","p_w_given_topic":2e-06,"p_w_global":0.0,"lift":2118052.0,"relevance":14.566008},{"token":"2405nm","p_w_given_topic":2e-06,"p_w_global":0.0,"lift":2118052.0,"relevance":14.566008},{"token":"2310nm","p_w_given_topic":2e-06,"p_w_global":0.0,"lift":2118049.5,"relevance":14.566007},{"token":"2331nm","p_w_given_topic":2e-06,"p_w_global":0.0,"lift":2118050.0,"relevance":14.566007},{"token":"2373nm","p_w_given_topic":2e-06,"p_w_global":0.0,"lift":2118049.5,"relevance":14.566007},{"token":"2363nm","p_w_given_topic":2e-06,"p_w_global":0.0,"lift":2118050.0,"relevance":14.566007},{"token":"2384nm","p_w_given_topic":2e-06,"p_w_global":0.0,"lift":2118050.5,"relevance":14.566007},{"token":"2321nm","p_w_given_topic":2e-06,"p_w_global":0.0,"lift":2118050.75,"relevance":14.566007},{"token":"1930nm","p_w_given_topic":2e-06,"p_w_global":0.0,"lift":2118050.0,"relevance":14.566007},{"token":"1909nm","p_w_given_topic":2e-06,"p_w_global":0.0,"lift":2118049.75,"relevance":14.566007},{"token":"1941nm","p_w_given_topic":2e-06,"p_w_global":0.0,"lift":2118049.5,"relevance":14.566007},{"token":"2447nm","p_w_given_topic":2e-06,"p_w_global":0.0,"lift":2118049.25,"relevance":14.566006},{"token":"2479nm","p_w_given_topic":2e-06,"p_w_global":0.0,"lift":2118048.75,"relevance":14.566006},{"token":"2489nm","p_w_given_topic":2e-06,"p_w_global":0.0,"lift":2118048.5,"relevance":14.566006},{"token":"2500nm","p_w_given_topic":2e-06,"p_w_global":0.0,"lift":2118048.5,"relevance":14.566006},{"token":"2458nm","p_w_given_topic":2e-06,"p_w_global":0.0,"lift":2118047.75,"relevance":14.566006},{"token":"2426nm","p_w_given_topic":2e-06,"p_w_global":0.0,"lift":2118047.75,"relevance":14.566006},{"token":"2437nm","p_w_given_topic":2e-06,"p_w_global":0.0,"lift":2118047.75,"relevance":14.566006},{"token":"2342nm","p_w_given_topic":2e-06,"p_w_global":0.0,"lift":2118048.5,"relevance":14.566006},{"token":"1951nm","p_w_given_topic":2e-06,"p_w_global":0.0,"lift":2118048.25,"relevance":14.566006},{"token":"1983nm","p_w_given_topic":2e-06,"p_w_global":0.0,"lift":2118048.25,"relevance":14.566006},{"token":"2352nm","p_w_given_topic":2e-06,"p_w_global":0.0,"lift":2118047.75,"relevance":14.566006},{"token":"2416nm","p_w_given_topic":2e-06,"p_w_global":0.0,"lift":2118048.75,"relevance":14.566006},{"token":"2394nm","p_w_given_topic":2e-06,"p_w_global":0.0,"lift":2118048.75,"relevance":14.566006},{"token":"1993nm","p_w_given_topic":2e-06,"p_w_global":0.0,"lift":2118048.75,"relevance":14.566006},{"token":"1497nm","p_w_given_topic":2e-06,"p_w_global":0.0,"lift":2118048.25,"relevance":14.566006},{"token":"1519nm","p_w_given_topic":2e-06,"p_w_global":0.0,"lift":2118048.25,"relevance":14.566006},{"token":"1508nm","p_w_given_topic":2e-06,"p_w_global":0.0,"lift":2118047.5,"relevance":14.566006},{"token":"1476nm","p_w_given_topic":2e-06,"p_w_global":0.0,"lift":2118048.75,"relevance":14.566006},{"token":"1487nm","p_w_given_topic":2e-06,"p_w_global":0.0,"lift":2118048.75,"relevance":14.566006}],[{"token":"2426nm","p_w_given_topic":1e-06,"p_w_global":0.0,"lift":1218003.125,"relevance":14.012723},{"token":"2458nm","p_w_given_topic":1e-06,"p_w_global":0.0,"lift":1218002.25,"relevance":14.012723},{"token":"2447nm","p_w_given_topic":1e-06,"p_w_global":0.0,"lift":1218001.75,"relevance":14.012722},{"token":"1993nm","p_w_given_topic":1e-06,"p_w_global":0.0,"lift":1218001.5,"relevance":14.012722},{"token":"2321nm","p_w_given_topic":1e-06,"p_w_global":0.0,"lift":1218001.75,"relevance":14.012722},{"token":"2310nm","p_w_given_topic":1e-06,"p_w_global":0.0,"lift":1218001.25,"relevance":14.012722},{"token":"2394nm","p_w_given_topic":1e-06,"p_w_global":0.0,"lift":1218001.5,"relevance":14.012722},{"token":"2405nm","p_w_given_topic":1e-06,"p_w_global":0.0,"lift":1218001.25,"relevance":14.012722},{"token":"1476nm","p_w_given_topic":1e-06,"p_w_global":0.0,"lift":1218001.25,"relevance":14.012722},{"token":"2437nm","p_w_