{"scene_id":"kennedy-space-center","scene_name":"Kennedy Space Center","topic_count":12,"vocabulary_size":176,"document_count":2686,"wavelengths_nm":[400.0,412.0,424.0,436.0,448.0,460.0,472.0,484.0,496.0,508.0,520.0,532.0,544.0,556.0,568.0,580.0,592.0,604.0,616.0,628.0,640.0,652.0,664.0,676.0,688.0,700.0,712.0,724.0,736.0,748.0,760.0,772.0,784.0,796.0,808.0,820.0,832.0,844.0,856.0,868.0,880.0,892.0,904.0,916.0,928.0,940.0,952.0,964.0,976.0,988.0,1000.0,1012.0,1024.0,1036.0,1048.0,1060.0,1072.0,1084.0,1096.0,1108.0,1120.0,1132.0,1144.0,1156.0,1168.0,1180.0,1192.0,1204.0,1216.0,1228.0,1240.0,1252.0,1264.0,1276.0,1288.0,1300.0,1312.0,1324.0,1336.0,1348.0,1360.0,1372.0,1384.0,1396.0,1408.0,1420.0,1432.0,1444.0,1456.0,1468.0,1480.0,1492.0,1504.0,1516.0,1528.0,1540.0,1552.0,1564.0,1576.0,1588.0,1600.0,1612.0,1624.0,1636.0,1648.0,1660.0,1672.0,1684.0,1696.0,1708.0,1720.0,1732.0,1744.0,1756.0,1768.0,1780.0,1792.0,1804.0,1816.0,1828.0,1840.0,1852.0,1864.0,1876.0,1888.0,1900.0,1912.0,1924.0,1936.0,1948.0,1960.0,1972.0,1984.0,1996.0,2008.0,2020.0,2032.0,2044.0,2056.0,2068.0,2080.0,2092.0,2104.0,2116.0,2128.0,2140.0,2152.0,2164.0,2176.0,2188.0,2200.0,2212.0,2224.0,2236.0,2248.0,2260.0,2272.0,2284.0,2296.0,2308.0,2320.0,2332.0,2344.0,2356.0,2368.0,2380.0,2392.0,2404.0,2416.0,2428.0,2440.0,2452.0,2464.0,2476.0,2488.0,2500.0],"vocabulary":["0400nm","0412nm","0424nm","0436nm","0448nm","0460nm","0472nm","0484nm","0496nm","0508nm","0520nm","0532nm","0544nm","0556nm","0568nm","0580nm","0592nm","0604nm","0616nm","0628nm","0640nm","0652nm","0664nm","0676nm","0688nm","0700nm","0712nm","0724nm","0736nm","0748nm","0760nm","0772nm","0784nm","0796nm","0808nm","0820nm","0832nm","0844nm","0856nm","0868nm","0880nm","0892nm","0904nm","0916nm","0928nm","0940nm","0952nm","0964nm","0976nm","0988nm","1000nm","1012nm","1024nm","1036nm","1048nm","1060nm","1072nm","1084nm","1096nm","1108nm","1120nm","1132nm","1144nm","1156nm","1168nm","1180nm","1192nm","1204nm","1216nm","1228nm","1240nm","1252nm","1264nm","1276nm","1288nm","1300nm","1312nm","1324nm","1336nm","1348nm","1360nm","1372nm","1384nm","1396nm","1408nm","1420nm","1432nm","1444nm","1456nm","1468nm","1480nm","1492nm","1504nm","1516nm","1528nm","1540nm","1552nm","1564nm","1576nm","1588nm","1600nm","1612nm","1624nm","1636nm","1648nm","1660nm","1672nm","1684nm","1696nm","1708nm","1720nm","1732nm","1744nm","1756nm","1768nm","1780nm","1792nm","1804nm","1816nm","1828nm","1840nm","1852nm","1864nm","1876nm","1888nm","1900nm","1912nm","1924nm","1936nm","1948nm","1960nm","1972nm","1984nm","1996nm","2008nm","2020nm","2032nm","2044nm","2056nm","2068nm","2080nm","2092nm","2104nm","2116nm","2128nm","2140nm","2152nm","2164nm","2176nm","2188nm","2200nm","2212nm","2224nm","2236nm","2248nm","2260nm","2272nm","2284nm","2296nm","2308nm","2320nm","2332nm","2344nm","2356nm","2368nm","2380nm","2392nm","2404nm","2416nm","2428nm","2440nm","2452nm","2464nm","2476nm","2488nm","2500nm"],"corpus_marginal":[0.109091,0.0,0.0,0.0,0.0,0.0,0.0,0.0,0.0,0.0,0.0,0.0,0.0,0.0,0.0,0.0,0.0,0.0,0.0,0.0,0.0,0.0,0.0,0.0,0.0,0.0,0.0,0.0,0.0,0.0,0.0,0.0,0.0,0.0,0.0,0.0,0.0,0.0,0.0,0.0,0.0,0.0,0.0,0.0,0.0,0.0,0.0,0.0,0.0,0.0,0.0,0.0,0.0,0.0,0.0,0.0,0.0,0.0,0.0,0.0,0.0,0.0,0.0,0.0,0.0,0.0,0.0,0.0,0.0,0.0,0.0,0.0,0.0,0.0,0.0,0.0,0.0,0.0,0.0,0.0,0.0,0.0,0.0,0.0,0.0,0.0,0.0,0.0,0.0,0.0,0.0,0.0,0.0,0.0,0.0,0.0,0.0,0.0,0.0,0.0,0.0,0.0,0.0,0.0,0.0,0.0,0.0,0.0,0.0,0.0,0.0,0.0,0.0,0.0,0.0,0.0,0.0,0.0,0.0,0.0,0.0,0.0,0.0,0.0,0.0,0.0,0.0,0.0,0.0,0.0,0.0,0.0,0.4,0.018182,0.0,0.0,0.0,0.0,0.018182,0.0,0.0,0.018182,0.0,0.0,0.0,0.0,0.0,0.0,0.0,0.0,0.0,0.0,0.0,0.0,0.0,0.0,0.0,0.0,0.0,0.0,0.0,0.0,0.0,0.0,0.0,0.0,0.0,0.018182,0.0,0.018182,0.018182,0.018182,0.0,0.163636,0.036364,0.163636],"topic_prevalence":[0.082473,0.084013,0.082689,0.08444,0.082473,0.082473,0.082473,0.082473,0.087449,0.082473,0.083974,0.082581],"topic_band_profiles":[[0.005685,0.005681,0.005681,0.005681,0.005681,0.005681,0.005681,0.005681,0.005681,0.005681,0.005681,0.005681,0.005681,0.005681,0.005681,0.005681,0.005681,0.005681,0.005681,0.005681,0.005681,0.005681,0.005681,0.005681,0.005681,0.005681,0.005681,0.005681,0.005681,0.005681,0.005681,0.005681,0.005681,0.005681,0.005681,0.005681,0.005681,0.005681,0.005681,0.005681,0.005681,0.005681,0.005681,0.005681,0.005681,0.005681,0.005681,0.005681,0.005681,0.005681,0.005681,0.005681,0.005681,0.005681,0.005681,0.005681,0.005681,0.005681,0.005681,0.005681,0.005681,0.005681,0.005681,0.005681,0.005681,0.005681,0.005681,0.005681,0.005681,0.005682,0.005681,0.005681,0.005681,0.005681,0.005681,0.005681,0.005681,0.005681,0.005681,0.005681,0.005681,0.005681,0.005681,0.005681,0.005681,0.005681,0.005681,0.005681,0.005681,0.005681,0.005681,0.005681,0.005681,0.005681,0.005681,0.005681,0.005681,0.005681,0.005681,0.005681,0.005681,0.005681,0.005681,0.005681,0.005681,0.005681,0.005681,0.005681,0.005681,0.005681,0.005681,0.005681,0.005681,0.005681,0.005681,0.005681,0.005681,0.005681,0.005681,0.005681,0.005681,0.005681,0.005681,0.005681,0.005681,0.005681,0.005681,0.005681,0.005681,0.005682,0.005681,0.005681,0.005698,0.005683,0.005682,0.005681,0.005681,0.005681,0.005683,0.005681,0.005681,0.005684,0.005681,0.005681,0.005681,0.005681,0.005681,0.005681,0.005681,0.005681,0.005681,0.005681,0.005681,0.005681,0.005681,0.005681,0.005681,0.005681,0.005681,0.005681,0.005681,0.005681,0.005681,0.005681,0.005681,0.005681,0.005681,0.005684,0.005681,0.005683,0.005684,0.00569,0.005681,0.005687,0.005685,0.00569],[0.642142,0.002045,0.002045,0.002045,0.002045,0.002045,0.002045,0.002045,0.002045,0.002045,0.002045,0.002045,0.002045,0.002045,0.002045,0.002045,0.002045,0.002045,0.002045,0.002045,0.002045,0.002045,0.002045,0.002045,0.002045,0.002045,0.002045,0.002045,0.002045,0.002045,0.002045,0.002045,0.002045,0.002045,0.002045,0.002045,0.002045,0.002045,0.002045,0.002045,0.002045,0.002045,0.002045,0.002045,0.002045,0.002045,0.002045,0.002045,0.002045,0.002045,0.002045,0.002045,0.002045,0.002045,0.002045,0.002045,0.002045,0.002045,0.002045,0.002045,0.002045,0.002045,0.002045,0.002045,0.002045,0.002045,0.002045,0.002045,0.002045,0.002045,0.002045,0.002045,0.002045,0.002045,0.002045,0.002045,0.002045,0.002045,0.002045,0.002045,0.002045,0.002045,0.002045,0.002045,0.002045,0.002045,0.002045,0.002045,0.002045,0.002045,0.002045,0.002045,0.002045,0.002045,0.002045,0.002045,0.002045,0.002045,0.002045,0.002045,0.002045,0.002045,0.002045,0.002045,0.002045,0.002045,0.002045,0.002045,0.002045,0.002045,0.002045,0.002045,0.002045,0.002045,0.002045,0.002045,0.002045,0.002045,0.002045,0.002045,0.002045,0.002045,0.002045,0.002045,0.002045,0.002045,0.002045,0.002045,0.002045,0.002045,0.002045,0.002045,0.002047,0.002045,0.002045,0.002045,0.002045,0.002045,0.002045,0.002045,0.002045,0.002045,0.002045,0.002045,0.002045,0.002045,0.002045,0.002045,0.002045,0.002045,0.002045,0.002045,0.002045,0.002045,0.002045,0.002045,0.002045,0.002045,0.002045,0.002045,0.002045,0.002045,0.002045,0.002045,0.002045,0.002045,0.002045,0.002045,0.002045,0.002045,0.002045,0.002046,0.002045,0.002046,0.002045,0.002046],[0.003529,0.003528,0.003528,0.003528,0.003528,0.003528,0.003528,0.003528,0.003528,0.003528,0.003528,0.003528,0.003528,0.003528,0.003528,0.003528,0.003528,0.003528,0.003528,0.003528,0.003528,0.003528,0.003528,0.003528,0.003528,0.003528,0.003528,0.003528,0.003528,0.003528,0.003528,0.003528,0.003528,0.003528,0.003528,0.003528,0.003528,0.003528,0.003528,0.003528,0.003528,0.003528,0.003528,0.003528,0.003528,0.003528,0.003528,0.003528,0.003528,0.003528,0.003528,0.003528,0.003528,0.003528,0.003528,0.003528,0.003528,0.003528,0.003528,0.003528,0.003528,0.003528,0.003528,0.003528,0.003528,0.003528,0.003528,0.003528,0.003528,0.003528,0.003528,0.003528,0.003528,0.003528,0.003528,0.003528,0.003528,0.003528,0.003528,0.003528,0.003528,0.003528,0.003528,0.003528,0.003528,0.003528,0.003528,0.003528,0.003528,0.003528,0.003528,0.003528,0.003528,0.003528,0.003528,0.003528,0.003528,0.003528,0.003528,0.003528,0.003528,0.003528,0.003528,0.003528,0.003528,0.003528,0.003528,0.003528,0.003528,0.003528,0.003528,0.003528,0.003528,0.003528,0.003528,0.003528,0.003528,0.003528,0.003528,0.003528,0.003528,0.003528,0.003528,0.003528,0.003528,0.003528,0.003528,0.003528,0.003528,0.003528,0.003528,0.003528,0.003534,0.193009,0.003528,0.003528,0.003528,0.003528,0.003528,0.003528,0.003528,0.003529,0.003528,0.003528,0.003528,0.003528,0.003528,0.003528,0.003528,0.003528,0.003528,0.003528,0.003528,0.003528,0.003528,0.003528,0.003528,0.003528,0.003528,0.003528,0.003528,0.003528,0.003528,0.003528,0.003528,0.003528,0.003528,0.003529,0.003528,0.193009,0.003529,0.003531,0.003528,0.00353,0.003529,0.00369],[0.001413,0.001412,0.001412,0.001412,0.001412,0.001412,0.001412,0.001412,0.001412,0.001412,0.001412,0.001412,0.001412,0.001412,0.001412,0.001412,0.001412,0.001412,0.001412,0.001412,0.001412,0.001412,0.001412,0.001412,0.001412,0.001412,0.001412,0.001412,0.001412,0.001412,0.001412,0.001412,0.001412,0.001412,0.001412,0.001412,0.001412,0.001412,0.001412,0.001412,0.001412,0.001412,0.001412,0.001412,0.001412,0.001412,0.001412,0.001412,0.001412,0.001412,0.001412,0.001412,0.001412,0.001412,0.001412,0.001412,0.001412,0.001412,0.001412,0.001412,0.001412,0.001412,0.001412,0.001412,0.001412,0.001412,0.001412,0.001412,0.001412,0.001412,0.001412,0.001412,0.001412,0.001412,0.001412,0.001412,0.001412,0.001412,0.001412,0.001412,0.001412,0.001412,0.001412,0.001412,0.001412,0.001412,0.001412,0.001412,0.001412,0.001412,0.001412,0.001412,0.001412,0.001412,0.001412,0.001412,0.001412,0.001412,0.001412,0.001412,0.001412,0.001412,0.001412,0.001412,0.001412,0.001412,0.001412,0.001412,0.001412,0.001412,0.001412,0.001412,0.001412,0.001412,0.001412,0.001412,0.001412,0.001412,0.001412,0.001412,0.001412,0.001412,0.001412,0.001412,0.001412,0.001412,0.001412,0.001412,0.001412,0.001412,0.001412,0.001412,0.00142,0.001412,0.001412,0.001412,0.001412,0.001412,0.001412,0.001412,0.001412,0.001412,0.001412,0.001412,0.001412,0.001412,0.001412,0.001412,0.001412,0.001412,0.001412,0.001412,0.001412,0.001412,0.001412,0.001412,0.001412,0.001412,0.001412,0.001412,0.001412,0.001412,0.001412,0.001412,0.001412,0.001412,0.001412,0.077254,0.001412,0.001412,0.001412,0.001413,0.001412,0.676958,0.001429,0.001437],[0.005685,0.005681,0.005681,0.005681,0.005681,0.005681,0.005681,0.005681,0.005681,0.005681,0.005681,0.005681,0.005681,0.005681,0.005681,0.005681,0.005681,0.005681,0.005681,0.005681,0.005681,0.005681,0.005681,0.005681,0.005681,0.005681,0.005681,0.005681,0.005681,0.005681,0.005681,0.005681,0.005681,0.005681,0.005681,0.005681,0.005681,0.005682,0.005681,0.005681,0.005681,0.005681,0.005681,0.005681,0.005681,0.005681,0.005681,0.005681,0.005681,0.005681,0.005681,0.005681,0.005681,0.005681,0.005681,0.005681,0.005681,0.005681,0.005681,0.005681,0.005681,0.005681,0.005681,0.005681,0.005681,0.005681,0.005681,0.005681,0.005681,0.005681,0.005681,0.005681,0.005681,0.005681,0.005681,0.005681,0.005681,0.005681,0.005681,0.005681,0.005681,0.005681,0.005681,0.005681,0.005681,0.005681,0.005681,0.005681,0.005681,0.005681,0.005681,0.005681,0.005681,0.005681,0.005681,0.005681,0.005681,0.005681,0.005681,0.005681,0.005681,0.005681,0.005681,0.005681,0.005681,0.005681,0.005681,0.005681,0.005681,0.005681,0.005681,0.005681,0.005681,0.005681,0.005681,0.005681,0.005681,0.005681,0.005681,0.005681,0.005681,0.005681,0.005681,0.005681,0.005681,0.005681,0.005681,0.005681,0.005681,0.005681,0.005681,0.005682,0.005698,0.005683,0.005681,0.005681,0.005681,0.005681,0.005683,0.005681,0.005681,0.005684,0.005681,0.005681,0.005681,0.005681,0.005681,0.005681,0.005681,0.005681,0.005681,0.005681,0.005681,0.005682,0.005681,0.005681,0.005681,0.005681,0.005681,0.005681,0.005681,0.005681,0.005681,0.005681,0.005681,0.005681,0.005681,0.005684,0.005681,0.005683,0.005684,0.00569,0.005681,0.005687,0.005685,0.00569],[0.005685,0.005681,0.005681,0.005681,0.005681,0.005681,0.005681,0.005681,0.005681,0.005681,0.005681,0.005681,0.005681,0.005681,0.005681,0.005681,0.005681,0.005681,0.005681,0.005681,0.005681,0.005681,0.005681,0.005681,0.005681,0.005681,0.005681,0.005681,0.005681,0.005681,0.005681,0.005681,0.005681,0.005681,0.005681,0.005681,0.005681,0.005681,0.005681,0.005681,0.005681,0.005681,0.005681,0.005681,0.005681,0.005681,0.005681,0.005681,0.005681,0.005681,0.005681,0.005681,0.005681,0.005681,0.005681,0.005681,0.005681,0.005681,0.005681,0.005681,0.005681,0.005681,0.005681,0.005681,0.005681,0.005682,0.005681,0.005681,0.005681,0.005681,0.005681,0.005681,0.005681,0.005681,0.005681,0.005681,0.005681,0.005681,0.005681,0.005681,0.005681,0.005681,0.005681,0.005681,0.005681,0.005681,0.005681,0.005681,0.005681,0.005681,0.005681,0.005681,0.005681,0.005681,0.005681,0.005681,0.005681,0.005681,0.005681,0.005681,0.005681,0.005681,0.005681,0.005681,0.005681,0.005681,0.005681,0.005681,0.005681,0.005681,0.005681,0.005681,0.005681,0.005681,0.005681,0.005681,0.005681,0.005681,0.005681,0.005681,0.005681,0.005681,0.005681,0.005681,0.005681,0.005681,0.005681,0.005681,0.005681,0.005681,0.005681,0.005681,0.005698,0.005683,0.005681,0.005681,0.005681,0.005681,0.005683,0.005681,0.005681,0.005684,0.005681,0.005681,0.005681,0.005681,0.005681,0.005681,0.005681,0.005681,0.005681,0.005681,0.005681,0.005681,0.005681,0.005681,0.005681,0.005681,0.005681,0.005681,0.005681,0.005681,0.005681,0.005681,0.005681,0.005681,0.005681,0.005684,0.005681,0.005683,0.005684,0.00569,0.005681,0.005687,0.005685,0.00569],[0.005685,0.005681,0.005681,0.005681,0.005681,0.005681,0.005681,0.005681,0.005681,0.005681,0.005681,0.005681,0.005681,0.005681,0.005681,0.005681,0.005681,0.005681,0.005681,0.005681,0.005681,0.005681,0.005681,0.005681,0.005681,0.005681,0.005681,0.005681,0.005681,0.005681,0.005681,0.005681,0.005681,0.005681,0.005681,0.005681,0.005681,0.005681,0.005681,0.005681,0.005681,0.005681,0.005681,0.005681,0.005681,0.005681,0.005681,0.005681,0.005681,0.005681,0.005681,0.005681,0.005681,0.005681,0.005681,0.005681,0.005681,0.005681,0.005681,0.005681,0.005681,0.005681,0.005681,0.005681,0.005681,0.005681,0.005681,0.005681,0.005681,0.005681,0.005681,0.005681,0.005681,0.005681,0.005681,0.005681,0.005681,0.005681,0.005681,0.005681,0.005681,0.005681,0.005681,0.005681,0.005681,0.005681,0.005681,0.005681,0.005681,0.005681,0.005681,0.005681,0.005681,0.005681,0.005681,0.005681,0.005681,0.005681,0.005681,0.005681,0.005681,0.005681,0.005681,0.005681,0.005681,0.005681,0.005681,0.005681,0.005681,0.005681,0.005681,0.005681,0.005681,0.005681,0.005681,0.005681,0.005681,0.005681,0.005681,0.005681,0.005681,0.005681,0.005681,0.005681,0.005681,0.005681,0.005681,0.005681,0.005681,0.005681,0.005681,0.005681,0.005699,0.005683,0.005681,0.005681,0.005681,0.005681,0.005683,0.005681,0.005681,0.005684,0.005681,0.005681,0.005681,0.005681,0.005681,0.005681,0.005681,0.005681,0.005681,0.005681,0.005681,0.005681,0.005681,0.005681,0.005681,0.005681,0.005681,0.005681,0.005681,0.005681,0.005681,0.005681,0.005681,0.005681,0.005681,0.005684,0.005681,0.005683,0.005684,0.00569,0.005681,0.005687,0.005685,0.005691],[0.005685,0.005681,0.005681,0.005681,0.005681,0.005681,0.005681,0.005681,0.005681,0.005681,0.005681,0.005681,0.005681,0.005681,0.005681,0.005681,0.005681,0.005681,0.005681,0.005681,0.005681,0.005681,0.005681,0.005681,0.005681,0.005681,0.005681,0.005681,0.005681,0.005681,0.005681,0.005681,0.005681,0.005681,0.005681,0.005681,0.005681,0.005681,0.005681,0.005681,0.005681,0.005681,0.005681,0.005681,0.005681,0.005681,0.005681,0.005681,0.005681,0.005681,0.005681,0.005681,0.005681,0.005681,0.005681,0.005681,0.005681,0.005681,0.005681,0.005681,0.005681,0.005681,0.005681,0.005681,0.005681,0.005681,0.005681,0.005681,0.005681,0.005681,0.005681,0.005681,0.005681,0.005681,0.005681,0.005681,0.005681,0.005681,0.005681,0.005681,0.005681,0.005681,0.005681,0.005681,0.005681,0.005681,0.005681,0.005681,0.005681,0.005681,0.005681,0.005681,0.005681,0.005681,0.005681,0.005681,0.005681,0.005681,0.005681,0.005681,0.005681,0.005681,0.005681,0.005681,0.005681,0.005681,0.005681,0.005681,0.005681,0.005681,0.005681,0.005681,0.005681,0.005681,0.005681,0.005681,0.005681,0.005681,0.005681,0.005681,0.005681,0.005681,0.005681,0.005681,0.005681,0.005681,0.005681,0.005681,0.005681,0.005681,0.005681,0.005681,0.005698,0.005683,0.005681,0.005681,0.005681,0.005681,0.005683,0.005681,0.005681,0.005684,0.005681,0.005681,0.005681,0.005681,0.005681,0.005681,0.005681,0.005681,0.005681,0.005681,0.005681,0.005681,0.005681,0.005681,0.005681,0.005681,0.005681,0.005681,0.005681,0.005681,0.005681,0.005681,0.005681,0.005681,0.005681,0.005684,0.005681,0.005683,0.005684,0.00569,0.005681,0.005687,0.005685,0.00569],[0.000445,0.000445,0.000445,0.000445,0.000445,0.000445,0.000445,0.000445,0.000445,0.000445,0.000445,0.000445,0.000445,0.000445,0.000445,0.000445,0.000445,0.000445,0.000445,0.000445,0.000445,0.000445,0.000445,0.000445,0.000445,0.000445,0.000445,0.000445,0.000445,0.000445,0.000445,0.000445,0.000445,0.000445,0.000445,0.000445,0.000445,0.000445,0.000445,0.000445,0.000445,0.000445,0.000445,0.000445,0.000445,0.000445,0.000445,0.000445,0.000445,0.000445,0.000445,0.000445,0.000445,0.000445,0.000445,0.000445,0.000445,0.000445,0.000445,0.000445,0.000445,0.000445,0.000445,0.000445,0.000445,0.000445,0.000445,0.000445,0.000445,0.000445,0.000445,0.000445,0.000445,0.000445,0.000445,0.000445,0.000445,0.000445,0.000445,0.000445,0.000445,0.000445,0.000445,0.000445,0.000445,0.000445,0.000445,0.000445,0.000445,0.000445,0.000445,0.000445,0.000445,0.000445,0.000445,0.000445,0.000445,0.000445,0.000445,0.000445,0.000445,0.000445,0.000445,0.000445,0.000445,0.000445,0.000445,0.000445,0.000445,0.000445,0.000445,0.000445,0.000445,0.000445,0.000445,0.000445,0.000445,0.000445,0.000445,0.000445,0.000445,0.000445,0.000445,0.000445,0.000445,0.000445,0.000445,0.000445,0.000445,0.000445,0.000445,0.000445,0.898195,0.000445,0.000445,0.000445,0.000445,0.000445,0.000446,0.000445,0.000445,0.000447,0.000445,0.000445,0.000445,0.000445,0.000445,0.000445,0.000445,0.000445,0.000445,0.000445,0.000445,0.000445,0.000445,0.000445,0.000445,0.000445,0.000445,0.000445,0.000445,0.000445,0.000445,0.000445,0.000445,0.000445,0.000445,0.000447,0.000445,0.000445,0.000447,0.024348,0.000445,0.000445,0.000446,0.00045],[0.005685,0.005681,0.005681,0.005681,0.005681,0.005681,0.005681,0.005681,0.005681,0.005681,0.005681,0.005681,0.005681,0.005681,0.005681,0.005681,0.005681,0.005681,0.005681,0.005681,0.005681,0.005681,0.005681,0.005681,0.005681,0.005681,0.005681,0.005681,0.005681,0.005681,0.005681,0.005681,0.005681,0.005681,0.005681,0.005681,0.005681,0.005681,0.005681,0.005681,0.005681,0.005681,0.005681,0.005681,0.005681,0.005681,0.005681,0.005681,0.005681,0.005682,0.005681,0.005681,0.005681,0.005681,0.005681,0.005681,0.005681,0.005681,0.005681,0.005681,0.005681,0.005681,0.005681,0.005681,0.005681,0.005681,0.005681,0.005681,0.005681,0.005681,0.005681,0.005681,0.005681,0.005681,0.005681,0.005681,0.005681,0.005681,0.005681,0.005681,0.005681,0.005681,0.005681,0.005681,0.005681,0.005681,0.005681,0.005681,0.005681,0.005681,0.005681,0.005681,0.005681,0.005681,0.005681,0.005681,0.005681,0.005681,0.005681,0.005681,0.005681,0.005681,0.005681,0.005681,0.005681,0.005681,0.005681,0.005681,0.005681,0.005681,0.005681,0.005681,0.005681,0.005681,0.005681,0.005681,0.005681,0.005681,0.005681,0.005681,0.005681,0.005681,0.005681,0.005681,0.005681,0.005681,0.005681,0.005681,0.005681,0.005681,0.005681,0.005681,0.005698,0.005683,0.005681,0.005681,0.005681,0.005681,0.005683,0.005681,0.005681,0.005684,0.005681,0.005681,0.005681,0.005681,0.005681,0.005681,0.005681,0.005681,0.005681,0.005681,0.005681,0.005681,0.005681,0.005681,0.005681,0.005681,0.005681,0.005681,0.005681,0.005681,0.005681,0.005681,0.005681,0.005681,0.005681,0.005684,0.005681,0.005683,0.005684,0.00569,0.005681,0.005687,0.005685,0.00569],[0.000829,0.000829,0.000829,0.000829,0.000829,0.000829,0.000829,0.000829,0.000829,0.000829,0.000829,0.000829,0.000829,0.000829,0.000829,0.000829,0.000829,0.000829,0.000829,0.000829,0.000829,0.000829,0.000829,0.000829,0.000829,0.000829,0.000829,0.000829,0.000829,0.000829,0.000829,0.000829,0.000829,0.000829,0.000829,0.000829,0.000829,0.000829,0.000829,0.000829,0.000829,0.000829,0.000829,0.000829,0.000829,0.000829,0.000829,0.000829,0.000829,0.000829,0.000829,0.000829,0.000829,0.000829,0.000829,0.000829,0.000829,0.000829,0.000829,0.000829,0.000829,0.000829,0.000829,0.000829,0.000829,0.000829,0.000829,0.000829,0.000829,0.000829,0.000829,0.000829,0.000829,0.000829,0.000829,0.000829,0.000829,0.000829,0.000829,0.000829,0.000829,0.000829,0.000829,0.000829,0.000829,0.000829,0.000829,0.000829,0.000829,0.000829,0.000829,0.000829,0.000829,0.000829,0.000829,0.000829,0.000829,0.000829,0.000829,0.000829,0.000829,0.000829,0.000829,0.000829,0.000829,0.000829,0.000829,0.000829,0.000829,0.000829,0.000829,0.000829,0.000829,0.000829,0.000829,0.000829,0.000829,0.000829,0.000829,0.000829,0.000829,0.000829,0.000829,0.000829,0.000829,0.000829,0.000829,0.000829,0.000829,0.000829,0.000829,0.000829,0.000847,0.000832,0.000829,0.000829,0.000829,0.000829,0.000834,0.000829,0.000829,0.04536,0.000829,0.000829,0.000829,0.000829,0.000829,0.000829,0.000829,0.000829,0.000829,0.000829,0.000829,0.000829,0.000829,0.000829,0.000829,0.000829,0.000829,0.000829,0.000829,0.000829,0.000829,0.000829,0.000829,0.000829,0.000829,0.000836,0.000829,0.000832,0.04536,0.000829,0.000829,0.000835,0.08918,0.677459],[0.004371,0.004369,0.004369,0.004369,0.004369,0.004369,0.004369,0.004369,0.004369,0.004369,0.004369,0.004369,0.004369,0.004369,0.004369,0.004369,0.004369,0.004369,0.004369,0.004369,0.004369,0.004369,0.004369,0.004369,0.004369,0.004369,0.004369,0.004369,0.004369,0.004369,0.004369,0.004369,0.004369,0.004369,0.004369,0.004369,0.004369,0.004369,0.004369,0.004369,0.004369,0.004369,0.004369,0.004369,0.004369,0.004369,0.004369,0.004369,0.004369,0.004369,0.004369,0.004369,0.004369,0.004369,0.004369,0.004369,0.004369,0.004369,0.004369,0.004369,0.004369,0.004369,0.004369,0.004369,0.004369,0.004369,0.004369,0.004369,0.004369,0.004369,0.004369,0.004369,0.004369,0.004369,0.004369,0.004369,0.004369,0.004369,0.004369,0.004369,0.004369,0.004369,0.004369,0.004369,0.004369,0.004369,0.004369,0.004369,0.004369,0.004369,0.004369,0.004369,0.004369,0.004369,0.004369,0.004369,0.004369,0.004369,0.004369,0.004369,0.004369,0.004369,0.004369,0.004369,0.004369,0.004369,0.004369,0.004369,0.004369,0.004369,0.004369,0.004369,0.004369,0.004369,0.004369,0.004369,0.004369,0.004369,0.004369,0.004369,0.004369,0.004369,0.004369,0.004369,0.004369,0.004369,0.004369,0.004369,0.004369,0.004369,0.004369,0.004369,0.004412,0.00437,0.004369,0.004369,0.004369,0.004369,0.235296,0.004369,0.004369,0.004371,0.004369,0.004369,0.004369,0.004369,0.004369,0.004369,0.004369,0.004369,0.004369,0.004369,0.004369,0.004369,0.004369,0.004369,0.004369,0.004369,0.004369,0.004369,0.004369,0.004369,0.004369,0.004369,0.004369,0.004369,0.004369,0.004371,0.004369,0.00437,0.004371,0.004374,0.004369,0.004372,0.004371,0.004418]],"topic_distance_cosine":[[1.0,0.117326,0.272239,0.110655,1.0,1.0,1.000001,1.0,0.08411,1.0,0.109932,0.311121],[0.117326,1.000002,0.024184,0.006733,0.117325,0.117326,0.117325,0.117325,0.004038,0.117326,0.00584,0.0311],[0.272239,0.024184,1.0,0.021536,0.272239,0.27224,0.272244,0.27224,0.014881,0.272239,0.020797,0.077278],[0.110655,0.006733,0.021536,1.0,0.110654,0.110654,0.110655,0.110655,0.002863,0.110655,0.004399,0.028445],[1.0,0.117325,0.272239,0.110654,1.0,1.0,1.000001,1.0,0.084111,1.0,0.109931,0.311121],[1.0,0.117326,0.27224,0.110654,1.0,1.0,1.000001,1.0,0.084111,1.0,0.109932,0.311121],[1.000001,0.117325,0.272244,0.110655,1.000001,1.000001,1.000001,1.000001,0.084114,1.000001,0.109948,0.311122],[1.0,0.117325,0.27224,0.110655,1.0,1.0,1.000001,1.0,0.08411,1.0,0.109932,0.311121],[0.08411,0.004038,0.014881,0.002863,0.084111,0.084111,0.084114,0.08411,1.0,0.08411,0.001992,0.020718],[1.0,0.117326,0.272239,0.110655,1.0,1.0,1.000001,1.0,0.08411,1.0,0.109933,0.311121],[0.109932,0.00584,0.020797,0.004399,0.109931,0.109932,0.109948,0.109932,0.001992,0.109933,1.0,0.027629],[0.311121,0.0311,0.077278,0.028445,0.311121,0.311121,0.311122,0.311121,0.020718,0.311121,0.027629,1.0]],"topic_distance_js":[[0.0,0.286166,0.134025,0.35825,-0.0,-0.0,0.0,0.0,0.529749,0.0,0.434564,0.077576],[0.286166,0.0,0.353958,0.474139,0.286166,0.286166,0.286166,0.286166,0.579325,0.286166,0.522038,0.324842],[0.134025,0.353958,0.0,0.412195,0.134025,0.134025,0.134024,0.134025,0.553288,0.134025,0.475897,0.193306],[0.35825,0.474139,0.412195,0.0,0.35825,0.35825,0.35825,0.35825,0.59392,0.35825,0.546921,0.389004],[-0.0,0.286166,0.134025,0.35825,0.0,-0.0,0.0,-0.0,0.529749,-0.0,0.434564,0.077576],[-0.0,0.286166,0.134025,0.35825,-0.0,0.0,-0.0,-0.0,0.529749,0.0,0.434564,0.077576],[0.0,0.286166,0.134024,0.35825,0.0,-0.0,0.0,0.0,0.529748,0.0,0.434562,0.077576],[0.0,0.286166,0.134025,0.35825,-0.0,-0.0,0.0,0.0,0.529749,0.0,0.434564,0.077576],[0.529749,0.579325,0.553288,0.59392,0.529749,0.529749,0.529748,0.529749,0.0,0.529749,0.61208,0.543111],[0.0,0.286166,0.134025,0.35825,-0.0,0.0,0.0,0.0,0.529749,0.0,0.434564,0.077576],[0.434564,0.522038,0.475897,0.546921,0.434564,0.434564,0.434562,0.434564,0.61208,0.434564,0.0,0.458342],[0.077576,0.324842,0.193306,0.389004,0.077576,0.077576,0.077576,0.077576,0.543111,0.077576,0.458342,0.0]],"topic_distance_hellinger":[[0.0,0.585721,0.393269,0.651195,1e-06,0.0,6e-06,0.0,0.799979,1e-06,0.71409,0.302402],[0.585721,0.0,0.66929,0.791248,0.585721,0.585721,0.585722,0.585722,0.876413,0.585721,0.827189,0.636358],[0.393269,0.66929,0.0,0.719431,0.393269,0.393269,0.393267,0.393269,0.836828,0.393269,0.76867,0.483508],[0.651195,0.791248,0.719431,0.0,0.651196,0.651196,0.651195,0.651195,0.893755,0.651195,0.851886,0.692227],[1e-06,0.585721,0.393269,0.651196,0.0,1e-06,6e-06,1e-06,0.799979,1e-06,0.71409,0.302401],[0.0,0.585721,0.393269,0.651196,1e-06,0.0,6e-06,1e-06,0.799979,1e-06,0.71409,0.302402],[6e-06,0.585722,0.393267,0.651195,6e-06,6e-06,0.0,6e-06,0.799978,6e-06,0.714085,0.302401],[0.0,0.585722,0.393269,0.651195,1e-06,1e-06,6e-06,0.0,0.799979,1e-06,0.71409,0.302402],[0.799979,0.876413,0.836828,0.893755,0.799979,0.799979,0.799978,0.799979,0.0,0.799979,0.912074,0.821711],[1e-06,0.585721,0.393269,0.651195,1e-06,1e-06,6e-06,1e-06,0.799979,0.0,0.71409,0.302402],[0.71409,0.827189,0.76867,0.851886,0.71409,0.71409,0.714085,0.71409,0.912074,0.71409,0.0,0.746911],[0.302402,0.636358,0.483508,0.692227,0.302401,0.302402,0.302401,0.302402,0.821711,0.302402,0.746911,0.0]],"topic_word_jaccard_top15":[[1.0,0.666667,0.666667,0.666667,0.666667,0.666667,0.666667,0.666667,0.666667,0.666667,0.666667,0.666667],[0.666667,1.0,0.666667,0.666667,0.666667,0.666667,0.666667,0.666667,0.666667,0.666667,0.666667,0.666667],[0.666667,0.666667,1.0,0.666667,0.666667,0.666667,0.666667,0.666667,0.764706,0.666667,0.666667,0.666667],[0.666667,0.666667,0.666667,1.0,0.666667,0.666667,0.666667,0.666667,0.666667,0.666667,0.666667,0.666667],[0.666667,0.666667,0.666667,0.666667,1.0,0.666667,0.666667,0.666667,0.666667,0.666667,0.666667,0.666667],[0.666667,0.666667,0.666667,0.666667,0.666667,1.0,0.666667,0.666667,0.666667,0.666667,0.666667,0.666667],[0.666667,0.666667,0.666667,0.666667,0.666667,0.666667,1.0,0.666667,0.666667,0.666667,0.875,0.666667],[0.666667,0.666667,0.666667,0.666667,0.666667,0.666667,0.666667,1.0,0.666667,0.666667,0.666667,0.666667],[0.666667,0.666667,0.764706,0.666667,0.666667,0.666667,0.666667,0.666667,1.0,0.666667,0.666667,0.666667],[0.666667,0.666667,0.666667,0.666667,0.666667,0.666667,0.666667,0.666667,0.666667,1.0,0.666667,0.666667],[0.666667,0.666667,0.666667,0.666667,0.666667,0.666667,0.875,0.666667,0.666667,0.666667,1.0,0.764706],[0.666667,0.666667,0.666667,0.666667,0.666667,0.666667,0.666667,0.666667,0.666667,0.666667,0.764706,1.0]],"topic_intertopic_2d_js":[[-0.161679,0.045106],[0.019449,0.476111],[0.04142,-0.230285],[-0.197813,-0.503637],[-0.161679,0.045067],[-0.161699,0.045053],[-0.161743,0.044979],[-0.161678,0.045068],[0.549929,-0.290891],[-0.161653,0.045047],[0.487167,0.26275],[0.06998,0.015632]],"topic_intertopic_3d_js":[[-0.08731,0.019826,0.118348],[-0.068486,-0.441392,-0.088303],[-0.337455,0.060427,-0.081617],[0.446309,-0.193557,0.171144],[-0.08731,0.019797,0.11832],[-0.087314,0.01978,0.118346],[-0.087325,0.019703,0.1184],[-0.087309,0.019798,0.118313],[0.236117,0.435954,-0.373413],[-0.087306,0.019791,0.11827],[0.156338,-0.160507,-0.494975],[0.091051,0.18038,0.157167]],"top_words_per_topic":{"lambda_0.0":[[{"token":"1948nm","p_w_given_topic":0.005682,"p_w_global":0.0,"lift":5681508352.0,"relevance":22.460484},{"token":"2224nm","p_w_given_topic":0.005681,"p_w_global":0.0,"lift":5681499648.0,"relevance":22.460482},{"token":"2008nm","p_w_given_topic":0.005682,"p_w_global":0.0,"lift":5681501696.0,"relevance":22.460482},{"token":"1552nm","p_w_given_topic":0.005681,"p_w_global":0.0,"lift":5681498624.0,"relevance":22.460482},{"token":"1228nm","p_w_given_topic":0.005682,"p_w_global":0.0,"lift":5681502208.0,"relevance":22.460482},{"token":"2416nm","p_w_given_topic":0.005681,"p_w_global":0.0,"lift":5681496576.0,"relevance":22.46048},{"token":"2344nm","p_w_given_topic":0.005681,"p_w_global":0.0,"lift":5681494528.0,"relevance":22.46048},{"token":"2464nm","p_w_given_topic":0.005681,"p_w_global":0.0,"lift":5681489408.0,"relevance":22.46048},{"token":"2284nm","p_w_given_topic":0.005681,"p_w_global":0.0,"lift":5681492480.0,"relevance":22.46048},{"token":"2248nm","p_w_given_topic":0.005681,"p_w_global":0.0,"lift":5681494016.0,"relevance":22.46048},{"token":"2152nm","p_w_given_topic":0.005681,"p_w_global":0.0,"lift":5681490944.0,"relevance":22.46048},{"token":"2236nm","p_w_given_topic":0.005681,"p_w_global":0.0,"lift":5681492992.0,"relevance":22.46048},{"token":"2272nm","p_w_given_topic":0.005681,"p_w_global":0.0,"lift":5681489408.0,"relevance":22.46048},{"token":"2320nm","p_w_given_topic":0.005681,"p_w_global":0.0,"lift":5681497088.0,"relevance":22.46048},{"token":"2380nm","p_w_given_topic":0.005681,"p_w_global":0.0,"lift":5681489408.0,"relevance":22.46048},{"token":"2392nm","p_w_given_topic":0.005681,"p_w_global":0.0,"lift":5681488896.0,"relevance":22.46048},{"token":"1936nm","p_w_given_topic":0.005681,"p_w_global":0.0,"lift":5681490944.0,"relevance":22.46048},{"token":"2068nm","p_w_given_topic":0.005681,"p_w_global":0.0,"lift":5681491456.0,"relevance":22.46048},{"token":"1972nm","p_w_given_topic":0.005681,"p_w_global":0.0,"lift":5681491456.0,"relevance":22.46048},{"token":"1960nm","p_w_given_topic":0.005681,"p_w_global":0.0,"lift":5681492992.0,"relevance":22.46048},{"token":"2080nm","p_w_given_topic":0.005681,"p_w_global":0.0,"lift":5681488896.0,"relevance":22.46048},{"token":"2116nm","p_w_given_topic":0.005681,"p_w_global":0.0,"lift":5681488896.0,"relevance":22.46048},{"token":"2140nm","p_w_given_topic":0.005681,"p_w_global":0.0,"lift":5681488896.0,"relevance":22.46048},{"token":"2212nm","p_w_given_topic":0.005681,"p_w_global":0.0,"lift":5681492992.0,"relevance":22.46048},{"token":"1372nm","p_w_given_topic":0.005681,"p_w_global":0.0,"lift":5681496064.0,"relevance":22.46048},{"token":"1684nm","p_w_given_topic":0.005681,"p_w_global":0.0,"lift":5681494528.0,"relevance":22.46048},{"token":"1648nm","p_w_given_topic":0.005681,"p_w_global":0.0,"lift":5681488896.0,"relevance":22.46048},{"token":"1624nm","p_w_given_topic":0.005681,"p_w_global":0.0,"lift":5681488896.0,"relevance":22.46048},{"token":"1612nm","p_w_given_topic":0.005681,"p_w_global":0.0,"lift":5681489408.0,"relevance":22.46048},{"token":"1600nm","p_w_given_topic":0.005681,"p_w_global":0.0,"lift":5681492992.0,"relevance":22.46048}],[{"token":"2380nm","p_w_given_topic":0.002045,"p_w_global":0.0,"lift":2044867328.0,"relevance":21.438599},{"token":"2308nm","p_w_given_topic":0.002045,"p_w_global":0.0,"lift":2044866048.0,"relevance":21.438599},{"token":"2116nm","p_w_given_topic":0.002045,"p_w_global":0.0,"lift":2044865152.0,"relevance":21.438599},{"token":"1276nm","p_w_given_topic":0.002045,"p_w_global":0.0,"lift":2044866304.0,"relevance":21.438599},{"token":"0580nm","p_w_given_topic":0.002045,"p_w_global":0.0,"lift":2044866816.0,"relevance":21.438599},{"token":"1060nm","p_w_given_topic":0.002045,"p_w_global":0.0,"lift":2044866304.0,"relevance":21.438599},{"token":"0928nm","p_w_given_topic":0.002045,"p_w_global":0.0,"lift":2044867072.0,"relevance":21.438599},{"token":"0952nm","p_w_given_topic":0.002045,"p_w_global":0.0,"lift":2044867072.0,"relevance":21.438599},{"token":"1012nm","p_w_given_topic":0.002045,"p_w_global":0.0,"lift":2044866304.0,"relevance":21.438599},{"token":"1528nm","p_w_given_topic":0.002045,"p_w_global":0.0,"lift":2044866560.0,"relevance":21.438599},{"token":"1264nm","p_w_given_topic":0.002045,"p_w_global":0.0,"lift":2044866816.0,"relevance":21.438599},{"token":"1744nm","p_w_given_topic":0.002045,"p_w_global":0.0,"lift":2044866048.0,"relevance":21.438599},{"token":"1240nm","p_w_given_topic":0.002045,"p_w_global":0.0,"lift":2044865664.0,"relevance":21.438599},{"token":"1360nm","p_w_given_topic":0.002045,"p_w_global":0.0,"lift":2044865920.0,"relevance":21.438599},{"token":"1828nm","p_w_given_topic":0.002045,"p_w_global":0.0,"lift":2044866304.0,"relevance":21.438599},{"token":"2464nm","p_w_given_topic":0.002045,"p_w_global":0.0,"lift":2044862848.0,"relevance":21.438597},{"token":"1936nm","p_w_given_topic":0.002045,"p_w_global":0.0,"lift":2044861952.0,"relevance":21.438597},{"token":"2104nm","p_w_given_topic":0.002045,"p_w_global":0.0,"lift":2044863744.0,"relevance":21.438597},{"token":"2080nm","p_w_given_topic":0.002045,"p_w_global":0.0,"lift":2044864256.0,"relevance":21.438597},{"token":"2068nm","p_w_given_topic":0.002045,"p_w_global":0.0,"lift":2044862848.0,"relevance":21.438597},{"token":"2032nm","p_w_given_topic":0.002045,"p_w_global":0.0,"lift":2044863744.0,"relevance":21.438597},{"token":"1960nm","p_w_given_topic":0.002045,"p_w_global":0.0,"lift":2044862848.0,"relevance":21.438597},{"token":"1948nm","p_w_given_topic":0.002045,"p_w_global":0.0,"lift":2044864256.0,"relevance":21.438597},{"token":"2020nm","p_w_given_topic":0.002045,"p_w_global":0.0,"lift":2044862848.0,"relevance":21.438597},{"token":"1972nm","p_w_given_topic":0.002045,"p_w_global":0.0,"lift":2044864256.0,"relevance":21.438597},{"token":"2200nm","p_w_given_topic":0.002045,"p_w_global":0.0,"lift":2044863360.0,"relevance":21.438597},{"token":"2188nm","p_w_given_topic":0.002045,"p_w_global":0.0,"lift":2044862848.0,"relevance":21.438597},{"token":"2176nm","p_w_given_topic":0.002045,"p_w_global":0.0,"lift":2044862848.0,"relevance":21.438597},{"token":"2140nm","p_w_given_topic":0.002045,"p_w_global":0.0,"lift":2044862848.0,"relevance":21.438597},{"token":"2152nm","p_w_given_topic":0.002045,"p_w_global":0.0,"lift":2044863360.0,"relevance":21.438597}],[{"token":"2332nm","p_w_given_topic":0.003528,"p_w_global":0.0,"lift":3527603456.0,"relevance":21.983885},{"token":"2392nm","p_w_given_topic":0.003528,"p_w_global":0.0,"lift":3527601152.0,"relevance":21.983885},{"token":"2260nm","p_w_given_topic":0.003528,"p_w_global":0.0,"lift":3527603456.0,"relevance":21.983885},{"token":"2104nm","p_w_given_topic":0.003528,"p_w_global":0.0,"lift":3527601152.0,"relevance":21.983885},{"token":"2152nm","p_w_given_topic":0.003528,"p_w_global":0.0,"lift":3527601920.0,"relevance":21.983885},{"token":"2164nm","p_w_given_topic":0.003528,"p_w_global":0.0,"lift":3527603456.0,"relevance":21.983885},{"token":"2296nm","p_w_given_topic":0.003528,"p_w_global":0.0,"lift":3527606272.0,"relevance":21.983885},{"token":"0760nm","p_w_given_topic":0.003528,"p_w_global":0.0,"lift":3527606272.0,"relevance":21.983885},{"token":"0436nm","p_w_given_topic":0.003528,"p_w_global":0.0,"lift":3527601408.0,"relevance":21.983885},{"token":"0844nm","p_w_given_topic":0.003528,"p_w_global":0.0,"lift":3527601408.0,"relevance":21.983885},{"token":"0856nm","p_w_given_topic":0.003528,"p_w_global":0.0,"lift":3527600896.0,"relevance":21.983885},{"token":"1516nm","p_w_given_topic":0.003528,"p_w_global":0.0,"lift":3527603456.0,"relevance":21.983885},{"token":"1792nm","p_w_given_topic":0.003528,"p_w_global":0.0,"lift":3527601152.0,"relevance":21.983885},{"token":"1768nm","p_w_given_topic":0.003528,"p_w_global":0.0,"lift":3527600896.0,"relevance":21.983885},{"token":"1876nm","p_w_given_topic":0.003528,"p_w_global":0.0,"lift":3527601152.0,"relevance":21.983885},{"token":"1900nm","p_w_given_topic":0.003528,"p_w_global":0.0,"lift":3527601152.0,"relevance":21.983885},{"token":"0520nm","p_w_given_topic":0.003528,"p_w_global":0.0,"lift":3527602432.0,"relevance":21.983885},{"token":"0412nm","p_w_given_topic":0.003528,"p_w_global":0.0,"lift":3527603712.0,"relevance":21.983885},{"token":"1132nm","p_w_given_topic":0.003528,"p_w_global":0.0,"lift":3527603200.0,"relevance":21.983885},{"token":"0916nm","p_w_given_topic":0.003528,"p_w_global":0.0,"lift":3527600896.0,"relevance":21.983885},{"token":"0712nm","p_w_given_topic":0.003528,"p_w_global":0.0,"lift":3527603456.0,"relevance":21.983885},{"token":"2116nm","p_w_given_topic":0.003528,"p_w_global":0.0,"lift":3527596032.0,"relevance":21.983883},{"token":"2128nm","p_w_given_topic":0.003528,"p_w_global":0.0,"lift":3527596032.0,"relevance":21.983883},{"token":"2248nm","p_w_given_topic":0.003528,"p_w_global":0.0,"lift":3527597312.0,"relevance":21.983883},{"token":"2224nm","p_w_given_topic":0.003528,"p_w_global":0.0,"lift":3527597312.0,"relevance":21.983883},{"token":"2236nm","p_w_given_topic":0.003528,"p_w_global":0.0,"lift":3527595776.0,"relevance":21.983883},{"token":"2212nm","p_w_given_topic":0.003528,"p_w_global":0.0,"lift":3527598336.0,"relevance":21.983883},{"token":"2200nm","p_w_given_topic":0.003528,"p_w_global":0.0,"lift":3527598336.0,"relevance":21.983883},{"token":"2176nm","p_w_given_topic":0.003528,"p_w_global":0.0,"lift":3527596032.0,"relevance":21.983883},{"token":"2188nm","p_w_given_topic":0.003528,"p_w_global":0.0,"lift":3527596800.0,"relevance":21.983883}],[{"token":"2356nm","p_w_given_topic":0.001412,"p_w_global":0.0,"lift":1412290560.0,"relevance":21.06848},{"token":"2032nm","p_w_given_topic":0.001412,"p_w_global":0.0,"lift":1412290944.0,"relevance":21.06848},{"token":"1960nm","p_w_given_topic":0.001412,"p_w_global":0.0,"lift":1412290432.0,"relevance":21.06848},{"token":"1936nm","p_w_given_topic":0.001412,"p_w_global":0.0,"lift":1412290944.0,"relevance":21.06848},{"token":"2080nm","p_w_given_topic":0.001412,"p_w_global":0.0,"lift":1412291072.0,"relevance":21.06848},{"token":"2152nm","p_w_given_topic":0.001412,"p_w_global":0.0,"lift":1412290560.0,"relevance":21.06848},{"token":"1396nm","p_w_given_topic":0.001412,"p_w_global":0.0,"lift":1412290560.0,"relevance":21.06848},{"token":"1444nm","p_w_given_topic":0.001412,"p_w_global":0.0,"lift":1412290432.0,"relevance":21.06848},{"token":"1516nm","p_w_given_topic":0.001412,"p_w_global":0.0,"lift":1412290304.0,"relevance":21.06848},{"token":"1384nm","p_w_given_topic":0.001412,"p_w_global":0.0,"lift":1412290560.0,"relevance":21.06848},{"token":"1636nm","p_w_given_topic":0.001412,"p_w_global":0.0,"lift":1412291840.0,"relevance":21.06848},{"token":"1744nm","p_w_given_topic":0.001412,"p_w_global":0.0,"lift":1412291840.0,"relevance":21.06848},{"token":"1804nm","p_w_given_topic":0.001412,"p_w_global":0.0,"lift":1412291584.0,"relevance":21.06848},{"token":"1840nm","p_w_given_topic":0.001412,"p_w_global":0.0,"lift":1412292480.0,"relevance":21.06848},{"token":"1876nm","p_w_given_topic":0.001412,"p_w_global":0.0,"lift":1412290432.0,"relevance":21.06848},{"token":"1888nm","p_w_given_topic":0.001412,"p_w_global":0.0,"lift":1412291072.0,"relevance":21.06848},{"token":"1144nm","p_w_given_topic":0.001412,"p_w_global":0.0,"lift":1412291456.0,"relevance":21.06848},{"token":"1120nm","p_w_given_topic":0.001412,"p_w_global":0.0,"lift":1412290560.0,"relevance":21.06848},{"token":"1048nm","p_w_given_topic":0.001412,"p_w_global":0.0,"lift":1412290560.0,"relevance":21.06848},{"token":"0796nm","p_w_given_topic":0.001412,"p_w_global":0.0,"lift":1412291456.0,"relevance":21.06848},{"token":"1216nm","p_w_given_topic":0.001412,"p_w_global":0.0,"lift":1412291456.0,"relevance":21.06848},{"token":"1300nm","p_w_given_topic":0.001412,"