{"scene_id":"salinas-corrected","scene_name":"Salinas corrected","topic_count":12,"vocabulary_size":204,"document_count":3520,"wavelengths_nm":[400.0,410.34,420.69,431.03,441.38,451.72,462.07,472.41,482.76,493.1,503.45,513.79,524.14,534.48,544.83,555.17,565.52,575.86,586.21,596.55,606.9,617.24,627.59,637.93,648.28,658.62,668.97,679.31,689.66,700.0,710.34,720.69,731.03,741.38,751.72,762.07,772.41,782.76,793.1,803.45,813.79,824.14,834.48,844.83,855.17,865.52,875.86,886.21,896.55,906.9,917.24,927.59,937.93,948.28,958.62,968.97,979.31,989.66,1000.0,1010.34,1020.69,1031.03,1041.38,1051.72,1062.07,1072.41,1082.76,1093.1,1103.45,1113.79,1124.14,1134.48,1144.83,1155.17,1165.52,1175.86,1186.21,1196.55,1206.9,1217.24,1227.59,1237.93,1248.28,1258.62,1268.97,1279.31,1289.66,1300.0,1310.34,1320.69,1331.03,1341.38,1351.72,1362.07,1372.41,1382.76,1393.1,1403.45,1413.79,1424.14,1434.48,1444.83,1455.17,1465.52,1475.86,1486.21,1496.55,1506.9,1517.24,1527.59,1537.93,1548.28,1558.62,1568.97,1579.31,1589.66,1600.0,1610.34,1620.69,1631.03,1641.38,1651.72,1662.07,1672.41,1682.76,1693.1,1703.45,1713.79,1724.14,1734.48,1744.83,1755.17,1765.52,1775.86,1786.21,1796.55,1806.9,1817.24,1827.59,1837.93,1848.28,1858.62,1868.97,1879.31,1889.66,1900.0,1910.34,1920.69,1931.03,1941.38,1951.72,1962.07,1972.41,1982.76,1993.1,2003.45,2013.79,2024.14,2034.48,2044.83,2055.17,2065.52,2075.86,2086.21,2096.55,2106.9,2117.24,2127.59,2137.93,2148.28,2158.62,2168.97,2179.31,2189.66,2200.0,2210.34,2220.69,2231.03,2241.38,2251.72,2262.07,2272.41,2282.76,2293.1,2303.45,2313.79,2324.14,2334.48,2344.83,2355.17,2365.52,2375.86,2386.21,2396.55,2406.9,2417.24,2427.59,2437.93,2448.28,2458.62,2468.97,2479.31,2489.66,2500.0],"vocabulary":["0400nm","0410nm","0421nm","0431nm","0441nm","0452nm","0462nm","0472nm","0483nm","0493nm","0503nm","0514nm","0524nm","0534nm","0545nm","0555nm","0566nm","0576nm","0586nm","0597nm","0607nm","0617nm","0628nm","0638nm","0648nm","0659nm","0669nm","0679nm","0690nm","0700nm","0710nm","0721nm","0731nm","0741nm","0752nm","0762nm","0772nm","0783nm","0793nm","0803nm","0814nm","0824nm","0834nm","0845nm","0855nm","0866nm","0876nm","0886nm","0897nm","0907nm","0917nm","0928nm","0938nm","0948nm","0959nm","0969nm","0979nm","0990nm","1000nm","1010nm","1021nm","1031nm","1041nm","1052nm","1062nm","1072nm","1083nm","1093nm","1103nm","1114nm","1124nm","1134nm","1145nm","1155nm","1166nm","1176nm","1186nm","1197nm","1207nm","1217nm","1228nm","1238nm","1248nm","1259nm","1269nm","1279nm","1290nm","1300nm","1310nm","1321nm","1331nm","1341nm","1352nm","1362nm","1372nm","1383nm","1393nm","1403nm","1414nm","1424nm","1434nm","1445nm","1455nm","1466nm","1476nm","1486nm","1497nm","1507nm","1517nm","1528nm","1538nm","1548nm","1559nm","1569nm","1579nm","1590nm","1600nm","1610nm","1621nm","1631nm","1641nm","1652nm","1662nm","1672nm","1683nm","1693nm","1703nm","1714nm","1724nm","1734nm","1745nm","1755nm","1766nm","1776nm","1786nm","1797nm","1807nm","1817nm","1828nm","1838nm","1848nm","1859nm","1869nm","1879nm","1890nm","1900nm","1910nm","1921nm","1931nm","1941nm","1952nm","1962nm","1972nm","1983nm","1993nm","2003nm","2014nm","2024nm","2034nm","2045nm","2055nm","2066nm","2076nm","2086nm","2097nm","2107nm","2117nm","2128nm","2138nm","2148nm","2159nm","2169nm","2179nm","2190nm","2200nm","2210nm","2221nm","2231nm","2241nm","2252nm","2262nm","2272nm","2283nm","2293nm","2303nm","2314nm","2324nm","2334nm","2345nm","2355nm","2366nm","2376nm","2386nm","2397nm","2407nm","2417nm","2428nm","2438nm","2448nm","2459nm","2469nm","2479nm","2490nm","2500nm"],"corpus_marginal":[0.001929,0.002668,0.002831,0.004811,0.005856,0.006172,0.00586,0.006543,0.007139,0.007341,0.007313,0.007405,0.007043,0.007292,0.007493,0.007439,0.007866,0.00815,0.008338,0.008348,0.008268,0.00829,0.00819,0.008076,0.008125,0.007853,0.007684,0.007706,0.007554,0.007395,0.007624,0.007612,0.007552,0.007559,0.007272,0.007409,0.008759,0.009918,0.010133,0.012628,0.014899,0.015911,0.009851,0.014978,0.01631,0.015773,0.01557,0.015112,0.012948,0.013508,0.014613,0.014761,0.014458,0.014317,0.01439,0.014091,0.011922,0.01088,0.010118,0.010406,0.004672,0.005055,0.005528,0.006795,0.009123,0.009871,0.011069,0.011052,0.01105,0.011063,0.01101,0.010895,0.010738,0.010453,0.010176,0.010069,0.009647,0.008668,0.007012,0.003651,0.002514,0.002895,0.002809,0.003469,0.005664,0.006042,0.005949,0.006127,0.005952,0.006132,0.006364,0.006673,0.006671,0.006399,0.005858,0.005474,0.006107,0.005469,0.005806,0.005964,0.005786,0.005444,0.004885,0.003197,0.002833,0.001576,0.0,0.0,0.0,0.0,0.0,0.000436,0.000195,4.2e-05,0.001173,0.001916,0.002109,0.0022,0.002592,0.002741,0.003005,0.003114,0.002988,0.002549,0.002849,0.002965,0.002768,0.002864,0.002942,0.002858,0.002831,0.002833,0.002829,0.002827,0.002787,0.002729,0.002662,0.002505,0.002219,0.002094,0.002019,0.001962,0.00175,0.001472,0.000795,0.0,0.0,0.0,0.0,0.0,0.000168,0.001189,0.001393,0.0,0.0,1e-06,0.001476,0.001614,0.0013,0.00089,0.001221,0.001584,0.001687,0.001723,0.001741,0.001739,0.001761,0.001761,0.001715,0.00165,0.001604,0.001579,0.001538,0.001454,0.00149,0.001503,0.001476,0.001428,0.001395,0.001177,0.001106,0.001012,0.000826,0.00076,0.000805,0.000545,0.000707,0.000319,2e-06,0.000126,1e-06,0.0,0.0,0.0,0.0,0.0,0.0,0.0,0.0,0.0,0.0,0.0,0.0,0.0],"topic_prevalence":[0.0568,0.06061,0.060126,0.063328,0.061359,0.050447,0.246071,0.058031,0.159856,0.131947,0.048845,0.002581],"topic_band_profiles":[[0.000497,0.002528,0.003488,0.00308,0.00861,0.007516,0.004492,0.007049,0.007055,0.005204,0.005664,0.006944,0.006823,0.00598,0.004964,0.006698,0.005145,0.005536,0.005571,0.004621,0.006378,0.005104,0.004295,0.005069,0.004504,0.003439,0.002465,0.00252,0.002174,0.002948,0.002643,0.002453,0.002538,0.002588,0.002575,0.003128,0.005407,0.007837,0.010846,0.014825,0.022755,0.027098,0.013745,0.017652,0.024231,0.02619,0.023174,0.021033,0.017549,0.020187,0.017852,0.018289,0.022525,0.020921,0.021851,0.021575,0.015575,0.014422,0.012225,0.014215,0.004794,0.006013,0.006181,0.009239,0.011622,0.012003,0.011242,0.012843,0.016057,0.017742,0.014406,0.014044,0.016344,0.015765,0.015793,0.01034,0.010429,0.010677,0.008469,0.004851,0.00283,0.003773,0.003499,0.002763,0.006647,0.005636,0.004936,0.005949,0.006832,0.006223,0.006347,0.006929,0.006806,0.007294,0.006296,0.005688,0.00689,0.006375,0.005308,0.005857,0.006767,0.005918,0.003697,0.003127,0.003587,1e-05,3e-06,3e-06,3e-06,3e-06,3e-06,3e-06,3e-06,3e-06,3e-06,3e-06,3e-06,3e-06,3e-06,3e-06,3.7e-05,0.000223,0.000637,0.000121,0.001987,0.003692,0.002139,0.003853,0.003607,0.004774,0.003989,0.003916,0.003443,0.003592,0.002918,0.000791,0.000823,0.000134,4e-06,3e-06,3e-06,3e-06,3e-06,3e-06,3e-06,3e-06,3e-06,3e-06,3e-06,3e-06,3e-06,3e-06,3e-06,3e-06,3e-06,3e-06,3e-06,3e-06,3e-06,3e-06,3e-06,3e-06,3e-06,3e-06,3e-06,3e-06,3e-06,3e-06,3e-06,3e-06,3e-06,3e-06,3e-06,3e-06,3e-06,3e-06,3e-06,3e-06,3e-06,3e-06,3e-06,3e-06,3e-06,3e-06,3e-06,3e-06,3e-06,3e-06,3e-06,3e-06,3e-06,3e-06,3e-06,3e-06,3e-06,3e-06,3e-06,3e-06,3e-06,3e-06,3e-06,3e-06,3e-06,3e-06],[0.002917,0.001802,0.001831,0.005093,0.00428,0.003683,0.004349,0.003432,0.004145,0.003862,0.003462,0.003837,0.004182,0.004433,0.00413,0.003885,0.005123,0.005607,0.007812,0.004647,0.003393,0.003951,0.005176,0.005209,0.003443,0.004356,0.003325,0.003867,0.00219,0.001834,0.001478,0.001961,0.001912,0.001917,0.001742,0.001981,0.003676,0.00773,0.010523,0.01683,0.01824,0.028538,0.017253,0.021802,0.029277,0.027161,0.025304,0.025851,0.020144,0.016087,0.021303,0.022994,0.022758,0.01727,0.017197,0.019507,0.013773,0.014959,0.012459,0.012519,0.007283,0.008255,0.005854,0.008713,0.011958,0.009933,0.01757,0.014286,0.014941,0.015176,0.015054,0.014082,0.014439,0.01339,0.010979,0.013561,0.011019,0.01249,0.009818,0.004112,0.0025,0.001782,0.001972,0.004909,0.006529,0.007602,0.005953,0.006833,0.005868,0.007128,0.007788,0.00823,0.006772,0.007875,0.006014,0.00418,0.007158,0.00378,0.005788,0.00503,0.005514,0.004556,0.00573,0.002065,0.001727,0.004393,3e-06,3e-06,3e-06,3e-06,3e-06,3e-06,3e-06,3e-06,3e-06,3e-06,3e-06,3e-06,3e-06,1.9e-05,0.004294,0.004667,0.004487,0.005555,0.002795,0.001886,0.00255,0.001779,0.001465,0.001581,0.001908,0.002172,0.002092,0.001566,0.001866,0.002966,0.003866,0.006708,0.001586,3e-06,3e-06,3e-06,3e-06,3e-06,3e-06,3e-06,3e-06,3e-06,3e-06,3e-06,3e-06,3e-06,3e-06,3e-06,3e-06,3e-06,3e-06,3e-06,3e-06,3e-06,3e-06,3e-06,3e-06,3e-06,3e-06,3e-06,3e-06,3e-06,3e-06,3e-06,3e-06,3e-06,3e-06,3e-06,3e-06,3e-06,3e-06,3e-06,3e-06,3e-06,3e-06,3e-06,3e-06,3e-06,3e-06,3e-06,3e-06,3e-06,3e-06,3e-06,3e-06,3e-06,3e-06,3e-06,3e-06,3e-06,3e-06,3e-06,3e-06,3e-06,3e-06,3e-06,3e-06,3e-06],[0.001858,0.002797,0.001836,0.005177,0.003106,0.004745,0.003451,0.004096,0.003939,0.004354,0.004235,0.003058,0.003018,0.003306,0.002855,0.003769,0.003851,0.003905,0.004482,0.00409,0.004215,0.004655,0.002545,0.002715,0.003321,0.001928,0.001471,0.00125,0.001397,0.002043,0.002013,0.001689,0.001774,0.001761,0.00177,0.00134,0.004197,0.008112,0.010354,0.014295,0.02742,0.017695,0.014066,0.024631,0.026617,0.025889,0.029627,0.026345,0.020712,0.022632,0.021953,0.025523,0.023066,0.025982,0.029129,0.01882,0.018917,0.017151,0.015746,0.013168,0.00775,0.007707,0.008595,0.01152,0.01191,0.016491,0.013263,0.014706,0.014908,0.015121,0.013647,0.012856,0.012286,0.012982,0.014311,0.013661,0.014568,0.011906,0.009926,0.004893,0.002566,0.003125,0.002153,0.00403,0.004555,0.007768,0.007306,0.006138,0.00633,0.0072,0.008613,0.008698,0.007403,0.00752,0.006141,0.005239,0.00579,0.003966,0.00526,0.00664,0.004623,0.004265,0.007821,0.002083,0.0023,0.000406,3e-06,3e-06,3e-06,3e-06,3e-06,3e-06,3e-06,3e-06,3e-06,3e-06,3e-06,3e-06,3e-06,3e-06,5.6e-05,0.000371,0.001077,0.000261,0.001752,0.001915,0.002501,0.001948,0.001837,0.00182,0.0024,0.002048,0.001813,0.001584,0.002054,0.003188,0.002059,0.000299,1.1e-05,3e-06,3e-06,3e-06,3e-06,3e-06,3e-06,3e-06,3e-06,3e-06,3e-06,3e-06,3e-06,3e-06,3e-06,3e-06,3e-06,3e-06,3e-06,3e-06,3e-06,3e-06,3e-06,3e-06,3e-06,3e-06,3e-06,3e-06,3e-06,3e-06,3e-06,3e-06,3e-06,3e-06,3e-06,3e-06,3e-06,3e-06,3e-06,3e-06,3e-06,3e-06,3e-06,3e-06,3e-06,3e-06,3e-06,3e-06,3e-06,3e-06,3e-06,3e-06,3e-06,3e-06,3e-06,3e-06,3e-06,3e-06,3e-06,3e-06,3e-06,3e-06,3e-06,3e-06,3e-06,3e-06],[0.001377,0.001106,0.001169,0.002691,0.004695,0.003572,0.004096,0.003455,0.005109,0.006701,0.005255,0.005402,0.006475,0.005614,0.005279,0.005067,0.006995,0.009776,0.009875,0.011498,0.009703,0.008972,0.009022,0.00943,0.009721,0.009953,0.010741,0.009817,0.008345,0.00652,0.006281,0.004957,0.005839,0.006171,0.006122,0.010072,0.013865,0.014818,0.014078,0.017218,0.020869,0.017762,0.011298,0.017097,0.021161,0.01903,0.020413,0.016446,0.013839,0.017843,0.01675,0.018366,0.018473,0.016478,0.017836,0.015734,0.015656,0.014175,0.013689,0.013371,0.004712,0.004997,0.00773,0.007916,0.011858,0.01259,0.011855,0.012643,0.012353,0.011902,0.013772,0.011383,0.011994,0.012686,0.012959,0.010963,0.010077,0.010775,0.008585,0.004309,0.003838,0.00131,0.001312,0.0051,0.006186,0.006828,0.006608,0.00785,0.006346,0.008106,0.007403,0.006813,0.007131,0.006869,0.006127,0.005718,0.00648,0.006873,0.006531,0.006905,0.006197,0.004831,0.003653,0.003515,0.001298,0.003677,2e-06,2e-06,2e-06,2e-06,2e-06,2e-06,2e-06,2e-06,2e-06,1e-05,6e-06,8e-06,2.1e-05,0.000435,0.001178,0.001022,0.000739,0.000657,0.000657,0.000903,0.000531,0.001166,0.001243,0.001457,0.0012,0.001125,0.001179,0.001237,0.000694,0.000456,0.000399,0.000352,0.000394,1.6e-05,8e-06,7e-06,3.5e-05,3e-06,2e-06,2e-06,2e-06,2e-06,2e-06,2e-06,2e-06,2e-06,2e-06,2e-06,2e-06,2e-06,2e-06,2e-06,2e-06,2e-06,2e-06,2e-06,2e-06,2e-06,2e-06,2e-06,3e-06,3e-06,2e-06,2e-06,2e-06,2e-06,2e-06,2e-06,2e-06,2e-06,2e-06,2e-06,2e-06,2e-06,2e-06,2e-06,2e-06,2e-06,2e-06,2e-06,2e-06,2e-06,2e-06,2e-06,2e-06,2e-06,2e-06,2e-06,2e-06,2e-06,2e-06,2e-06,2e-06,2e-06,2e-06,2e-06,2e-06,2e-06],[0.003225,0.001874,0.001884,0.004314,0.004115,0.003549,0.004804,0.003709,0.003943,0.004441,0.004397,0.004626,0.003938,0.00363,0.004244,0.003924,0.004534,0.004678,0.004155,0.005591,0.004659,0.004465,0.004558,0.003917,0.004242,0.002221,0.002234,0.001859,0.002163,0.001704,0.001812,0.002058,0.001863,0.001784,0.00204,0.001521,0.003145,0.00426,0.00666,0.018133,0.021905,0.032961,0.018614,0.030489,0.030475,0.02587,0.022734,0.025115,0.022277,0.025765,0.021772,0.020998,0.022575,0.022909,0.021106,0.026793,0.01929,0.014891,0.01792,0.019926,0.006114,0.005194,0.006238,0.007974,0.012112,0.011976,0.013642,0.014617,0.013647,0.012582,0.015607,0.015877,0.014207,0.014094,0.013253,0.013744,0.014989,0.011353,0.007859,0.005575,0.00186,0.00326,0.001675,0.005167,0.005502,0.005829,0.00664,0.007165,0.006351,0.006191,0.005476,0.005947,0.007205,0.006647,0.004911,0.002675,0.007025,0.004515,0.005584,0.007024,0.004639,0.004485,0.003488,0.001986,0.001947,0.000278,2e-06,2e-06,2e-06,2e-06,2e-06,2e-06,2e-06,2e-06,2e-06,2e-06,2e-06,2e-06,2e-06,3e-06,3.5e-05,0.000145,0.000348,0.000165,0.001182,0.002115,0.001426,0.002143,0.002235,0.002276,0.001832,0.001815,0.002177,0.002561,0.002458,0.001776,0.001557,0.000164,1e-05,2e-06,2e-06,2e-06,2e-06,2e-06,2e-06,2e-06,2e-06,2e-06,2e-06,2e-06,2e-06,2e-06,2e-06,2e-06,2e-06,2e-06,2e-06,2e-06,2e-06,2e-06,2e-06,2e-06,2e-06,2e-06,2e-06,2e-06,2e-06,2e-06,2e-06,2e-06,2e-06,2e-06,2e-06,2e-06,2e-06,2e-06,2e-06,2e-06,2e-06,2e-06,2e-06,2e-06,2e-06,2e-06,2e-06,2e-06,2e-06,2e-06,2e-06,2e-06,2e-06,2e-06,2e-06,2e-06,2e-06,2e-06,2e-06,2e-06,2e-06,2e-06,2e-06,2e-06,2e-06,2e-06],[0.002365,0.001761,0.001859,0.003591,0.003342,0.009915,0.006071,0.007163,0.004333,0.003667,0.003515,0.005392,0.005131,0.006806,0.008558,0.006485,0.009368,0.009974,0.009243,0.008012,0.008469,0.008033,0.00739,0.00783,0.006501,0.007187,0.007277,0.006119,0.005348,0.005423,0.006085,0.00378,0.005741,0.004234,0.005288,0.006376,0.008397,0.009387,0.011106,0.014187,0.016537,0.015181,0.013116,0.014734,0.016791,0.016024,0.015578,0.01552,0.012151,0.016171,0.016362,0.016184,0.01624,0.015881,0.016758,0.015844,0.01099,0.012536,0.013514,0.012208,0.00288,0.006189,0.010319,0.004921,0.011802,0.010868,0.009568,0.008866,0.010213,0.010034,0.009108,0.009506,0.009206,0.009999,0.011859,0.010465,0.011248,0.010006,0.005305,0.002643,0.003222,0.001802,0.001861,0.002491,0.00424,0.003846,0.003503,0.004196,0.003684,0.003978,0.004868,0.006852,0.007719,0.005318,0.003434,0.004008,0.003791,0.003852,0.003237,0.002792,0.003651,0.003628,0.006963,0.004015,0.001781,0.003841,3e-06,3e-06,3e-06,3e-06,3e-06,0.008556,0.003843,0.000825,0.000175,8.9e-05,0.000157,0.000764,0.006832,0.007903,0.009638,0.010396,0.008532,0.00157,0.004133,0.004804,0.00204,0.002662,0.004347,0.002261,0.001431,0.002143,0.002136,0.001979,0.001835,0.001906,0.001571,0.001157,0.000506,0.000162,0.000139,0.00016,4.4e-05,1.5e-05,0.006553,3e-06,3e-06,3e-06,3e-06,3e-06,0.003285,0.000139,3e-06,3e-06,3e-06,1.8e-05,1e-05,3e-05,2.6e-05,0.004437,0.000112,4e-05,4.9e-05,5.1e-05,7.4e-05,0.000171,0.000135,4.4e-05,8.5e-05,1.6e-05,3.2e-05,2.8e-05,9e-06,1.5e-05,6e-06,7e-06,1e-05,5e-06,8e-06,0.000158,0.000724,0.002018,0.006283,0.008172,0.006885,0.0104,0.009774,0.006264,3.4e-05,0.002473,1.8e-05,3e-06,3e-06,3e-06,3e-06,3e-06,3e-06,3e-06,3e-06,3e-06,3e-06,3e-06,3e-06,3e-06],[0.002849,0.002743,0.002595,0.005994,0.005455,0.005449,0.005367,0.007666,0.009679,0.01002,0.010218,0.010297,0.009414,0.010095,0.010352,0.010271,0.009988,0.01002,0.010635,0.011108,0.011085,0.01129,0.011603,0.01156,0.012138,0.011992,0.011968,0.012449,0.012688,0.012638,0.013103,0.013717,0.013001,0.013504,0.012553,0.011931,0.01122,0.010992,0.008825,0.008454,0.008308,0.009034,0.004649,0.008191,0.008463,0.008241,0.008313,0.007974,0.006831,0.006529,0.007471,0.007564,0.007489,0.007606,0.007255,0.007563,0.006346,0.005343,0.005061,0.005481,0.001926,0.002184,0.002744,0.005293,0.005745,0.006207,0.007552,0.007717,0.007148,0.007058,0.007207,0.006758,0.00667,0.006402,0.00574,0.006263,0.00599,0.005079,0.005029,0.002102,0.002855,0.002775,0.002659,0.002139,0.005831,0.005884,0.00606,0.005618,0.00596,0.005706,0.005729,0.005613,0.005306,0.00546,0.006095,0.005917,0.005766,0.005936,0.006172,0.006199,0.005966,0.006078,0.004737,0.002896,0.002606,0.002747,1e-06,1e-06,1e-06,1e-06,1e-06,3e-06,1e-06,1e-06,0.004548,0.00329,0.003163,0.00319,0.003613,0.003747,0.003455,0.003174,0.002849,0.002782,0.002607,0.002599,0.002582,0.002545,0.002503,0.002611,0.002715,0.002517,0.002514,0.002555,0.002616,0.002618,0.002731,0.002876,0.003056,0.003171,0.003227,0.003269,0.003665,0.00502,0.001815,1e-06,1e-06,1e-06,1e-06,1e-06,1e-06,0.004644,0.005422,1e-06,1e-06,1e-06,0.004956,0.004056,0.005086,0.002599,0.004769,0.004216,0.003691,0.003526,0.003441,0.003427,0.003344,0.003375,0.003552,0.003876,0.004114,0.004255,0.004527,0.005296,0.004908,0.004799,0.005034,0.005463,0.005428,0.004596,0.004206,0.003575,0.001984,0.001354,0.001784,6.1e-05,0.000826,1e-06,1e-06,1e-06,1e-06,1e-06,1e-06,1e-06,1e-06,1e-06,1e-06,1e-06,1e-06,1e-06,1e-06,1e-06,1e-06,1e-06],[0.000559,0.003363,0.003694,0.002515,0.006546,0.007048,0.006944,0.0075,0.006869,0.006142,0.00836,0.00702,0.006297,0.007287,0.008205,0.007948,0.006908,0.006555,0.003829,0.006582,0.004983,0.005858,0.005053,0.005075,0.004966,0.005258,0.004698,0.004456,0.004588,0.002809,0.003083,0.00393,0.003354,0.003157,0.0024,0.00429,0.006257,0.009095,0.011673,0.014408,0.018522,0.013434,0.011064,0.01878,0.014383,0.018406,0.017371,0.017905,0.017044,0.019448,0.018792,0.015506,0.018578,0.020768,0.020478,0.022494,0.016759,0.016028,0.014484,0.015093,0.007056,0.00702,0.007673,0.008796,0.009523,0.011706,0.012037,0.012159,0.012725,0.01042,0.011695,0.015791,0.011421,0.013897,0.013853,0.013269,0.012052,0.009319,0.009881,0.003102,0.003711,0.003822,0.003753,0.002348,0.006755,0.005448,0.008012,0.005971,0.007915,0.006089,0.006515,0.007233,0.006837,0.006118,0.007239,0.007196,0.006253,0.00702,0.006964,0.007409,0.007562,0.006493,0.004192,0.003792,0.004174,1e-05,3e-06,3e-06,3e-06,3e-06,3e-06,3e-06,3e-06,3e-06,3e-06,3e-06,3e-06,3e-06,3e-06,5e-05,0.002374,0.004682,0.004123,0.003021,0.004167,0.003374,0.004352,0.004352,0.003778,0.003322,0.003238,0.003733,0.004082,0.003772,0.003614,0.003222,0.002099,0.001245,4.9e-05,3e-06,3e-06,3e-06,3e-06,3e-06,3e-06,3e-06,3e-06,3e-06,3e-06,3e-06,3e-06,3e-06,3e-06,3e-06,3e-06,3e-06,3e-06,3e-06,3e-06,3e-06,3e-06,3e-06,3e-06,3e-06,3e-06,3e-06,3e-06,3e-06,3e-06,3e-06,3e-06,3e-06,3e-06,3e-06,3e-06,3e-06,3e-06,3e-06,3e-06,3e-06,3e-06,3e-06,3e-06,3e-06,3e-06,3e-06,3e-06,3e-06,3e-06,3e-06,3e-06,3e-06,3e-06,3e-06,3e-06,3e-06,3e-06,3e-06,3e-06,3e-06,3e-06,3e-06,3e-06,3e-06],[0.00174,0.00377,0.003847,0.007307,0.008121,0.008198,0.008359,0.00794,0.008859,0.00946,0.009519,0.009381,0.008891,0.009088,0.0094,0.009304,0.010587,0.010876,0.010868,0.010923,0.011111,0.011269,0.011027,0.010868,0.010922,0.010316,0.009826,0.009978,0.010147,0.010006,0.010586,0.010669,0.010488,0.010304,0.009736,0.009386,0.009506,0.010235,0.009586,0.009464,0.010212,0.009909,0.006085,0.009121,0.009668,0.009537,0.009092,0.009313,0.009319,0.009531,0.009452,0.009315,0.009095,0.009217,0.00929,0.009462,0.00839,0.008089,0.0072,0.007891,0.004412,0.004367,0.003952,0.005013,0.007417,0.008409,0.009093,0.008873,0.009096,0.009103,0.0084,0.008923,0.008363,0.008002,0.008223,0.008076,0.008114,0.006599,0.005154,0.004336,6.8e-05,0.003303,0.003687,0.004516,0.004171,0.004908,0.004838,0.005397,0.005051,0.005315,0.005903,0.006644,0.006767,0.006045,0.004855,0.004306,0.005439,0.004149,0.004794,0.004945,0.005195,0.00448,0.004203,0.00435,0.003872,0.000445,1e-06,1e-06,1e-06,1e-06,1e-06,1e-06,1e-06,1e-06,1.2e-05,0.005415,0.004812,0.004712,0.004247,0.004024,0.003698,0.003754,0.00374,0.003993,0.003954,0.003863,0.00399,0.003924,0.003901,0.003851,0.003799,0.003901,0.003904,0.003893,0.003952,0.003976,0.003981,0.004021,0.00445,0.004844,0.005046,0.005191,0.004793,0.001294,1e-06,1e-06,1e-06,1e-06,1e-06,1e-06,1e-06,2e-06,6.2e-05,1e-06,1e-06,1e-06,0.001417,0.003889,1.1e-05,1e-06,3e-06,0.003407,0.005009,0.005545,0.005811,0.005785,0.006097,0.00607,0.005437,0.004454,0.003724,0.003317,0.002577,0.000692,0.001609,0.00188,0.001292,0.000234,6.4e-05,2e-06,1e-06,1e-06,1e-06,1e-06,1e-06,1e-06,1e-06,1e-06,1e-06,1e-06,1e-06,1e-06,1e-06,1e-06,1e-06,1e-06,1e-06,1e-06,1e-06,1e-06,1e-06,1e-06,1e-06,1e-06],[0.001002,0.003057,0.003985,0.003605,0.007993,0.008091,0.008275,0.008123,0.007902,0.007862,0.007762,0.007838,0.008099,0.007996,0.007815,0.007785,0.007903,0.007776,0.008183,0.007841,0.008343,0.008263,0.008292,0.008134,0.008336,0.008363,0.008712,0.008886,0.009217,0.009629,0.009669,0.009597,0.009638,0.009499,0.009495,0.009108,0.01192,0.01117,0.009628,0.01133,0.010727,0.012155,0.007358,0.01033,0.01225,0.011464,0.011299,0.011597,0.010531,0.010816,0.010979,0.011979,0.011295,0.011697,0.012088,0.011817,0.010431,0.008615,0.007799,0.008583,0.005209,0.006291,0.006076,0.006099,0.009147,0.009467,0.012185,0.012371,0.012458,0.012655,0.012317,0.011536,0.011797,0.010714,0.00944,0.009273,0.009163,0.009272,0.006922,0.003141,0.003265,0.003487,0.0037,0.003457,0.00703,0.007238,0.006825,0.007025,0.006794,0.006973,0.006954,0.006927,0.006979,0.007049,0.006926,0.007111,0.007152,0.007162,0.007164,0.007046,0.007072,0.007271,0.005848,0.003986,0.003944,0.000321,1e-06,1e-06,1e-06,1e-06,1e-06,1e-06,1e-06,1e-06,1e-06,0.002312,0.004954,0.005551,0.005937,0.006432,0.00496,0.00438,0.004428,0.004661,0.004225,0.004157,0.004161,0.003959,0.004045,0.004084,0.004104,0.003998,0.003954,0.004023,0.004221,0.004413,0.0045,0.00455,0.005285,0.00476,0.00378,0.003002,0.000891,2e-06,1e-06,1e-06,1e-06,1e-06,1e-06,1e-06,1e-06,1e-06,1e-06,1e-06,1e-06,1e-06,2e-06,2e-06,1e-06,1e-06,1e-06,2e-06,2e-06,2e-06,2e-06,2e-06,3e-06,4e-06,2e-06,2e-06,2e-06,2e-06,2e-06,2e-06,1e-06,2e-06,1e-06,1e-06,1e-06,1e-06,1e-06,1e-06,1e-06,1e-06,1e-06,1e-06,1e-06,1e-06,1e-06,1e-06,1e-06,1e-06,1e-06,1e-06,1e-06,1e-06,1e-06,1e-06,1e-06,1e-06,1e-06,1e-06,1e-06,1e-06],[0.000372,0.002553,0.003847,0.002551,0.004464,0.005247,0.004291,0.005866,0.00564,0.006914,0.005363,0.005612,0.003926,0.004192,0.005447,0.005333,0.006173,0.005652,0.006055,0.004172,0.00547,0.005446,0.006052,0.003529,0.003613,0.00393,0.003832,0.00377,0.002705,0.002966,0.003349,0.002816,0.003259,0.003117,0.003695,0.003382,0.007033,0.010946,0.014808,0.019024,0.018825,0.023768,0.01537,0.025329,0.022101,0.021274,0.02377,0.022576,0.018124,0.012245,0.033661,0.029667,0.018838,0.01963,0.016268,0.013787,0.018735,0.017691,0.013403,0.012244,0.007829,0.006831,0.006731,0.006371,0.01038,0.012914,0.016552,0.014287,0.011171,0.013636,0.013535,0.01449,0.016838,0.013012,0.01341,0.017624,0.012769,0.011723,0.008889,0.005131,0.003222,0.002841,0.003637,0.002939,0.005081,0.005694,0.004337,0.006383,0.004249,0.005563,0.006041,0.006599,0.008693,0.006759,0.005882,0.007755,0.00597,0.00557,0.0058,0.004566,0.005564,0.005848,0.004095,0.002245,0.002535,7e-05,3e-06,3e-06,3e-06,3e-06,3e-06,3e-06,3e-06,3e-06,3e-06,3e-06,3e-06,3e-06,3e-06,4e-06,0.000173,0.000551,0.001072,0.000321,0.002537,0.003042,0.002011,0.002205,0.00335,0.001978,0.002625,0.002712,0.002712,0.003018,0.00212,0.001546,0.001624,0.000349,9e-06,3e-06,3e-06,3e-06,3e-06,3e-06,3e-06,3e-06,3e-06,3e-06,3e-06,3e-06,3e-06,3e-06,3e-06,3e-06,3e-06,3e-06,3e-06,3e-06,3e-06,3e-06,3e-06,3e-06,3e-06,3e-06,3e-06,3e-06,3e-06,3e-06,3e-06,3e-06,3e-06,3e-06,3e-06,3e-06,3e-06,3e-06,3e-06,3e-06,3e-06,3e-06,3e-06,3e-06,3e-06,3e-06,3e-06,3e-06,3e-06,3e-06,3e-06,3e-06,3e-06,3e-06,3e-06,3e-06,3e-06,3e-06,3e-06,3e-06,3e-06,3e-06,3e-06,3e-06,3e-06,3e-06],[0.00016,0.001886,0.000612,0.004493,0.002692,0.004956,0.006599,0.0055,0.006206,0.006345,0.002065,0.004446,0.005112,0.006625,0.004553,0.005152,0.004661,0.005176,0.005305,0.005562,0.003155,0.006376,0.00431,0.005167,0.006655,0.00543,0.002446,0.001011,0.00258,0.002595,0.002779,0.003123,0.003751,0.002045,0.001969,0.00347,0.006161,0.008706,0.015052,0.017011,0.025884,0.024391,0.011785,0.019824,0.019668,0.027278,0.018846,0.022899,0.016941,0.013622,0.022225,0.02237,0.028246,0.015537,0.031075,0.01994,0.022502,0.016435,0.010935,0.019443,0.007764,0.005101,0.007306,0.007842,0.008552,0.01106,0.019835,0.016977,0.015633,0.018811,0.018685,0.012961,0.021413,0.014018,0.013698,0.008808,0.011156,0.010674,0.010427,0.002312,0.000711,0.003239,0.002728,0.005415,0.00527,0.00766,0.007406,0.009502,0.00512,0.003032,0.005657,0.006197,0.007288,0.005829,0.006931,0.004205,0.006266,0.004643,0.004824,0.006396,0.007408,0.003413,0.003961,0.000729,0.00163,0.000139,0.000125,0.000125,0.000125,0.000125,0.000125,0.000126,0.000126,0.000126,0.000127,0.000128,0.000128,0.000128,0.000128,0.000129,0.000132,0.000816,0.000842,0.0002,0.001043,0.001097,0.001436,0.000222,0.001375,0.000957,0.00223,0.000482,0.001805,0.002347,0.002495,0.000947,0.000919,0.000146,0.000131,0.000128,0.000128,0.000128,0.000128,0.000128,0.000127,0.000125,0.000125,0.000125,0.000125,0.000125,0.000126,0.000127,0.000127,0.000125,0.000125,0.000126,0.000127,0.000127,0.000127,0.000127,0.000127,0.000127,0.000127,0.000128,0.000128,0.000128,0.000128,0.000128,0.000128,0.000127,0.000127,0.000127,0.000127,0.000127,0.000127,0.000127,0.000127,0.000127,0.000127,0.000127,0.000127,0.000127,0.000127,0.000127,0.000127,0.000126,0.000126,0.000126,0.000126,0.000126,0.000126,0.000125,0.000125,0.000125,0.000125,0.000125,0.000125,0.000125,0.000125,0.000125,0.000125,0.000125,0.000125,0.000125]],"topic_distance_cosine":[[1.0,0.973958,0.973674,0.952727,0.975941,0.907929,0.708881,0.972017,0.799501,0.882018,0.962713,0.970939],[0.973958,1.0,0.970187,0.940887,0.976137,0.902741,0.682819,0.948835,0.77331,0.861006,0.969238,0.960826],[0.973674,0.970187,1.0,0.935218,0.973538,0.890485,0.646531,0.957705,0.742958,0.832997,0.963513,0.963272],[0.952727,0.940887,0.935218,1.0,0.929273,0.929572,0.816505,0.957269,0.873653,0.930431,0.946063,0.941557],[0.975941,0.976137,0.973538,0.929273,1.0,0.885947,0.646118,0.950072,0.741442,0.826024,0.958303,0.956628],[0.907929,0.902741,0.890485,0.929572,0.885947,1.0,0.787181,0.925637,0.851075,0.901876,0.900906,0.888526],[0.708881,0.682819,0.646531,0.816505,0.646118,0.787181,1.0,0.758127,0.953167,0.904269,0.701161,0.685588],[0.972017,0.948835,0.957705,0.957269,0.950072,0.925637,0.758127,1.0,0.843757,0.917593,0.955026,0.951336],[0.799501,0.77331,0.742958,0.873653,0.741442,0.851075,0.953167,0.843757,1.0,0.95459,0.788127,0.77332],[0.882018,0.861006,0.832997,0.930431,0.826024,0.901876,0.904269,0.917593,0.95459,1.0,0.868563,0.857939],[0.962713,0.969238,0.963513,0.946063,0.958303,0.900906,0.701161,0.955026,0.788127,0.868563,1.0,0.957857],[0.970939,0.960826,0.963272,0.941557,0.956628,0.888526,0.685588,0.951336,0.77332,0.857939,0.957857,1.0]],"topic_distance_js":[[0.0,0.019376,0.011897,0.024052,0.010553,0.063734,0.135433,0.011582,0.096158,0.053374,0.009136,0.016845],[0.019376,0.0,0.015127,0.02844,0.015653,0.059977,0.140869,0.019955,0.102096,0.057462,0.016641,0.02351],[0.011897,0.015127,0.0,0.032506,0.007552,0.07309,0.162082,0.021271,0.120961,0.074828,0.012202,0.017277],[0.024052,0.02844,0.032506,0.0,0.03134,0.053001,0.101634,0.023174,0.076218,0.040315,0.021556,0.027876],[0.010553,0.015653,0.007552,0.03134,0.0,0.073706,0.16067,0.023116,0.119783,0.076382,0.013427,0.017695],[0.063734,0.059977,0.07309,0.053001,0.073706,0.0,0.103168,0.052096,0.087812,0.056747,0.061551,0.067718],[0.135433,0.140869,0.162082,0.101634,0.16067,0.103168,0.0,0.114308,0.032232,0.064573,0.134937,0.138362],[0.011582,0.019955,0.021271,0.023174,0.023116,0.052096,0.114308,0.0,0.076506,0.035214,0.014088,0.025853],[0.096158,0.102096,0.120961,0.076218,0.119783,0.087812,0.032232,0.076506,0.0,0.032628,0.096771,0.104664],[0.053374,0.057462,0.074828,0.040315,0.076382,0.056747,0.064573,0.035214,0.032628,0.0,0.054037,0.067134],[0.009136,0.016641,0.012202,0.021556,0.013427,0.061551,0.134937,0.014088,0.096771,0.054037,0.0,0.01696],[0.016845,0.02351,0.017277,0.027876,0.017695,0.067718,0.138362,0.025853,0.104664,0.067134,0.01696,0.0]],"topic_distance_hellinger":[[0.0,0.146877,0.109634,0.158224,0.103238,0.28164,0.400521,0.110437,0.336866,0.24651,0.095816,0.133593],[0.146877,0.0,0.127969,0.171603,0.131888,0.270569,0.406575,0.144028,0.344162,0.251661,0.133832,0.160101],[0.109634,0.127969,0.0,0.183491,0.08711,0.297157,0.434313,0.147757,0.37311,0.287474,0.110874,0.134586],[0.158224,0.171603,0.183491,0.0,0.179736,0.256641,0.351207,0.155282,0.301712,0.212254,0.14881,0.170942],[0.103238,0.131888,0.08711,0.179736,0.0,0.29921,0.432546,0.154859,0.371525,0.290642,0.11656,0.136452],[0.28164,0.270569,0.297157,0.256641,0.29921,0.0,0.347271,0.255649,0.327635,0.263562,0.275683,0.275849],[0.400521,0.406575,0.434313,0.351207,0.432546,0.347271,0.0,0.370796,0.197758,0.28868,0.398759,0.388117],[0.110437,0.144028,0.147757,0.155282,0.154859,0.255649,0.370796,0.0,0.303434,0.201369,0.119861,0.165039],[0.336866,0.344162,0.37311,0.301712,0.371525,0.327635,0.197758,0.303434,0.0,0.20539,0.336615,0.337277],[0.24651,0.251661,0.287474,0.212254,0.290642,0.263562,0.28868,0.201369,0.20539,0.0,0.246135,0.268712],[0.095816,0.133832,0.110874,0.14881,0.11656,0.275683,0.398759,0.119861,0.336615,0.246135,0.0,0.133239],[0.133593,0.160101,0.134586,0.170942,0.136452,0.275849,0.388117,0.165039,0.337277,0.268712,0.133239,0.0]],"topic_word_jaccard_top15":[[1.0,0.666667,0.764706,0.875,0.875,0.875,0.0,0.578947,0.0,0.363636,0.578947,0.578947],[0.666667,1.0,0.666667,0.666667,0.764706,0.666667,0.0,0.5,0.0,0.304348,0.666667,0.578947],[0.764706,0.666667,1.0,0.764706,0.875,0.764706,0.0,0.764706,0.0,0.25,0.666667,0.578947],[0.875,0.666667,0.764706,1.0,0.875,1.0,0.0,0.578947,0.0,0.304348,0.666667,0.578947],[0.875,0.764706,0.875,0.875,1.0,0.875,0.0,0.666667,0.0,0.304348,0.666667,0.578947],[0.875,0.666667,0.764706,1.0,0.875,1.0,0.0,0.578947,0.0,0.304348,0.666667,0.578947],[0.0,0.0,0.0,0.0,0.0,0.0,1.0,0.0,0.428571,0.0,0.0,0.0],[0.578947,0.5,0.764706,0.578947,0.666667,0.578947,0.0,1.0,0.0,0.2,0.578947,0.428571],[0.0,0.0,0.0,0.0,0.0,0.0,0.428571,0.0,1.0,0.0,0.0,0.0],[0.363636,0.304348,0.25,0.304348,0.304348,0.304348,0.0,0.2,0.0,1.0,0.2,0.363636],[0.578947,0.666667,0.666667,0.666667,0.666667,0.666667,0.0,0.578947,0.0,0.2,1.0,0.5],[0.578947,0.578947,0.578947,0.578947,0.578947,0.578947,0.0,0.428571,0.0,0.363636,0.5,1.0]],"topic_intertopic_2d_js":[[0.047493,0.076448],[-0.04504,0.128837],[0.095324,0.120737],[0.033578,-0.041515],[0.050905,0.148915],[0.143974,-0.133676],[-0.101424,-0.271824],[-0.024909,0.031067],[-0.177194,-0.153318],[-0.148178,-0.039637],[0.006834,0.091158],[0.118636,0.042809]],"topic_intertopic_3d_js":[[0.080348,0.043508,-0.047169],[0.072032,-0.099874,-0.043072],[0.138612,-0.009441,0.005909],[0.011449,-0.062006,0.069665],[0.143325,-0.034789,-0.029223],[-0.13284,-0.13502,-0.027853],[-0.207291,0.051606,0.190349],[0.004859,-0.009796,-0.065984],[-0.169865,0.152349,0.043327],[-0.125066,0.065263,-0.07347],[0.078008,-0.008319,-0.076719],[0.106429,0.046521,0.054239]],"top_words_per_topic":{"lambda_0.0":[[{"token":"2376nm","p_w_given_topic":3e-06,"p_w_global":0.0,"lift":2767100.5,"relevance":14.833311},{"token":"2500nm","p_w_given_topic":3e-06,"p_w_global":0.0,"lift":2767098.0,"relevance":14.83331},{"token":"2428nm","p_w_given_topic":3e-06,"p_w_global":0.0,"lift":2767098.75,"relevance":14.83331},{"token":"2469nm","p_w_given_topic":3e-06,"p_w_global":0.0,"lift":2767098.0,"relevance":14.83331},{"token":"2397nm","p_w_given_topic":3e-06,"p_w_global":0.0,"lift":2767098.75,"relevance":14.83331},{"token":"2386nm","p_w_given_topic":3e-06,"p_w_global":0.0,"lift":2767099.0,"relevance":14.83331},{"token":"1921nm","p_w_given_topic":3e-06,"p_w_global":0.0,"lift":2767098.75,"relevance":14.83331},{"token":"1910nm","p_w_given_topic":3e-06,"p_w_global":0.0,"lift":2767098.25,"relevance":14.83331},{"token":"1983nm","p_w_given_topic":3e-06,"p_w_global":0.0,"lift":2767099.0,"relevance":14.83331},{"token":"1993nm","p_w_given_topic":3e-06,"p_w_global":0.0,"lift":2767099.0,"relevance":14.83331},{"token":"2448nm","p_w_given_topic":3e-06,"p_w_global":0.0,"lift":2767098.0,"relevance":14.83331},{"token":"1507nm","p_w_given_topic":3e-06,"p_w_global":0.0,"lift":2767099.25,"relevance":14.83331},{"token":"1517nm","p_w_given_topic":3e-06,"p_w_global":0.0,"lift":2767098.5,"relevance":14.83331},{"token":"2407nm","p_w_given_topic":3e-06,"p_w_global":0.0,"lift":2767097.5,"relevance":14.833309},{"token":"2417nm","p_w_given_topic":3e-06,"p_w_global":0.0,"lift":2767097.25,"relevance":14.833309},{"token":"2438nm","p_w_given_topic":3e-06,"p_w_global":0.0,"lift":2767097.5,"relevance":14.833309},{"token":"2490nm","p_w_given_topic":3e-06,"p_w_global":0.0,"lift":2767097.5,"relevance":14.833309},{"token":"1900nm","p_w_given_topic":3e-06,"p_w_global":0.0,"lift":2767097.5,"relevance":14.833309},{"token":"2459nm","p_w_given_topic":3e-06,"p_w_global":0.0,"lift":2767097.5,"relevance":14.833309},{"token":"1941nm","p_w_given_topic":3e-06,"p_w_global":0.0,"lift":2767097.5,"relevance":14.833309},{"token":"1528nm","p_w_given_topic":3e-06,"p_w_global":0.0,"lift":2767097.5,"relevance":14.833309},{"token":"1538nm","p_w_given_topic":3e-06,"p_w_global":0.0,"lift":2767097.25,"relevance":14.833309},{"token":"1931nm","p_w_given_topic":3e-06,"p_w_global":0.0,"lift":2767097.5,"relevance":14.833309},{"token":"1497nm","p_w_given_topic":3e-06,"p_w_global":0.0,"lift":2767097.5,"relevance":14.833309},{"token":"2479nm","p_w_given_topic":3e-06,"p_w_global":0.0,"lift":2767097.5,"relevance":14.833309},{"token":"2003nm","p_w_given_topic":3e-06,"p_w_global":1e-06,"lift":3.441031,"relevance":1.235771},{"token":"2366nm","p_w_given_topic":3e-06,"p_w_global":1e-06,"lift":3.441031,"relevance":1.235771},{"token":"2345nm","p_w_given_topic":3e-06,"p_w_global":2e-06,"lift":1.720464,"relevance":0.542594},{"token":"0824nm","p_w_given_topic":0.027098,"p_w_global":0.015911,"lift":1.703027,"relevance":0.532407},{"token":"1734nm","p_w_given_topic":0.004774,"p_w_global":0.002858,"lift":1.670544,"relevance":0.51315}],[{"token":"1941nm","p_w_given_topic":3e-06,"p_w_global":0.0,"lift":2553521.25,"relevance":14.752984},{"token":"2490nm","p_w_given_topic":3e-06,"p_w_global":0.0,"lift":2553519.25,"relevance":14.752983},{"token":"2469nm","p_w_given_topic":3e-06,"p_w_global":0.0,"lift":2553519.5,"relevance":14.752983},{"token":"2479nm","p_w_given_topic":3e-06,"p_w_global":0.0,"lift":2553518.5,"relevance":14.752983},{"token":"2417nm","p_w_given_topic":3e-06,"p_w_global":0.0,"lift":2553519.5,"relevance":14.752983},{"token":"2448nm","p_w_given_topic":3e-06,"p_w_global":0.0,"lift":2553518.5,"relevance":14.752983},{"token":"2438nm","p_w_given_topic":3e-06,"p_w_global":0.0,"lift":2553518.5,"relevance":14.752983},{"token":"2428nm","p_w_given_topic":3e-06,"p_w_global":0.0,"lift":2553518.5,"relevance":14.752983},{"token":"2386nm","p_w_given_topic":3e-06,"p_w_global":0.0,"lift":2553519.5,"relevance":14.752983},{"token":"2407nm","p_w_given_topic":3e-06,"p_w_global":0.0,"lift":2553518.25,"relevance":14.752983},{"token":"2376nm","p_w_given_topic":3e-06,"p_w_global":0.0,"lift":2553519.75,"relevance":14.752983},{"token":"2459nm","p_w_given_topic":3e-06,"p_w_global":0.0,"lift":2553519.75,"relevance":14.752983},{"token":"1910nm","p_w_given_topic":3e-06,"p_w_global":0.0,"lift":2553519.5,"relevance":14.752983},{"token":"1921nm","p_w_given_topic":3e-06,"p_w_global":0.0,"lift":2553518.25,"relevance":14.752983},{"token":"1900nm","p_w_given_topic":3e-06,"p_w_global":0.0,"lift":2553518.25,"relevance":14.752983},{"token":"1931nm","p_w_given_topic":3e-06,"p_w_global":0.0,"lift":2553519.25,"relevance":14.752983},{"token":"1993nm","p_w_given_topic":3e-06,"p_w_global":0.0,"lift":2553518.75,"relevance":14.752983},{"token":"1538nm","p_w_given_topic":3e-06,"p_w_global":0.0,"lift":2553518.25,"relevance":14.752983},{"token":"1507nm","p_w_given_topic":3e-06,"p_w_global":0.0,"lift":2553518.75,"relevance":14.752983},{"token":"1517nm","p_w_given_topic":3e-06,"p_w_global":0.0,"lift":2553519.5,"relevance":14.752983},{"token":"1528nm","p_w_given_topic":3e-06,"p_w_global":0.0,"lift":2553517.5,"relevance":14.752982},{"token":"2500nm","p_w_given_topic":3e-06,"p_w_global":0.0,"lift":2553518.0,"relevance":14.752982},{"token":"2397nm","p_w_given_topic":3e-06,"p_w_global":0.0,"lift":2553518.0,"relevance":14.752982},{"token":"1497nm","p_w_given_topic":3e-06,"p_w_global":0.0,"lift":2553517.5,"relevance":14.752982},{"token":"1983nm","p_w_given_topic":3e-06,"p_w_global":0.0,"lift":2553518.0,"relevance":14.752982},{"token":"2003nm","p_w_given_topic":3e-06,"p_w_global":1e-06,"lift":3.175358,"relevance":1.15542},{"token":"2366nm","p_w_given_topic":3e-06,"p_w_global":1e-06,"lift":3.175358,"relevance":1.15542},{"token":"1486nm","p_w_given_topic":0.004393,"p_w_global":0.001576,"lift":2.788437,"relevance":1.025481},{"token":"1817nm","p_w_given_topic":0.006708,"p_w_global":0.002505,"lift":2.677615,"relevance":0.984926},{"token":"1672nm","p_w_given_topic":0.005555,"p_w_global":0.002549,"lift":2.179399,"relevance":0.779049}],[{"token":"2500nm","p_w_given_topic":3e-06,"p_w_global":0.0,"lift":2510734.25,"relevance":14.736086},{"token":"2490nm","p_w_given_topic":3e-06,"p_w_global":0.0,"lift":2510734.25,"relevance":14.736086},{"token":"2469nm","p_w_given_topic":3e-06,"p_w_global":0.0,"lift":2510733.5,"relevance":14.736086},{"token":"2448nm","p_w_given_topic":3e-06,"p_w_global":0.0,"lift":2510734.0,"relevance":14.736086},{"token":"2417nm","p_w_given_topic":3e-06,"p_w_global":0.0,"lift":2510734.25,"relevance":14.736086},{"token":"2438nm","p_w_given_topic":3e-06,"p_w_global":0.0,"lift":2510734.0,"relevance":14.736086},{"token":"1941nm","p_w_given_topic":3e-06,"p_w_global":0.0,"lift":2510734.25,"relevance":14.736086},{"token":"1931nm","p_w_given_topic":3e-06,"p_w_global":0.0,"lift":2510733.5,"relevance":14.736086},{"token":"1983nm","p_w_given_topic":3e-06,"p_w_global":0.0,"lift":2510735.25,"relevance":14.736086},{"token":"1900nm","p_w_given_topic":3e-06,"p_w_global":0.0,"lift":2510734.25,"relevance":14.736086},{"token":"1517nm","p_w_given_topic":3e-06,"p_w_global":0.0,"lift":2510733.75,"relevance":14.736086},{"token":"1507nm","p_w_given_topic":3e-06,"p_w_global":0.0,"lift":2510734.0,"relevance":14.736086},{"token":"1497nm","p_w_given_topic":3e-06,"p_w_global":0.0,"lift":2510733.5,"relevance":14.736086},{"token":"1528nm","p_w_given_topic":3e-06,"p_w_global":0.0,"lift":2510733.25,"relevance":14.736086},{"token":"1538nm","p_w_given_topic":3e-06,"p_w_global":0.0,"lift":2510734.25,"relevance":14.736086},{"token":"2407nm","p_w_given_topic":3e-06,"p_w_global":0.0,"lift":2510732.5,"relevance":14.736085},{"token":"2386nm","p_w_given_topic":3e-06,"p_w_global":0.0,"lift":2510732.75,"relevance":14.736085},{"token":"2397nm","p_w_given_topic":3e-06,"p_w_global":0.0,"lift":2510731.75,"relevance":14.736085},{"token":"1993nm","p_w_given_topic":3e-06,"p_w_global":0.0,"lift":2510733.0,"relevance":14.736085},{"token":"1921nm","p_w_given_topic":3e-06,"p_w_global":0.0,"lift":2510733.0,"relevance":14.736085},{"token":"2376nm","p_w_given_topic":3e-06,"p_w_global":0.0,"lift":2510733.0,"relevance":14.736085},{"token":"1910nm","p_w_given_topic":3e-06,"p_w_global":0.0,"lift":2510733.0,"relevance":14.736085},{"token":"2479nm","p_w_given_topic":3e-06,"p_w_global":0.0,"lift":2510731.75,"relevance":14.736085},{"token":"2428nm","p_w_given_topic":3e-06,"p_w_global":0.0,"lift":2510733.0,"relevance":14.736085},{"token":"2459nm","p_w_given_topic":3e-06,"p_w_global":0.0,"lift":2510732.75,"relevance":14.736085},{"token":"2366nm","p_w_given_topic":3e-06,"p_w_global":1e-06,"lift":3.122124,"relevance":1.138514},{"token":"2003nm","p_w_given_topic":3e-06,"p_w_global":1e-06,"lift":3.122123,"relevance":1.138513},{"token":"0959nm","p_w_given_topic":0.029129,"p_w_global":0.01439,"lift":2.024314,"relevance":0.705231},{"token":"0876nm","p_w_given_topic":0.029627,"p_w_global":0.01557,"lift":1.902861,"relevance":0.643359},{"token":"0814nm","p_w_given_topic":0.02742,"p_w_global":0.014899,"lift":1.840376,"relevance":0.60997}],[{"token":"2490nm","p_w_given_topic":2e-06,"p_w_global":0.0,"lift":2360472.5,"relevance":14.674373},{"token":"2479nm","p_w_given_topic":2e-06,"p_w_global":0.0,"lift":2360472.25,"relevance":14.674373},{"token":"2386nm","p_w_given_topic":2e-06,"p_w_global":0.0,"lift":2360472.25,"relevance":14.674373},{"token":"2459nm","p_w_given_topic":2e-06,"p_w_global":0.0,"lift":2360474.0,"relevance":14.674373},{"token":"2397nm","p_w_given_topic":2e-06,"p_w_global":0.0,"lift":2360472.25